Interval	Avg	Std	CI=0.95	Min	Median	Max
    0 --     1	1046.778	0.000	0.000	1046.778	1046.778	1046.778
    1 --     2	1046.778	0.000	0.000	1046.778	1046.778	1046.778
    2 --     3	1046.778	0.000	0.000	1046.778	1046.778	1046.778
    3 --     4	1046.778	0.000	0.000	1046.778	1046.778	1046.778
    4 --     5	1046.778	0.000	0.000	1046.778	1046.778	1046.778
    5 --     6	1046.778	0.000	0.000	1046.778	1046.778	1046.778
    6 --     7	1137.115	271.010	193.869	1046.778	1046.778	1950.145
    7 --     8	1859.808	271.010	193.869	1046.778	1950.145	1950.145
    8 --     9	1950.145	0.000	0.000	1950.145	1950.145	1950.145
    9 --    10	2144.439	582.883	416.970	1950.145	1950.145	3893.089
   10 --    11	2727.323	951.844	680.908	1950.145	1950.145	3893.089
   11 --    12	2921.617	971.472	694.949	1950.145	2921.617	3893.089
   12 --    13	2831.280	1092.119	781.255	1046.778	2921.617	3893.089
   13 --    14	3608.458	853.893	610.838	1046.778	3893.089	3893.089
   14 --    15	3608.458	853.893	610.838	1046.778	3893.089	3893.089
   15 --    16	3893.089	0.000	0.000	3893.089	3893.089	3893.089
   16 --    17	3608.458	853.893	610.838	1046.778	3893.089	3893.089
   17 --    18	3323.827	1138.524	814.451	1046.778	3893.089	3893.089
   18 --    19	3039.196	1304.344	933.071	1046.778	3893.089	3893.089
   19 --    20	3039.196	1304.344	933.071	1046.778	3893.089	3893.089
   20 --    21	2754.565	1394.402	997.495	1046.778	3893.089	3893.089
   21 --    22	2844.901	1307.383	935.246	1046.778	3893.089	3893.089
   22 --    23	3219.869	1054.481	754.330	1046.778	3893.089	3893.089
   23 --    24	2935.238	1207.404	863.725	1046.778	3893.089	3893.089
   24 --    25	2935.238	1207.404	863.725	1046.778	3893.089	3893.089
   25 --    26	2844.901	1307.383	935.246	1046.778	3893.089	3893.089
   26 --    27	2754.565	1394.402	997.495	1046.778	3893.089	3893.089
   27 --    28	2469.934	1423.156	1018.064	1046.778	2469.934	3893.089
   28 --    29	1900.671	1304.344	933.071	1046.778	1046.778	3893.089
   29 --    30	1331.409	853.893	610.838	1046.778	1046.778	3893.089
   30 --    31	1900.671	1304.344	933.071	1046.778	1046.778	3893.089
   31 --    32	1706.377	1125.537	805.161	1046.778	1046.778	3893.089
   32 --    33	1796.714	1105.038	790.496	1046.778	1046.778	3893.089
   33 --    34	1410.748	971.378	694.882	33.434	1046.778	3893.089
   34 --    35	2081.345	1234.233	882.917	1046.778	1498.461	3893.089
   35 --    36	1889.674	1379.952	987.158	33.434	1046.778	3893.089
   36 --    37	1692.756	848.110	606.701	1046.778	1498.461	3893.089
   37 --    38	1876.053	1166.926	834.769	33.434	1950.145	3893.089
   38 --    39	2158.060	935.410	669.152	1046.778	1950.145	3893.089
   39 --    40	2445.315	1309.124	936.491	33.434	1950.145	3893.089
   40 --    41	2636.986	1058.239	757.018	1046.778	1950.145	3893.089
   41 --    42	2174.305	1467.505	1049.790	33.434	1498.461	3893.089
   42 --    43	2844.901	1307.383	935.246	1046.778	3893.089	3893.089
   43 --    44	1514.706	1226.388	877.305	33.434	1046.778	3893.089
   44 --    45	1796.714	1105.038	790.496	1046.778	1046.778	3893.089
   45 --    46	1410.748	971.378	694.882	33.434	1046.778	3893.089
   46 --    47	1796.714	1105.038	790.496	1046.778	1046.778	3893.089
   47 --    48	1514.706	1226.388	877.305	33.434	1046.778	3893.089
   48 --    49	2185.302	1394.402	997.495	1046.778	1046.778	3893.089
   49 --    50	1230.075	937.677	670.773	33.434	1046.778	3893.089
   50 --    51	1796.714	1105.038	790.496	1046.778	1046.778	3893.089
   51 --    52	1785.716	1192.383	852.979	33.434	1498.461	3893.089
   52 --    53	1887.050	1076.597	770.151	1046.778	1498.461	3893.089
   53 --    54	1306.790	601.256	430.113	33.434	1046.778	1950.145
   54 --    55	2171.681	1187.375	849.397	1046.778	1950.145	3893.089
   55 --    56	2264.641	1422.429	1017.544	33.434	1950.145	3893.089
   56 --    57	2365.976	1289.778	922.651	1046.778	1950.145	3893.089
   57 --    58	1799.337	1402.422	1003.232	33.434	1046.778	3893.089
   58 --    59	1706.377	1125.537	805.161	1046.778	1046.778	3893.089
   59 --    60	1695.379	1210.584	866.000	33.434	1046.778	3893.089
   60 --    61	2365.976	1289.778	922.651	1046.778	1950.145	3893.089
   61 --    62	1785.716	1192.383	852.979	33.434	1498.461	3893.089
   62 --    63	2456.312	1224.185	875.729	1046.778	1950.145	3893.089
   63 --    64	1785.716	1192.383	852.979	33.434	1498.461	3893.089
   64 --    65	1991.008	1272.982	910.636	1046.778	1046.778	3893.089
   65 --    66	1799.337	1402.422	1003.232	33.434	1046.778	3893.089
   66 --    67	1900.671	1304.344	933.071	1046.778	1046.778	3893.089
   67 --    68	1605.043	1221.856	874.063	33.434	1046.778	3893.089
   68 --    69	1900.671	1304.344	933.071	1046.778	1046.778	3893.089
   69 --    70	1605.043	1221.856	874.063	33.434	1046.778	3893.089
   70 --    71	1796.714	1105.038	790.496	1046.778	1046.778	3893.089
   71 --    72	1785.716	1192.383	852.979	33.434	1498.461	3893.089
   72 --    73	1887.050	1076.597	770.151	1046.778	1498.461	3893.089
   73 --    74	1501.085	975.327	697.707	33.434	1046.778	3893.089
   74 --    75	2081.345	1234.233	882.917	1046.778	1498.461	3893.089
   75 --    76	1889.674	1379.952	987.158	33.434	1046.778	3893.089
   76 --    77	2365.976	1289.778	922.651	1046.778	1950.145	3893.089
   77 --    78	1980.010	1351.083	966.506	33.434	1498.461	3893.089
   78 --    79	2185.302	1394.402	997.495	1046.778	1046.778	3893.089
   79 --    80	1889.674	1379.952	987.158	33.434	1046.778	3893.089
   80 --    81	1796.714	1105.038	790.496	1046.778	1046.778	3893.089
   81 --    82	1410.748	971.378	694.882	33.434	1046.778	3893.089
   82 --    83	2262.018	1131.400	809.355	1046.778	1950.145	3893.089
   83 --    84	1785.716	1192.383	852.979	33.434	1498.461	3893.089
   84 --    85	2081.345	1234.233	882.917	1046.778	1498.461	3893.089
   85 --    86	2174.305	1467.505	1049.790	33.434	1498.461	3893.089
   86 --    87	1991.008	1272.982	910.636	1046.778	1046.778	3893.089
   87 --    88	1514.706	1226.388	877.305	33.434	1046.778	3893.089
   88 --    89	1616.040	1138.524	814.451	1046.778	1046.778	3893.089
   89 --    90	1605.043	1221.856	874.063	33.434	1046.778	3893.089
   90 --    91	1706.377	1125.537	805.161	1046.778	1046.778	3893.089
   91 --    92	1695.379	1210.584	866.000	33.434	1046.778	3893.089
   92 --    93	1706.377	1125.537	805.161	1046.778	1046.778	3893.089
   93 --    94	1889.674	1379.952	987.158	33.434	1046.778	3893.089
   94 --    95	1796.714	1105.038	790.496	1046.778	1046.778	3893.089
   95 --    96	1785.716	1192.383	852.979	33.434	1498.461	3893.089
   96 --    97	1887.050	1076.597	770.151	1046.778	1498.461	3893.089
   97 --    98	1876.053	1166.926	834.769	33.434	1950.145	3893.089
   98 --    99	2469.934	1423.156	1018.064	1046.778	2469.934	3893.089
   99 --   100	2070.347	1315.394	940.976	33.434	1950.145	3893.089
  100 --   101	2456.312	1224.185	875.729	1046.778	1950.145	3893.089
  101 --   102	2264.641	1422.429	1017.544	33.434	1950.145	3893.089
  102 --   103	2171.681	1187.375	849.397	1046.778	1950.145	3893.089
  103 --   104	2081.345	1234.233	882.917	1046.778	1498.461	3893.089
  104 --   105	1605.043	1221.856	874.063	33.434	1046.778	3893.089
  105 --   106	2740.944	1193.888	854.056	1046.778	2921.617	3893.089
  106 --   107	1980.010	1351.083	966.506	33.434	1498.461	3893.089
  107 --   108	2560.270	1357.089	970.803	1046.778	2921.617	3893.089
  108 --   109	1980.010	1351.083	966.506	33.434	1498.461	3893.089
  109 --   110	1991.008	1272.982	910.636	1046.778	1046.778	3893.089
  110 --   111	1799.337	1402.422	1003.232	33.434	1046.778	3893.089
  111 --   112	2185.302	1394.402	997.495	1046.778	1046.778	3893.089
  112 --   113	1889.674	1379.952	987.158	33.434	1046.778	3893.089
  113 --   114	2081.345	1234.233	882.917	1046.778	1498.461	3893.089
  114 --   115	1695.379	1210.584	866.000	33.434	1046.778	3893.089
  115 --   116	2365.976	1289.778	922.651	1046.778	1950.145	3893.089
  116 --   117	2354.978	1369.933	979.991	33.434	1950.145	3893.089
  117 --   118	2740.944	1193.888	854.056	1046.778	2921.617	3893.089
  118 --   119	2264.641	1422.429	1017.544	33.434	1950.145	3893.089
  119 --   120	2275.639	1346.143	962.973	1046.778	1498.461	3893.089
  120 --   121	1980.010	1351.083	966.506	33.434	1498.461	3893.089
  121 --   122	2081.345	1234.233	882.917	1046.778	1498.461	3893.089
  122 --   123	1605.043	1221.856	874.063	33.434	1046.778	3893.089
  123 --   124	1616.040	1138.524	814.451	1046.778	1046.778	3893.089
  124 --   125	1514.706	1226.388	877.305	33.434	1046.778	3893.089
  125 --   126	1421.746	866.692	619.994	1046.778	1046.778	3893.089
  126 --   127	1320.411	958.941	685.985	33.434	1046.778	3893.089
  127 --   128	1602.419	863.848	617.960	1046.778	1046.778	3893.089
  128 --   129	1591.421	970.890	694.533	33.434	1498.461	3893.089
  129 --   130	2365.976	1289.778	922.651	1046.778	1950.145	3893.089
  130 --   131	1785.716	1192.383	852.979	33.434	1498.461	3893.089
  131 --   132	1602.419	863.848	617.960	1046.778	1046.778	3893.089
  132 --   133	2264.641	1422.429	1017.544	33.434	1950.145	3893.089
  133 --   134	1602.419	863.848	617.960	1046.778	1046.778	3893.089
  134 --   135	1695.379	1210.584	866.000	33.434	1046.778	3893.089
  135 --   136	2081.345	1234.233	882.917	1046.778	1498.461	3893.089
  136 --   137	2174.305	1467.505	1049.790	33.434	1498.461	3893.089
  137 --   138	1421.746	866.692	619.994	1046.778	1046.778	3893.089
  138 --   139	1320.411	958.941	685.985	33.434	1046.778	3893.089
  139 --   140	1706.377	1125.537	805.161	1046.778	1046.778	3893.089
  140 --   141	1410.748	971.378	694.882	33.434	1046.778	3893.089
  141 --   142	1331.409	853.893	610.838	1046.778	1046.778	3893.089
  142 --   143	1320.411	958.941	685.985	33.434	1046.778	3893.089
  143 --   144	1706.377	1125.537	805.161	1046.778	1046.778	3893.089
  144 --   145	1591.421	970.890	694.533	33.434	1498.461	3893.089
  145 --   146	1692.756	848.110	606.701	1046.778	1498.461	3893.089
  146 --   147	1876.053	1166.926	834.769	33.434	1950.145	3893.089
  147 --   148	2067.724	992.977	710.333	1046.778	1950.145	3893.089
  148 --   149	2354.978	1369.933	979.991	33.434	1950.145	3893.089
  149 --   150	2456.312	1224.185	875.729	1046.778	1950.145	3893.089
  150 --   151	2070.347	1315.394	940.976	33.434	1950.145	3893.089
  151 --   152	1692.756	848.110	606.701	1046.778	1498.461	3893.089
  152 --   153	2174.305	1467.505	1049.790	33.434	1498.461	3893.089
  153 --   154	2174.305	1467.505	1049.790	33.434	1498.461	3893.089
  154 --   155	1991.008	1272.982	910.636	1046.778	1046.778	3893.089
  155 --   156	2083.968	1505.828	1077.204	33.434	1046.778	3893.089
  156 --   157	2560.270	1357.089	970.803	1046.778	2921.617	3893.089
  157 --   158	1889.674	1379.952	987.158	33.434	1046.778	3893.089
  158 --   159	1991.008	1272.982	910.636	1046.778	1046.778	3893.089
  159 --   160	1889.674	1379.952	987.158	33.434	1046.778	3893.089
  160 --   161	1706.377	1125.537	805.161	1046.778	1046.778	3893.089
  161 --   162	1876.053	1166.926	834.769	33.434	1950.145	3893.089
  162 --   163	1887.050	1076.597	770.151	1046.778	1498.461	3893.089
  163 --   164	1681.758	957.952	685.277	33.434	1950.145	3893.089
  164 --   165	2456.312	1224.185	875.729	1046.778	1950.145	3893.089
  165 --   166	1980.010	1351.083	966.506	33.434	1498.461	3893.089
  166 --   167	2469.934	1423.156	1018.064	1046.778	2469.934	3893.089
  167 --   168	1799.337	1402.422	1003.232	33.434	1046.778	3893.089
  168 --   169	1512.082	869.974	622.342	1046.778	1046.778	3893.089
  169 --   170	1320.411	958.941	685.985	33.434	1046.778	3893.089
  170 --   171	1227.451	361.347	258.492	1046.778	1046.778	1950.145
  171 --   172	1126.117	509.516	364.486	33.434	1046.778	1950.145
  172 --   173	1320.411	958.941	685.985	33.434	1046.778	3893.089
  173 --   174	2081.345	1234.233	882.917	1046.778	1498.461	3893.089
  174 --   175	1216.454	564.551	403.856	33.434	1046.778	1950.145
  175 --   176	1408.125	442.558	316.587	1046.778	1046.778	1950.145
  176 --   177	1410.748	971.378	694.882	33.434	1046.778	3893.089
  177 --   178	1887.050	1076.597	770.151	1046.778	1498.461	3893.089
  178 --   179	1397.127	622.879	445.581	33.434	1498.461	1950.145
  179 --   180	1602.419	863.848	617.960	1046.778	1046.778	3893.089
  180 --   181	1605.043	1221.856	874.063	33.434	1046.778	3893.089
  181 --   182	1977.387	1039.564	743.659	1046.778	1950.145	3893.089
  182 --   183	2174.305	1467.505	1049.790	33.434	1498.461	3893.089
  183 --   184	1977.387	1039.564	743.659	1046.778	1950.145	3893.089
  184 --   185	2160.684	1272.311	910.156	33.434	1950.145	3893.089
  185 --   186	2171.681	1187.375	849.397	1046.778	1950.145	3893.089
  186 --   187	2549.273	1434.975	1026.520	33.434	2921.617	3893.089
  187 --   188	2754.565	1394.402	997.495	1046.778	3893.089	3893.089
  188 --   189	2083.968	1505.828	1077.204	33.434	1046.778	3893.089
  189 --   190	1900.671	1304.344	933.071	1046.778	1046.778	3893.089
  190 --   191	1514.706	1226.388	877.305	33.434	1046.778	3893.089
  191 --   192	1616.040	1138.524	814.451	1046.778	1046.778	3893.089
  192 --   193	1605.043	1221.856	874.063	33.434	1046.778	3893.089
  193 --   194	1512.082	869.974	622.342	1046.778	1046.778	3893.089
  194 --   195	1410.748	971.378	694.882	33.434	1046.778	3893.089
  195 --   196	1501.085	975.327	697.707	33.434	1046.778	3893.089
  196 --   197	1783.093	822.208	588.172	1046.778	1950.145	3893.089
  197 --   198	1889.674	1379.952	987.158	33.434	1046.778	3893.089
  198 --   199	2365.976	1289.778	922.651	1046.778	1950.145	3893.089
  199 --   200	1695.379	1210.584	866.000	33.434	1046.778	3893.089
  200 --   201	1991.008	1272.982	910.636	1046.778	1046.778	3893.089
  201 --   202	2264.641	1422.429	1017.544	33.434	1950.145	3893.089
  202 --   203	2365.976	1289.778	922.651	1046.778	1950.145	3893.089
  203 --   204	2354.978	1369.933	979.991	33.434	1950.145	3893.089
  204 --   205	2650.607	1281.285	916.576	1046.778	2921.617	3893.089
  205 --   206	1889.674	1379.952	987.158	33.434	1046.778	3893.089
  206 --   207	2560.270	1357.089	970.803	1046.778	2921.617	3893.089
  207 --   208	1605.043	1221.856	874.063	33.434	1046.778	3893.089
  208 --   209	2185.302	1394.402	997.495	1046.778	1046.778	3893.089
  209 --   210	1889.674	1379.952	987.158	33.434	1046.778	3893.089
  210 --   211	2365.976	1289.778	922.651	1046.778	1950.145	3893.089
  211 --   212	1785.716	1192.383	852.979	33.434	1498.461	3893.089
  212 --   213	2081.345	1234.233	882.917	1046.778	1498.461	3893.089
  213 --   214	2445.315	1309.124	936.491	33.434	1950.145	3893.089
  214 --   215	2365.976	1289.778	922.651	1046.778	1950.145	3893.089
  215 --   216	2264.641	1422.429	1017.544	33.434	1950.145	3893.089
  216 --   217	2275.639	1346.143	962.973	1046.778	1498.461	3893.089
  217 --   218	2368.599	1551.199	1109.661	33.434	2469.934	3893.089
  218 --   219	2185.302	1394.402	997.495	1046.778	1046.778	3893.089
  219 --   220	1799.337	1402.422	1003.232	33.434	1046.778	3893.089
  220 --   221	1900.671	1304.344	933.071	1046.778	1046.778	3893.089
  221 --   222	1320.411	958.941	685.985	33.434	1046.778	3893.089
  222 --   223	1616.040	1138.524	814.451	1046.778	1046.778	3893.089
  223 --   224	1514.706	1226.388	877.305	33.434	1046.778	3893.089
  224 --   225	1706.377	1125.537	805.161	1046.778	1046.778	3893.089
  225 --   226	1695.379	1210.584	866.000	33.434	1046.778	3893.089
  226 --   227	1796.714	1105.038	790.496	1046.778	1046.778	3893.089
  227 --   228	1980.010	1351.083	966.506	33.434	1498.461	3893.089
  228 --   229	2262.018	1131.400	809.355	1046.778	1950.145	3893.089
  229 --   230	1785.716	1192.383	852.979	33.434	1498.461	3893.089
  230 --   231	2171.681	1187.375	849.397	1046.778	1950.145	3893.089
  231 --   232	2445.315	1309.124	936.491	33.434	1950.145	3893.089
  232 --   233	2365.976	1289.778	922.651	1046.778	1950.145	3893.089
  233 --   234	2458.936	1496.946	1070.851	33.434	2921.617	3893.089
  234 --   235	2469.934	1423.156	1018.064	1046.778	2469.934	3893.089
  235 --   236	1514.706	1226.388	877.305	33.434	1046.778	3893.089
  236 --   237	1616.040	1138.524	814.451	1046.778	1046.778	3893.089
  237 --   238	1605.043	1221.856	874.063	33.434	1046.778	3893.089
  238 --   239	1512.082	869.974	622.342	1046.778	1046.778	3893.089
  239 --   240	1605.043	1221.856	874.063	33.434	1046.778	3893.089
  240 --   241	1887.050	1076.597	770.151	1046.778	1498.461	3893.089
  241 --   242	1605.043	1221.856	874.063	33.434	1046.778	3893.089
  242 --   243	1796.714	1105.038	790.496	1046.778	1046.778	3893.089
  243 --   244	1889.674	1379.952	987.158	33.434	1046.778	3893.089
  244 --   245	2081.345	1234.233	882.917	1046.778	1498.461	3893.089
  245 --   246	1785.716	1192.383	852.979	33.434	1498.461	3893.089
  246 --   247	2171.681	1187.375	849.397	1046.778	1950.145	3893.089
  247 --   248	1980.010	1351.083	966.506	33.434	1498.461	3893.089
  248 --   249	2262.018	1131.400	809.355	1046.778	1950.145	3893.089
  249 --   250	2264.641	1422.429	1017.544	33.434	1950.145	3893.089
  250 --   251	2275.639	1346.143	962.973	1046.778	1498.461	3893.089
  251 --   252	2174.305	1467.505	1049.790	33.434	1498.461	3893.089
  252 --   253	2081.345	1234.233	882.917	1046.778	1498.461	3893.089
  253 --   254	2174.305	1467.505	1049.790	33.434	1498.461	3893.089
  254 --   255	2844.901	1307.383	935.246	1046.778	3893.089	3893.089
  255 --   256	2354.978	1369.933	979.991	33.434	1950.145	3893.089
  256 --   257	2171.681	1187.375	849.397	1046.778	1950.145	3893.089
  257 --   258	2174.305	1467.505	1049.790	33.434	1498.461	3893.089
  258 --   259	1991.008	1272.982	910.636	1046.778	1046.778	3893.089
  259 --   260	2083.968	1505.828	1077.204	33.434	1046.778	3893.089
  260 --   261	2458.936	1496.946	1070.851	33.434	2921.617	3893.089
  261 --   262	2469.934	1423.156	1018.064	1046.778	2469.934	3893.089
  262 --   263	1514.706	1226.388	877.305	33.434	1046.778	3893.089
  263 --   264	1331.409	853.893	610.838	1046.778	1046.778	3893.089
  264 --   265	1799.337	1402.422	1003.232	33.434	1046.778	3893.089
  265 --   266	1900.671	1304.344	933.071	1046.778	1046.778	3893.089
  266 --   267	2264.641	1422.429	1017.544	33.434	1950.145	3893.089
  267 --   268	1227.451	361.347	258.492	1046.778	1046.778	1950.145
  268 --   269	1126.117	509.516	364.486	33.434	1046.778	1950.145
  269 --   270	1616.040	1138.524	814.451	1046.778	1046.778	3893.089
  270 --   271	1410.748	971.378	694.882	33.434	1046.778	3893.089
  271 --   272	1512.082	869.974	622.342	1046.778	1046.778	3893.089
  272 --   273	1605.043	1221.856	874.063	33.434	1046.778	3893.089
  273 --   274	1512.082	869.974	622.342	1046.778	1046.778	3893.089
  274 --   275	1230.075	937.677	670.773	33.434	1046.778	3893.089
  275 --   276	1692.756	848.110	606.701	1046.778	1498.461	3893.089
  276 --   277	1876.053	1166.926	834.769	33.434	1950.145	3893.089
  277 --   278	2935.238	1207.404	863.725	1046.778	3893.089	3893.089
  278 --   279	1980.010	1351.083	966.506	33.434	1498.461	3893.089
  279 --   280	2560.270	1357.089	970.803	1046.778	2921.617	3893.089
  280 --   281	2174.305	1467.505	1049.790	33.434	1498.461	3893.089
  281 --   282	2469.934	1423.156	1018.064	1046.778	2469.934	3893.089
  282 --   283	2174.305	1467.505	1049.790	33.434	1498.461	3893.089
  283 --   284	2560.270	1357.089	970.803	1046.778	2921.617	3893.089
  284 --   285	1980.010	1351.083	966.506	33.434	1498.461	3893.089
  285 --   286	2560.270	1357.089	970.803	1046.778	2921.617	3893.089
  286 --   287	2368.599	1551.199	1109.661	33.434	2469.934	3893.089
  287 --   288	2560.270	1357.089	970.803	1046.778	2921.617	3893.089
  288 --   289	1605.043	1221.856	874.063	33.434	1046.778	3893.089
  289 --   290	1706.377	1125.537	805.161	1046.778	1046.778	3893.089
  290 --   291	1980.010	1351.083	966.506	33.434	1498.461	3893.089
  291 --   292	1796.714	1105.038	790.496	1046.778	1046.778	3893.089
  292 --   293	1695.379	1210.584	866.000	33.434	1046.778	3893.089
  293 --   294	2365.976	1289.778	922.651	1046.778	1950.145	3893.089
  294 --   295	2174.305	1467.505	1049.790	33.434	1498.461	3893.089
  295 --   296	1706.377	1125.537	805.161	1046.778	1046.778	3893.089
  296 --   297	1514.706	1226.388	877.305	33.434	1046.778	3893.089
  297 --   298	1900.671	1304.344	933.071	1046.778	1046.778	3893.089
  298 --   299	1230.075	937.677	670.773	33.434	1046.778	3893.089
  299 --   300	1421.746	866.692	619.994	1046.778	1046.778	3893.089
  300 --   301	1695.379	1210.584	866.000	33.434	1046.778	3893.089
  301 --   302	1602.419	863.848	617.960	1046.778	1046.778	3893.089
  302 --   303	1695.379	1210.584	866.000	33.434	1046.778	3893.089
  303 --   304	1887.050	1076.597	770.151	1046.778	1498.461	3893.089
  304 --   305	1216.454	564.551	403.856	33.434	1046.778	1950.145
  305 --   306	1602.419	863.848	617.960	1046.778	1046.778	3893.089
  306 --   307	1605.043	1221.856	874.063	33.434	1046.778	3893.089
  307 --   308	1796.714	1105.038	790.496	1046.778	1046.778	3893.089
  308 --   309	1980.010	1351.083	966.506	33.434	1498.461	3893.089
  309 --   310	2365.976	1289.778	922.651	1046.778	1950.145	3893.089
  310 --   311	2174.305	1467.505	1049.790	33.434	1498.461	3893.089
  311 --   312	2469.934	1423.156	1018.064	1046.778	2469.934	3893.089
  312 --   313	2445.315	1309.124	936.491	33.434	1950.145	3893.089
  313 --   314	2636.986	1058.239	757.018	1046.778	1950.145	3893.089
  314 --   315	2354.978	1369.933	979.991	33.434	1950.145	3893.089
  315 --   316	2650.607	1281.285	916.576	1046.778	2921.617	3893.089
  316 --   317	2368.599	1551.199	1109.661	33.434	2469.934	3893.089
  317 --   318	2560.270	1357.089	970.803	1046.778	2921.617	3893.089
  318 --   319	1230.075	937.677	670.773	33.434	1046.778	3893.089
  319 --   320	2275.639	1346.143	962.973	1046.778	1498.461	3893.089
  320 --   321	945.444	304.003	217.471	33.434	1046.778	1046.778
  321 --   322	1421.746	866.692	619.994	1046.778	1046.778	3893.089
  322 --   323	945.444	304.003	217.471	33.434	1046.778	1046.778
  323 --   324	1331.409	853.893	610.838	1046.778	1046.778	3893.089
  324 --   325	1035.780	429.154	306.998	33.434	1046.778	1950.145
  325 --   326	1706.377	1125.537	805.161	1046.778	1046.778	3893.089
  326 --   327	1785.716	1192.383	852.979	33.434	1498.461	3893.089
  327 --   328	2067.724	992.977	710.333	1046.778	1950.145	3893.089
  328 --   329	1772.095	936.159	669.688	33.434	1950.145	3893.089
  329 --   330	2248.397	864.673	618.550	1046.778	1950.145	3893.089
  330 --   331	1876.053	1166.926	834.769	33.434	1950.145	3893.089
  331 --   332	2935.238	1207.404	863.725	1046.778	3893.089	3893.089
  332 --   333	2458.936	1496.946	1070.851	33.434	2921.617	3893.089
  333 --   334	2754.565	1394.402	997.495	1046.778	3893.089	3893.089
  334 --   335	2653.230	1543.661	1104.269	33.434	3893.089	3893.089
  335 --   336	2754.565	1394.402	997.495	1046.778	3893.089	3893.089
  336 --   337	1889.674	1379.952	987.158	33.434	1046.778	3893.089
  337 --   338	1991.008	1272.982	910.636	1046.778	1046.778	3893.089
  338 --   339	1501.085	975.327	697.707	33.434	1046.778	3893.089
  339 --   340	2365.976	1289.778	922.651	1046.778	1950.145	3893.089
  340 --   341	2070.347	1315.394	940.976	33.434	1950.145	3893.089
  341 --   342	2844.901	1307.383	935.246	1046.778	3893.089	3893.089
  342 --   343	2174.305	1467.505	1049.790	33.434	1498.461	3893.089
  343 --   344	1991.008	1272.982	910.636	1046.778	1046.778	3893.089
  344 --   345	1320.411	958.941	685.985	33.434	1046.778	3893.089
  345 --   346	2275.639	1346.143	962.973	1046.778	1498.461	3893.089
  346 --   347	1889.674	1379.952	987.158	33.434	1046.778	3893.089
  347 --   348	1991.008	1272.982	910.636	1046.778	1046.778	3893.089
  348 --   349	1799.337	1402.422	1003.232	33.434	1046.778	3893.089
  349 --   350	2560.270	1357.089	970.803	1046.778	2921.617	3893.089
  350 --   351	1605.043	1221.856	874.063	33.434	1046.778	3893.089
  351 --   352	2171.681	1187.375	849.397	1046.778	1950.145	3893.089
  352 --   353	1785.716	1192.383	852.979	33.434	1498.461	3893.089
  353 --   354	2365.976	1289.778	922.651	1046.778	1950.145	3893.089
  354 --   355	1605.043	1221.856	874.063	33.434	1046.778	3893.089
  355 --   356	1887.050	1076.597	770.151	1046.778	1498.461	3893.089
  356 --   357	1876.053	1166.926	834.769	33.434	1950.145	3893.089
  357 --   358	2160.684	1272.311	910.156	33.434	1950.145	3893.089
  358 --   359	2171.681	1187.375	849.397	1046.778	1950.145	3893.089
  359 --   360	2653.230	1543.661	1104.269	33.434	3893.089	3893.089
  360 --   361	2469.934	1423.156	1018.064	1046.778	2469.934	3893.089
    0 --   361	1979.073	261.234	186.876	1365.487	2006.456	2253.448