1	5260.7974068071
2	5343.1262135922
3	3750.1333333333
4	2756.2376738306
5	5518.7878787879
6	2999.7908496732
7	2553.0842105263
8	4324.2397179788
9	4029.2
10	3348.859375
11	5281.0456431535
12	4795.168627451
13	4410.4827586207
14	4766.7236467236
15	4833.9708114419
16	4962.819001804
17	4778.0783817952
18	3123.8411247803
19	4991.9601423488
20	4801.3821510297
21	4538.8990384615
22	3436.3787878788
23	2638.2247921937
24	2352.1630218688
25	2767.6267870579
26	4784.0507131537
27	4731.6809815951
28	4418.0319897633
29	2844.7463879496
30	4694.8230616302
31	3028.0824742268
32	3929.4641614475
33	3268.569579288
34	3367.1782881002
35	4767.5764050163
36	4708.8959507945
37	3924.9771841959
38	2188.0358115998
39	5000.2194979568
40	4912.8706365503
41	3340.6235446313
42	2427.8204225352
43	2877.9243061396
44	2778.69568
45	5272.1488372093
46	5372.2200647249
47	5293.1365313653
48	5725.7744360902
49	1713.6055045872
50	4486.4127405441
51	5704.8333333333
52	4387.2392638037
53	3503.906614786
54	3921.2542372881
55	3046.9400630915
56	3397.542997543
57	5098.8064516129
58	4735.0503444621
59	1528.7392739274
60	3840.2214839424
61	4803.1764705882
62	3969.8426540284
63	2516.0285899935
64	4583.8992805755
65	5115.9912472648
66	4254.9925925926
67	1967.0790697674
68	3975.1717647059
69	4982.7638483965
70	3649.546856465
71	2514.9989868288
72	5146.6226175349
73	4830.4829015544
74	5074.9071895425
75	4725.8928164196
76	4998.8577494692
77	5255.8301886792
78	1920.3435582822
79	1921.849117175
80	3121.6596736597
81	5225.4018126888
82	5122.4130434783
83	2822.8333333333
84	3808.4974093264
85	4559.2131147541
86	5205.8181818182
87	3242.0666666667
88	4536.8631984586
89	3578.2056074766
90	4366.5389755011
91	4077.1651205937
92	4347.8161925602
93	4665.6274509804
94	2177.1805104408
95	3600.1137980085
96	5362.8831168831
97	5057.5864978903
98	5119.4933333333
99	5287.1035940803
100	5065.912849162
101	3151.7400295421
102	2341.4573643411
103	4958.1825242718
104	4737.430972389
105	4681.3617021277
106	4120.6872998933
107	5011.2238311957
108	3824.2362562472
109	3941.8312586445
110	1347.9473251029
111	4851.9656946827
112	2872.2221496243
113	2229.2855042635
114	5256.6320541761
115	5486.1176470588
116	3690.9881422925
117	3733.3426900585
118	4256.64
119	2738.2649727768
120	2211.7988394584
121	5089.2327868852
122	4416.2179836512
123	3274.9983193277
124	216513.77777778
125	3401.2071611253
126	2765.2495378928
127	4188.6981519507
128	5355.5435203095
129	4917.4257425743
130	4605.2807017544
131	5368.5306122449
132	4757.7483443709
133	4488.0363636364
134	5205.6861538462
135	2667.4850088183
136	2844.2018927445
137	4589.5178997613
138	5071.1748878924
139	4589.1245791246
140	4113.9237536657
141	4950.6172839506
142	3773.0906286155
143	1562.0021178962
144	5111.7384987893
145	5005.2251082251
146	5035.7820914214
147	5205.6730190572
148	4922.0060913706
149	2603.3389158219
150	2065.4084912449
151	5018.3703703704
152	5406.7428571429
153	4209.5582329317
154	2748.4612476371
155	2376.9233610342
156	3861.0179784259
157	5622.6320907618
158	5384.1945288754
159	2969.0506566604
160	3854.4322264562
161	3537.3666666667
162	4976.3364485981
163	4482.5068119891
164	2404.4592145015
165	4569.304136253
166	5334.9862258953
167	2680.2831050228
168	2634.404536862
169	5097.1789473684
170	4812.4227642276
171	5188.1854934602
172	5310.3828647925
173	3518.6344537815
174	2885.7
175	4586.6277372263
176	5189.4377224199
177	5084.8617363344
178	5483.186440678
179	5274.7453874539
180	5397.4453781513
181	4889.7246376812
182	5315.878296146
183	5244.3274853801
184	4913.5866666667
185	3192.5764090645
186	4956.6544622426
187	4391.4704684318
188	3135.8990408884
189	2794.4180709932
190	5317.2734082397
191	4960.5217391304
192	1529.846630519
193	3915.3893947509
194	4933.9578947368
195	4273.6030828516
196	3546.7613412229
197	1855.4723825227
198	5016.0207253886
199	2202.2635228849
200	2678.9989304813
201	5131.241025641
202	2796.4735516373
203	2330.431466031
204	4894.8808290155
205	5152.7172413793
206	3264.8352365416
207	2828.4306632214
208	5020.5299455535
209	3644.5988023952
210	3287.8188099808
211	5074.6045428072
212	5297.8129315756
213	3504.6917534027
214	2503.7654036244
215	5035.9037493005
216	3964.3816793893
217	4107.4323784144
218	1692.1933633757
219	4280.115048793
220	3575.5456570156
221	5705.9495798319
222	5435.3715710723
223	4383.7802197802
224	4951.1961722488
225	3654.6818923328
226	4720.4794007491
227	4712.6311637081
228	4145.3190578158
229	4271.3379860419
230	2411.3738738739
231	5055.4230235784
232	3243.8476190476
233	2105.2246696035
234	5219.3929961089
235	5302.1818181818
236	4732.0452830189
237	4978.6990881459
238	3604.5095057034
239	2203.4432748538
240	5157.6122004357
241	5524.5906040268
242	2976.4142801098
243	3039.2058720727
244	4351.5256410256
245	5105.5101816181
246	4753.6601815824
247	3207.3018181818
248	4203.508391987
249	2808.7417624521
250	3082.3023679417
251	4950.9322709163
252	4836.0289256198
253	4459.8262646909
254	4432.9791666667
255	5166.1598207618
256	3979.3421952146
257	1605.6017783423
258	5094.5568776773
259	5434.2830188679
260	4913.375
261	2552.5547445255
262	5463.3074626866
263	5340.4478764479
264	2472.5406182602
265	5179.2662337662
266	4019.1312217195
267	4700.6624662466
268	5142.7206165703
269	3864.5242165242
270	3318.4754716981
271	5018.1191222571
272	5657.8972332016
273	3922.7833001988
274	2641.4436090226
275	4860.3
276	3511.8461538462
277	4974.8667992048
278	4307.0256410256
279	4292.9416498994
280	4805.9265143992
281	5106.0558079169
282	4798.8652195861
283	4966.8376068376
284	5391.2727272727
285	2329.6870748299
286	2341.8157894737
287	3530.2932409012
288	1852.7701863354
289	4999.4934036939
290	5192.1714285714
291	4818.7118644068
292	3647.9749739312
293	1972.6859791425
294	4820.5071770335
295	5303.0906630582
296	5364.9811320755
297	4954.6788990826
298	4865.914893617
299	5055.4744525547
300	4826.64
301	4676.9059233449
302	3945.8407079646
303	5255.3542600897
304	4121.8505338078
305	4331.497730711
306	4073.7101214575
307	3095.7296222664
308	2004.6856336704
309	3706.8466730955
310	5104.1105990783
311	4551.282226008
312	2355.4249422633
313	4400.4345898004
314	4188.5701990317
315	5030.4452466907
316	4728.650059312
317	5187.3663366337
318	1642.9122588675
319	3936.6197854589
320	3468.7440656021
321	3042.7048114434
322	2581.6211812627
323	5427.8820861678
324	5015.343412527
325	3169.0892018779
326	4905.0734177215
327	3753.5776614311
328	5590.2969187675
329	5301.4931880109
330	4698.7423167849
331	4909.0035671819
332	4968.582781457
333	4871.8828771483
334	136673.71428571
335	2523.7725239617
336	2616.6642504119
337	5191.6756756757
338	5480.5028571429
339	1306.7856693903
340	3818.6210621062
341	5425.1809274984
342	4677.1733333333
343	4360.2711864407
344	5510.3089430894
345	3260.1120263591
346	2861.3295292439
347	5537.7681940701
348	2620.8058252427
349	2604.8079800499
350	5117.8047493404
351	2765.1356643357
352	2940.8199853049
353	4740.6339794755
354	4431.7192982456
355	4569.9473081329
356	1094.9376807783
357	4052.1129503408
358	2510.3343589744
359	5262.8817204301
360	5496.9811320755
361	1903.8439425051
362	4150.4529262087
363	5076.874015748
364	4126.2341137124
365	2790.125
366	5072.6690909091
367	2612.6339622642
368	3017.6835236542
369	4390.5185185185
370	4898.9523809524
371	617268
372	2549.3711967546
373	1958.2601092896
374	4616.2095238095
375	5474.8302872063
376	5286.3319743739