1	5121.909	332.918	5454.827	4788.991
2	4586.257	828.474	5414.731	3757.783
3	4478.358	500.837	4979.195	3977.521
4	3605.761	717.064	4322.825	2888.697
5	4969.432	666.126	5635.558	4303.306
6	4030.872	522.838	4553.710	3508.034
7	3192.809	596.877	3789.686	2595.932
8	4372.861	424.236	4797.097	3948.625
9	3736.169	585.487	4321.656	3150.682
10	4255.337	888.583	5143.920	3366.754
11	4076.914	676.576	4753.490	3400.338
12	4095.690	801.122	4896.812	3294.568
13	4592.538	328.809	4921.347	4263.729
14	4120.256	512.163	4632.419	3608.093
15	4053.522	806.844	4860.366	3246.678
16	4128.047	866.309	4994.356	3261.738
17	4304.195	564.922	4869.117	3739.273
18	4155.399	730.952	4886.351	3424.447
19	4544.324	574.005	5118.329	3970.319
20	4333.347	572.968	4906.315	3760.379
21	3746.847	884.699	4631.546	2862.148
22	4176.164	699.930	4876.094	3476.234
23	3627.107	505.891	4132.998	3121.216
24	3204.310	846.079	4050.389	2358.231
25	4180.424	818.050	4998.474	3362.374
26	4603.551	674.927	5278.478	3928.624
27	4190.795	744.505	4935.300	3446.290
28	50872.740	101528.724	152401.464	-50655.984
29	4225.365	914.793	5140.158	3310.572
30	4353.849	718.224	5072.073	3635.625
31	3693.974	481.804	4175.778	3212.170
32	4546.129	496.023	5042.152	4050.106
33	4121.150	549.402	4670.552	3571.748
34	3860.875	753.173	4614.048	3107.702
35	94652.928	156672.963	251325.891	-62020.035
36	102362.645	209056.911	311419.556	-106694.266
37	3945.563	622.803	4568.366	3322.760
38	4257.580	1115.559	5373.139	3142.021
39	4488.163	378.408	4866.571	4109.755
40	4668.270	591.903	5260.173	4076.367
41	4109.721	678.219	4787.940	3431.502
42	4064.649	774.911	4839.560	3289.738
43	3909.481	661.799	4571.280	3247.682
44	5398.805	2815.824	8214.629	2582.981
45	4787.153	418.085	5205.238	4369.068
46	4632.711	1252.317	5885.028	3380.394
47	3933.039	749.508	4682.547	3183.531
48	5803.954	2586.638	8390.592	3217.316
49	3511.978	838.020	4349.998	2673.958
50	4264.300	532.826	4797.126	3731.474
51	4389.324	831.086	5220.410	3558.238
52	9535.062	10386.950	19922.012	-851.888
53	3726.780	735.563	4462.343	2991.217
54	4609.076	1617.018	6226.094	2992.058
55	3495.161	712.753	4207.914	2782.408
56	4382.885	866.106	5248.991	3516.779
57	4378.610	584.060	4962.670	3794.550
58	4860.746	587.438	5448.184	4273.308
59	4766.805	880.072	5646.877	3886.733
60	4325.593	1206.607	5532.200	3118.986
61	4299.134	628.147	4927.281	3670.987
62	4517.874	1001.462	5519.336	3516.412
63	3916.765	541.575	4458.340	3375.190
64	3760.800	718.186	4478.986	3042.614
65	4902.665	353.357	5256.022	4549.308
66	4414.947	834.904	5249.851	3580.043
67	3561.715	1507.581	5069.296	2054.134
68	4883.320	2078.000	6961.320	2805.320
69	4464.101	784.962	5249.063	3679.139
70	3966.050	609.125	4575.175	3356.925
71	3655.535	854.367	4509.902	2801.168
72	4314.844	868.763	5183.607	3446.081
73	3952.901	853.593	4806.494	3099.308
74	4020.421	615.481	4635.902	3404.940
75	4209.830	667.275	4877.105	3542.555
76	6505.457	6324.196	12829.653	181.261
77	4138.098	762.516	4900.614	3375.582
78	4332.023	914.456	5246.479	3417.567
79	3625.671	853.145	4478.816	2772.526
80	4106.387	812.503	4918.890	3293.884
81	4474.208	609.103	5083.311	3865.105
82	4481.555	734.381	5215.936	3747.174
83	72106.533	146698.454	218804.987	-74591.921
84	4428.299	850.288	5278.587	3578.011
85	4422.543	642.772	5065.315	3779.771
86	3849.005	870.063	4719.068	2978.942
87	41015.310	78599.451	119614.761	-37584.141
88	4489.383	651.388	5140.771	3837.995
89	3891.018	609.238	4500.256	3281.780
90	4667.570	612.348	5279.918	4055.222
91	4468.086	440.164	4908.250	4027.922
92	6513.989	6277.981	12791.970	236.008
93	4876.504	314.091	5190.595	4562.413
94	5119.687	2067.850	7187.537	3051.837
95	4099.150	768.752	4867.902	3330.398
96	4594.694	801.989	5396.683	3792.705
97	4443.361	457.019	4900.380	3986.342
98	4897.370	905.889	5803.259	3991.481
99	3921.201	1005.555	4926.756	2915.646
100	4233.857	1045.938	5279.795	3187.919
101	3932.268	826.868	4759.136	3105.400
102	10525.461	15502.192	26027.653	-4976.731
103	4069.840	788.847	4858.687	3280.993
104	4587.581	756.000	5343.581	3831.581
105	4099.517	894.108	4993.625	3205.409
106	4072.051	456.405	4528.456	3615.646
107	4302.208	970.659	5272.867	3331.549
108	4187.330	1054.431	5241.761	3132.899
109	3821.483	1138.621	4960.104	2682.862
110	5615.438	2872.904	8488.342	2742.534
111	64447.207	129750.619	194197.826	-65303.412
112	3558.811	618.274	4177.085	2940.537
113	3594.750	821.439	4416.189	2773.311
114	4293.279	790.511	5083.790	3502.768
115	5265.101	1482.287	6747.388	3782.814
116	4328.519	797.582	5126.101	3530.937
117	4285.841	462.396	4748.237	3823.445
118	4006.753	928.220	4934.973	3078.533
119	3650.630	607.660	4258.290	3042.970
120	3994.258	809.536	4803.794	3184.722
121	4644.468	910.748	5555.216	3733.720
122	4421.842	550.800	4972.642	3871.042
123	4471.037	1133.152	5604.189	3337.885
124	25665.699	45517.678	71183.377	-19851.979
125	4190.218	798.307	4988.525	3391.911
126	4356.953	744.133	5101.086	3612.820
127	4001.178	873.700	4874.878	3127.478
128	4104.461	823.884	4928.345	3280.577
129	4491.050	667.380	5158.430	3823.670
130	4076.096	593.381	4669.477	3482.715
131	4199.311	1122.338	5321.649	3076.973
132	4289.554	773.795	5063.349	3515.759
133	5292.842	1910.764	7203.606	3382.078
134	4722.675	419.832	5142.507	4302.843
135	4666.963	2189.956	6856.919	2477.007
136	4036.911	753.958	4790.869	3282.953
137	4302.687	908.487	5211.174	3394.200
138	4511.790	582.554	5094.344	3929.236
139	4279.174	834.616	5113.790	3444.558
140	3857.221	583.087	4440.308	3274.134
141	4158.054	1830.249	5988.303	2327.805
142	4396.264	732.471	5128.735	3663.793
143	4441.253	1471.690	5912.943	2969.563
144	4020.925	664.404	4685.329	3356.521
145	5362.253	989.423	6351.676	4372.830
146	3891.520	722.447	4613.967	3169.073
147	4416.566	1176.810	5593.376	3239.756
148	4478.489	615.290	5093.779	3863.199
149	3765.535	583.427	4348.962	3182.108
150	3289.709	689.944	3979.653	2599.765
151	4065.231	551.649	4616.880	3513.582
152	4334.536	737.007	5071.543	3597.529
153	3829.060	719.810	4548.870	3109.250
154	3859.033	648.816	4507.849	3210.217
155	4204.970	783.975	4988.945	3420.995
156	4397.852	973.976	5371.828	3423.876
157	4167.528	874.815	5042.343	3292.713
158	4707.682	2164.483	6872.165	2543.199
159	3409.550	646.204	4055.754	2763.346
160	3805.069	640.440	4445.509	3164.629
161	4314.765	657.977	4972.742	3656.788
162	4270.938	641.274	4912.212	3629.664
163	4085.911	773.382	4859.293	3312.529
164	56396.824	112340.340	168737.164	-55943.516
165	3499.044	586.669	4085.713	2912.375
166	4229.481	1454.439	5683.920	2775.042
167	3571.373	841.943	4413.316	2729.430
168	4266.164	567.610	4833.774	3698.554
169	3996.962	826.801	4823.763	3170.161
170	4606.410	887.166	5493.576	3719.244
171	4090.746	861.599	4952.345	3229.147
172	4905.325	691.007	5596.332	4214.318
173	4089.142	1044.696	5133.838	3044.446
174	3696.843	646.891	4343.734	3049.952
175	4241.531	664.825	4906.356	3576.706
176	5245.805	1190.950	6436.755	4054.855
177	4213.182	1082.389	5295.571	3130.793
178	4122.986	597.068	4720.054	3525.918
179	4448.805	761.373	5210.178	3687.432
180	3800.998	828.694	4629.692	2972.304
181	7372.158	5982.948	13355.106	1389.210
182	3773.119	770.707	4543.826	3002.412
183	5167.603	1477.436	6645.039	3690.167
184	4649.156	382.600	5031.756	4266.556
185	4084.797	427.935	4512.732	3656.862
186	3687.793	1013.295	4701.088	2674.498
187	4028.077	807.856	4835.933	3220.221
188	3901.602	734.012	4635.614	3167.590
189	4882.416	892.921	5775.337	3989.495
190	4672.553	474.515	5147.068	4198.038
191	5263.680	2771.423	8035.103	2492.257
192	3359.196	739.315	4098.511	2619.881
193	5013.559	713.945	5727.504	4299.614
194	4214.841	590.681	4805.522	3624.160
195	3801.497	647.918	4449.415	3153.579
196	4486.242	1067.788	5554.030	3418.454
197	4155.215	721.632	4876.847	3433.583
198	4243.941	703.771	4947.712	3540.170
199	3674.911	772.438	4447.349	2902.473
200	4207.945	700.625	4908.570	3507.320
201	3860.398	916.709	4777.107	2943.689
202	4293.589	1114.272	5407.861	3179.317
203	3601.360	740.712	4342.072	2860.648
204	4110.446	707.706	4818.152	3402.740
205	4047.369	812.505	4859.874	3234.864
206	4387.807	1047.215	5435.022	3340.592
207	4305.083	706.248	5011.331	3598.835
208	4718.784	814.200	5532.984	3904.584
209	3750.604	731.922	4482.526	3018.682
210	4053.985	833.576	4887.561	3220.409
211	3888.903	663.989	4552.892	3224.914
212	4927.572	1591.563	6519.135	3336.009
213	4230.872	661.063	4891.935	3569.809
214	3722.690	1199.704	4922.394	2522.986
215	3961.961	864.369	4826.330	3097.592
216	4520.857	669.254	5190.111	3851.603
217	4151.620	602.991	4754.611	3548.629
218	4085.269	803.033	4888.302	3282.236
219	4347.297	1144.811	5492.108	3202.486
220	4646.285	563.420	5209.705	4082.865
221	4052.556	938.453	4991.009	3114.103
222	32336.459	59067.032	91403.491	-26730.573
223	4716.082	482.725	5198.807	4233.357
224	4204.677	831.637	5036.314	3373.040
225	4340.829	511.393	4852.222	3829.436
226	5127.558	1119.203	6246.761	4008.355
227	4492.186	739.407	5231.593	3752.779
228	4069.737	506.523	4576.260	3563.214
229	4284.677	524.931	4809.608	3759.746
230	3785.161	839.590	4624.751	2945.571
231	4161.035	665.407	4826.442	3495.628
232	4168.864	887.268	5056.132	3281.596
233	3370.175	675.564	4045.739	2694.611
234	4144.871	936.836	5081.707	3208.035
235	3698.513	956.093	4654.606	2742.420
236	4624.858	1074.040	5698.898	3550.818
237	4066.841	793.801	4860.642	3273.040
238	4054.860	984.282	5039.142	3070.578
239	4265.836	882.242	5148.078	3383.594
240	4623.797	1043.470	5667.267	3580.327
241	3933.703	705.775	4639.478	3227.928
242	4262.466	561.599	4824.065	3700.867
243	4104.360	708.320	4812.680	3396.040
244	4029.145	377.780	4406.925	3651.365
245	4132.058	585.520	4717.578	3546.538
246	3760.162	713.849	4474.011	3046.313
247	3838.066	711.135	4549.201	3126.931
248	4668.052	445.306	5113.358	4222.746
249	59798.814	118573.621	178372.435	-58774.807
250	3716.605	542.384	4258.989	3174.221
251	3823.886	959.204	4783.090	2864.682
252	4732.351	1316.508	6048.859	3415.843
253	4187.893	736.137	4924.030	3451.756
254	4688.438	936.249	5624.687	3752.189
255	4522.481	372.877	4895.358	4149.604
256	3205.424	585.588	3791.012	2619.836
257	3808.500	957.891	4766.391	2850.609
258	4388.997	729.489	5118.486	3659.508
259	3500.498	734.591	4235.089	2765.907
260	3547.292	694.813	4242.105	2852.479
261	4316.966	2198.988	6515.954	2117.978
262	4321.951	717.883	5039.834	3604.068
263	4585.546	739.890	5325.436	3845.656
264	4414.533	569.704	4984.237	3844.829
265	3342.310	976.210	4318.520	2366.100
266	3990.022	790.604	4780.626	3199.418
267	4681.859	1430.514	6112.373	3251.345
268	3917.204	800.078	4717.282	3117.126
269	4123.143	1020.064	5143.207	3103.079
270	3790.527	539.294	4329.821	3251.233
271	4721.701	2137.555	6859.256	2584.146
272	4072.694	687.267	4759.961	3385.427
273	4531.761	823.254	5355.015	3708.507
274	3210.986	836.237	4047.223	2374.749
275	4365.470	619.701	4985.171	3745.769
276	4547.303	676.882	5224.185	3870.421
277	5411.938	1444.669	6856.607	3967.269
278	4001.613	558.579	4560.192	3443.034
279	4129.116	1009.256	5138.372	3119.860
280	3877.501	817.160	4694.661	3060.341
281	4524.852	535.017	5059.869	3989.835
282	4538.701	560.880	5099.581	3977.821
283	4334.533	1541.027	5875.560	2793.506
284	4090.685	763.438	4854.123	3327.247
285	4354.016	632.375	4986.391	3721.641
286	4048.394	795.024	4843.418	3253.370
287	4090.786	1372.339	5463.125	2718.447
288	3773.739	847.304	4621.043	2926.435
289	4585.985	420.230	5006.215	4165.755
290	3942.999	962.735	4905.734	2980.264
291	3858.836	743.890	4602.726	3114.946
292	3952.988	742.693	4695.681	3210.295
293	4004.291	591.480	4595.771	3412.811
294	4122.393	864.043	4986.436	3258.350
295	3769.652	899.148	4668.800	2870.504
296	4432.721	626.388	5059.109	3806.333
297	4353.062	961.221	5314.283	3391.841
298	82848.708	169680.187	252528.895	-86831.479
299	5000.044	573.611	5573.655	4426.433
300	59838.945	119041.551	178880.496	-59202.606
301	3903.650	706.898	4610.548	3196.752
302	3907.450	547.171	4454.621	3360.279
303	4093.871	1017.162	5111.033	3076.709
304	4638.687	728.204	5366.891	3910.483
305	4349.954	728.561	5078.515	3621.393
306	4250.839	504.408	4755.247	3746.431
307	4979.005	2078.268	7057.273	2900.737
308	4316.622	738.424	5055.046	3578.198
309	3637.491	585.535	4223.026	3051.956
310	4003.792	706.091	4709.883	3297.701
311	4935.394	906.385	5841.779	4029.009
312	3852.005	821.822	4673.827	3030.183
313	4591.271	1293.425	5884.696	3297.846
314	4432.186	514.172	4946.358	3918.014
315	4412.769	884.655	5297.424	3528.114
316	4555.331	641.690	5197.021	3913.641
317	4781.170	895.431	5676.601	3885.739
318	3911.703	820.454	4732.157	3091.249
319	4747.288	1601.205	6348.493	3146.083
320	3891.166	689.304	4580.470	3201.862
321	4302.845	1007.573	5310.418	3295.272
322	3810.972	658.594	4469.566	3152.378
323	4524.860	869.865	5394.725	3654.995
324	4062.836	699.177	4762.013	3363.659
325	10516.920	14474.334	24991.254	-3957.414
326	3448.531	770.918	4219.449	2677.613
327	4012.741	562.631	4575.372	3450.110
328	3863.886	896.293	4760.179	2967.593
329	4201.286	691.926	4893.212	3509.360
330	4157.653	636.950	4794.603	3520.703
331	4565.535	808.091	5373.626	3757.444
332	3973.588	888.205	4861.793	3085.383
333	35761.774	66909.072	102670.846	-31147.298
334	17328.484	28466.501	45794.985	-11138.017
335	4021.757	750.069	4771.826	3271.688
336	17473.949	28529.010	46002.959	-11055.061
337	4392.567	732.079	5124.646	3660.488
338	3965.638	844.054	4809.692	3121.584
339	3979.567	753.129	4732.696	3226.438
340	4159.869	475.209	4635.078	3684.660
341	3875.796	1068.571	4944.367	2807.225
342	4314.654	669.905	4984.559	3644.749
343	4491.297	1008.842	5500.139	3482.455
344	4337.900	603.027	4940.927	3734.873
345	4919.906	1012.249	5932.155	3907.657
346	3874.786	953.848	4828.634	2920.938
347	51517.358	100736.433	152253.791	-49219.075
348	4153.074	685.384	4838.458	3467.690
349	3812.878	1116.768	4929.646	2696.110
350	60710.776	95558.252	156269.028	-34847.476
351	4207.888	1130.448	5338.336	3077.440
352	4252.587	577.396	4829.983	3675.191
353	3557.382	662.079	4219.461	2895.303
354	4563.160	571.103	5134.263	3992.057
355	4464.368	593.122	5057.490	3871.246
356	52508.689	104193.132	156701.821	-51684.443
357	4176.977	1384.915	5561.892	2792.062
358	3735.551	738.148	4473.699	2997.403
359	3827.665	1004.697	4832.362	2822.968
360	24818.023	42849.259	67667.282	-18031.236
361	4071.278	934.716	5005.994	3136.562
362	6846.250	1322.569	8168.819	5523.681
