Interval	Avg	Std	CI=0.95	Min	Median	Max
    0 --     1	0.000	0.000	0.000	0.000	0.000	0.000
    1 --     2	0.000	0.000	0.000	0.000	0.000	0.000
    2 --     3	0.000	0.000	0.000	0.000	0.000	0.001
    3 --     4	0.000	0.000	0.000	0.000	0.000	0.000
    4 --     5	0.000	0.000	0.001	0.000	0.000	0.001
    5 --     6	0.000	0.000	0.000	0.000	0.000	0.000
    6 --     7	0.000	0.000	0.001	0.000	0.000	0.001
    7 --     8	0.001	0.000	0.001	0.000	0.001	0.001
    8 --     9	0.000	0.000	0.000	0.000	0.000	0.000
    9 --    10	0.000	0.000	0.000	0.000	0.000	0.001
   10 --    11	0.001	0.001	0.001	0.000	0.000	0.001
   11 --    12	0.000	0.001	0.001	0.000	0.000	0.001
   12 --    13	0.000	0.000	0.000	0.000	0.000	0.001
   13 --    14	0.001	0.001	0.001	0.000	0.000	0.002
   14 --    15	0.001	0.001	0.001	0.000	0.000	0.002
   15 --    16	0.000	0.000	0.000	0.000	0.000	0.001
   16 --    17	0.000	0.000	0.000	0.000	0.000	0.000
   17 --    18	0.000	0.000	0.001	0.000	0.000	0.001
   18 --    19	0.000	0.001	0.001	0.000	0.000	0.002
   19 --    20	0.000	0.000	0.000	0.000	0.000	0.001
   20 --    21	0.001	0.000	0.001	0.000	0.001	0.001
   21 --    22	0.001	0.000	0.001	0.000	0.001	0.001
   22 --    23	0.000	0.000	0.000	0.000	0.001	0.001
   23 --    24	0.000	0.000	0.000	0.000	0.000	0.001
   24 --    25	0.000	0.000	0.000	0.000	0.000	0.000
   25 --    26	0.001	0.001	0.001	0.000	0.000	0.002
   26 --    27	0.001	0.001	0.001	0.000	0.001	0.002
   27 --    28	0.000	0.000	0.000	0.000	0.000	0.000
   28 --    29	0.000	0.000	0.000	0.000	0.000	0.000
   29 --    30	0.000	0.000	0.000	0.000	0.000	0.001
   30 --    31	0.001	0.000	0.001	0.000	0.001	0.001
   31 --    32	0.000	0.000	0.000	0.000	0.000	0.000
   32 --    33	0.000	0.000	0.000	0.000	0.000	0.000
   33 --    34	0.000	0.000	0.001	0.000	0.000	0.001
   34 --    35	0.000	0.000	0.000	0.000	0.000	0.000
   35 --    36	0.000	0.001	0.001	0.000	0.000	0.002
   36 --    37	0.001	0.001	0.001	0.000	0.000	0.002
   37 --    38	0.001	0.001	0.001	0.000	0.000	0.003
   38 --    39	0.001	0.001	0.001	0.000	0.000	0.002
   39 --    40	0.000	0.000	0.000	0.000	0.000	0.001
   40 --    41	0.000	0.000	0.000	0.000	0.000	0.001
   41 --    42	0.000	0.000	0.000	0.000	0.000	0.000
   42 --    43	0.000	0.000	0.000	0.000	0.000	0.000
   43 --    44	0.000	0.000	0.001	0.000	0.000	0.001
   44 --    45	0.000	0.001	0.001	0.000	0.000	0.002
   45 --    46	0.000	0.000	0.000	0.000	0.000	0.001
   46 --    47	0.000	0.000	0.000	0.000	0.000	0.000
   47 --    48	0.000	0.000	0.001	0.000	0.000	0.001
   48 --    49	0.000	0.001	0.001	0.000	0.000	0.002
   49 --    50	0.000	0.000	0.000	0.000	0.000	0.001
   50 --    51	0.000	0.000	0.000	0.000	0.000	0.001
   51 --    52	0.001	0.000	0.001	0.000	0.001	0.001
   52 --    53	0.001	0.001	0.001	0.000	0.000	0.003
   53 --    54	0.000	0.001	0.001	0.000	0.000	0.002
   54 --    55	0.000	0.000	0.000	0.000	0.000	0.001
   55 --    56	0.000	0.000	0.000	0.000	0.000	0.000
   56 --    57	0.000	0.000	0.000	0.000	0.000	0.001
   57 --    58	0.000	0.000	0.000	0.000	0.000	0.000
   58 --    59	0.000	0.000	0.000	0.000	0.000	0.000
   59 --    60	0.000	0.000	0.000	0.000	0.000	0.001
   60 --    61	0.000	0.000	0.000	0.000	0.000	0.000
   61 --    62	0.000	0.000	0.000	0.000	0.000	0.001
   62 --    63	0.000	0.000	0.000	0.000	0.000	0.001
   63 --    64	0.001	0.001	0.001	0.000	0.000	0.001
   64 --    65	0.000	0.000	0.000	0.000	0.000	0.000
   65 --    66	0.000	0.000	0.000	0.000	0.000	0.000
   66 --    67	0.000	0.000	0.000	0.000	0.000	0.000
   67 --    68	0.000	0.000	0.000	0.000	0.000	0.000
   68 --    69	0.000	0.001	0.001	0.000	0.000	0.001
   69 --    70	0.000	0.001	0.001	0.000	0.000	0.002
   70 --    71	0.000	0.000	0.000	0.000	0.000	0.000
   71 --    72	0.000	0.000	0.000	0.000	0.000	0.000
   72 --    73	0.000	0.001	0.001	0.000	0.000	0.001
   73 --    74	0.000	0.000	0.000	0.000	0.000	0.000
   74 --    75	0.000	0.000	0.000	0.000	0.000	0.000
   75 --    76	0.000	0.000	0.000	0.000	0.000	0.000
   76 --    77	0.000	0.000	0.000	0.000	0.000	0.001
   77 --    78	0.000	0.000	0.000	0.000	0.000	0.000
   78 --    79	0.000	0.001	0.001	0.000	0.000	0.002
   79 --    80	0.000	0.000	0.000	0.000	0.000	0.001
   80 --    81	0.000	0.000	0.000	0.000	0.000	0.000
   81 --    82	0.000	0.001	0.001	0.000	0.000	0.002
   82 --    83	0.001	0.001	0.001	0.000	0.000	0.002
   83 --    84	0.000	0.000	0.000	0.000	0.000	0.001
   84 --    85	0.000	0.001	0.001	0.000	0.000	0.002
   85 --    86	0.000	0.000	0.000	0.000	0.000	0.000
   86 --    87	0.000	0.000	0.000	0.000	0.000	0.000
   87 --    88	0.000	0.000	0.000	0.000	0.000	0.001
   88 --    89	0.001	0.001	0.001	0.000	0.000	0.003
   89 --    90	0.000	0.000	0.000	0.000	0.000	0.001
   90 --    91	0.000	0.000	0.000	0.000	0.000	0.001
   91 --    92	0.000	0.000	0.000	0.000	0.000	0.000
   92 --    93	0.001	0.000	0.001	0.000	0.001	0.001
   93 --    94	0.001	0.001	0.001	0.000	0.001	0.002
   94 --    95	0.000	0.000	0.000	0.000	0.000	0.001
   95 --    96	0.001	0.001	0.001	0.000	0.000	0.001
   96 --    97	0.001	0.001	0.001	0.000	0.001	0.002
   97 --    98	0.001	0.001	0.001	0.000	0.000	0.002
   98 --    99	0.000	0.000	0.000	0.000	0.000	0.001
   99 --   100	0.000	0.000	0.000	0.000	0.000	0.000
  100 --   101	0.001	0.000	0.001	0.000	0.000	0.001
  101 --   102	0.001	0.001	0.001	0.000	0.000	0.002
  102 --   103	0.000	0.000	0.000	0.000	0.000	0.001
  103 --   104	0.000	0.000	0.000	0.000	0.000	0.000
  104 --   105	0.000	0.000	0.000	0.000	0.000	0.000
  105 --   106	0.001	0.001	0.001	0.000	0.000	0.001
  106 --   107	0.001	0.001	0.001	0.000	0.000	0.002
  107 --   108	0.001	0.001	0.001	0.000	0.000	0.003
  108 --   109	0.001	0.001	0.001	0.000	0.000	0.002
  109 --   110	0.000	0.001	0.001	0.000	0.000	0.001
  110 --   111	0.000	0.001	0.001	0.000	0.000	0.002
  111 --   112	0.000	0.000	0.000	0.000	0.000	0.000
  112 --   113	0.000	0.000	0.000	0.000	0.000	0.000
  113 --   114	0.000	0.000	0.000	0.000	0.000	0.000
  114 --   115	0.000	0.000	0.000	0.000	0.000	0.000
  115 --   116	0.000	0.000	0.000	0.000	0.000	0.000
  116 --   117	0.000	0.000	0.000	0.000	0.000	0.000
  117 --   118	0.000	0.000	0.001	0.000	0.000	0.001
  118 --   119	0.000	0.001	0.001	0.000	0.000	0.001
  119 --   120	0.000	0.000	0.000	0.000	0.000	0.000
  120 --   121	0.000	0.000	0.000	0.000	0.000	0.001
  121 --   122	0.001	0.000	0.001	0.000	0.000	0.001
  122 --   123	0.000	0.000	0.000	0.000	0.000	0.001
  123 --   124	0.000	0.000	0.000	0.000	0.000	0.000
  124 --   125	0.000	0.000	0.000	0.000	0.000	0.000
  125 --   126	0.000	0.001	0.001	0.000	0.000	0.001
  126 --   127	0.000	0.001	0.001	0.000	0.000	0.001
  127 --   128	0.000	0.000	0.000	0.000	0.000	0.000
  128 --   129	0.000	0.001	0.001	0.000	0.000	0.001
  129 --   130	0.000	0.000	0.000	0.000	0.000	0.001
  130 --   131	0.000	0.000	0.000	0.000	0.000	0.001
  131 --   132	0.000	0.000	0.000	0.000	0.000	0.001
  132 --   133	0.000	0.000	0.000	0.000	0.000	0.001
  133 --   134	0.000	0.000	0.000	0.000	0.000	0.001
  134 --   135	0.000	0.000	0.000	0.000	0.000	0.001
  135 --   136	0.000	0.000	0.000	0.000	0.000	0.000
  136 --   137	0.000	0.000	0.000	0.000	0.000	0.001
  137 --   138	0.000	0.000	0.000	0.000	0.000	0.001
  138 --   139	0.000	0.000	0.000	0.000	0.000	0.000
  139 --   140	0.000	0.000	0.000	0.000	0.000	0.000
  140 --   141	0.000	0.000	0.001	0.000	0.000	0.001
  141 --   142	0.001	0.001	0.001	0.000	0.000	0.002
  142 --   143	0.001	0.001	0.001	0.000	0.000	0.003
  143 --   144	0.001	0.000	0.001	0.000	0.001	0.001
  144 --   145	0.000	0.000	0.000	0.000	0.000	0.000
  145 --   146	0.000	0.000	0.000	0.000	0.000	0.001
  146 --   147	0.001	0.001	0.001	0.000	0.000	0.002
  147 --   148	0.000	0.000	0.000	0.000	0.000	0.000
  148 --   149	0.000	0.000	0.000	0.000	0.000	0.000
  149 --   150	0.000	0.000	0.001	0.000	0.000	0.001
  150 --   151	0.000	0.000	0.000	0.000	0.000	0.001
  151 --   152	0.000	0.000	0.000	0.000	0.000	0.000
  152 --   153	0.000	0.000	0.001	0.000	0.000	0.001
  153 --   154	0.000	0.001	0.001	0.000	0.000	0.002
  154 --   155	0.000	0.000	0.000	0.000	0.000	0.000
  155 --   156	0.000	0.001	0.001	0.000	0.000	0.001
  156 --   157	0.000	0.000	0.001	0.000	0.000	0.001
  157 --   158	0.000	0.000	0.000	0.000	0.000	0.000
  158 --   159	0.000	0.000	0.000	0.000	0.000	0.000
  159 --   160	0.000	0.000	0.000	0.000	0.000	0.001
  160 --   161	0.001	0.001	0.001	0.000	0.000	0.003
  161 --   162	0.000	0.000	0.000	0.000	0.000	0.000
  162 --   163	0.000	0.000	0.000	0.000	0.000	0.000
  163 --   164	0.000	0.000	0.000	0.000	0.000	0.000
  164 --   165	0.000	0.000	0.000	0.000	0.000	0.000
  165 --   166	0.000	0.000	0.001	0.000	0.000	0.001
  166 --   167	0.000	0.000	0.001	0.000	0.000	0.001
  167 --   168	0.000	0.000	0.000	0.000	0.000	0.000
  168 --   169	0.000	0.000	0.000	0.000	0.000	0.001
  169 --   170	0.000	0.000	0.000	0.000	0.000	0.001
  170 --   171	0.001	0.001	0.001	0.000	0.000	0.002
  171 --   172	0.001	0.001	0.001	0.000	0.000	0.002
  172 --   173	0.000	0.000	0.000	0.000	0.000	0.001
  173 --   174	0.000	0.000	0.000	0.000	0.000	0.000
  174 --   175	0.000	0.000	0.000	0.000	0.000	0.001
  175 --   176	0.000	0.000	0.000	0.000	0.000	0.001
  176 --   177	0.001	0.001	0.001	0.000	0.000	0.002
  177 --   178	0.000	0.000	0.000	0.000	0.000	0.000
  178 --   179	0.001	0.001	0.001	0.000	0.000	0.002
  179 --   180	0.000	0.000	0.001	0.000	0.000	0.001
  180 --   181	0.000	0.001	0.001	0.000	0.000	0.002
  181 --   182	0.000	0.001	0.001	0.000	0.000	0.002
  182 --   183	0.001	0.001	0.001	0.000	0.000	0.003
  183 --   184	0.000	0.000	0.000	0.000	0.000	0.001
  184 --   185	0.000	0.000	0.000	0.000	0.000	0.000
  185 --   186	0.000	0.000	0.000	0.000	0.000	0.001
  186 --   187	0.001	0.001	0.001	0.000	0.000	0.002
  187 --   188	0.000	0.000	0.000	0.000	0.000	0.000
  188 --   189	0.000	0.000	0.000	0.000	0.000	0.001
  189 --   190	0.000	0.000	0.000	0.000	0.000	0.000
  190 --   191	0.000	0.000	0.000	0.000	0.000	0.000
  191 --   192	0.001	0.001	0.001	0.000	0.000	0.003
  192 --   193	0.001	0.001	0.001	0.000	0.000	0.002
  193 --   194	0.000	0.000	0.001	0.000	0.000	0.001
  194 --   195	0.000	0.000	0.000	0.000	0.000	0.001
  195 --   196	0.000	0.000	0.001	0.000	0.000	0.001
  196 --   197	0.001	0.001	0.001	0.000	0.000	0.002
  197 --   198	0.001	0.001	0.001	0.000	0.000	0.002
  198 --   199	0.000	0.000	0.000	0.000	0.000	0.001
  199 --   200	0.000	0.000	0.000	0.000	0.000	0.001
  200 --   201	0.001	0.001	0.001	0.000	0.000	0.003
  201 --   202	0.000	0.000	0.000	0.000	0.000	0.001
  202 --   203	0.000	0.000	0.000	0.000	0.000	0.001
  203 --   204	0.001	0.001	0.001	0.000	0.000	0.002
  204 --   205	0.000	0.000	0.000	0.000	0.000	0.001
  205 --   206	0.000	0.001	0.001	0.000	0.000	0.002
  206 --   207	0.001	0.001	0.001	0.000	0.000	0.002
  207 --   208	0.001	0.001	0.001	0.000	0.000	0.002
  208 --   209	0.000	0.000	0.000	0.000	0.000	0.000
  209 --   210	0.000	0.000	0.001	0.000	0.000	0.001
  210 --   211	0.000	0.000	0.000	0.000	0.000	0.001
  211 --   212	0.000	0.000	0.001	0.000	0.000	0.001
  212 --   213	0.000	0.000	0.000	0.000	0.000	0.000
  213 --   214	0.000	0.000	0.000	0.000	0.000	0.001
  214 --   215	0.001	0.000	0.001	0.000	0.000	0.001
  215 --   216	0.000	0.000	0.000	0.000	0.000	0.001
  216 --   217	0.000	0.000	0.000	0.000	0.000	0.001
  217 --   218	0.000	0.000	0.000	0.000	0.000	0.001
  218 --   219	0.000	0.000	0.000	0.000	0.000	0.001
  219 --   220	0.001	0.001	0.001	0.000	0.000	0.002
  220 --   221	0.000	0.000	0.000	0.000	0.000	0.001
  221 --   222	0.000	0.000	0.000	0.000	0.000	0.000
  222 --   223	0.000	0.000	0.000	0.000	0.000	0.000
  223 --   224	0.000	0.000	0.000	0.000	0.000	0.001
  224 --   225	0.001	0.001	0.001	0.000	0.000	0.002
  225 --   226	0.001	0.001	0.001	0.000	0.000	0.002
  226 --   227	0.001	0.000	0.001	0.000	0.001	0.001
  227 --   228	0.001	0.000	0.001	0.000	0.001	0.001
  228 --   229	0.000	0.000	0.000	0.000	0.000	0.001
  229 --   230	0.001	0.001	0.001	0.000	0.000	0.002
  230 --   231	0.001	0.001	0.001	0.000	0.001	0.002
  231 --   232	0.001	0.001	0.001	0.000	0.000	0.003
  232 --   233	0.000	0.000	0.000	0.000	0.000	0.000
  233 --   234	0.000	0.000	0.000	0.000	0.000	0.001
  234 --   235	0.000	0.000	0.000	0.000	0.000	0.000
  235 --   236	0.000	0.000	0.000	0.000	0.000	0.001
  236 --   237	0.000	0.000	0.000	0.000	0.000	0.000
  237 --   238	0.000	0.000	0.000	0.000	0.000	0.000
  238 --   239	0.000	0.000	0.000	0.000	0.000	0.001
  239 --   240	0.000	0.000	0.000	0.000	0.000	0.000
  240 --   241	0.000	0.000	0.000	0.000	0.000	0.001
  241 --   242	0.000	0.000	0.000	0.000	0.000	0.001
  242 --   243	0.000	0.000	0.000	0.000	0.000	0.000
  243 --   244	0.000	0.000	0.000	0.000	0.000	0.001
  244 --   245	0.000	0.000	0.000	0.000	0.000	0.000
  245 --   246	0.000	0.000	0.000	0.000	0.000	0.001
  246 --   247	0.000	0.000	0.000	0.000	0.000	0.001
  247 --   248	0.000	0.000	0.000	0.000	0.000	0.000
  248 --   249	0.000	0.000	0.000	0.000	0.000	0.000
  249 --   250	0.000	0.000	0.000	0.000	0.000	0.000
  250 --   251	0.000	0.000	0.000	0.000	0.000	0.001
  251 --   252	0.000	0.000	0.000	0.000	0.000	0.001
  252 --   253	0.001	0.001	0.001	0.000	0.000	0.002
  253 --   254	0.000	0.000	0.000	0.000	0.000	0.001
  254 --   255	0.000	0.000	0.000	0.000	0.000	0.001
  255 --   256	0.000	0.000	0.000	0.000	0.000	0.001
  256 --   257	0.001	0.001	0.001	0.000	0.000	0.002
  257 --   258	0.000	0.000	0.000	0.000	0.000	0.000
  258 --   259	0.000	0.000	0.000	0.000	0.000	0.001
  259 --   260	0.001	0.001	0.001	0.000	0.000	0.002
  260 --   261	0.000	0.000	0.000	0.000	0.000	0.001
  261 --   262	0.000	0.000	0.000	0.000	0.000	0.000
  262 --   263	0.000	0.000	0.000	0.000	0.000	0.000
  263 --   264	0.000	0.000	0.000	0.000	0.000	0.000
  264 --   265	0.000	0.000	0.001	0.000	0.000	0.001
  265 --   266	0.001	0.001	0.001	0.000	0.000	0.002
  266 --   267	0.001	0.001	0.001	0.000	0.000	0.003
  267 --   268	0.000	0.001	0.001	0.000	0.000	0.002
  268 --   269	0.000	0.000	0.000	0.000	0.000	0.000
  269 --   270	0.000	0.000	0.000	0.000	0.000	0.000
  270 --   271	0.000	0.000	0.000	0.000	0.000	0.000
  271 --   272	0.000	0.000	0.000	0.000	0.000	0.000
  272 --   273	0.000	0.000	0.001	0.000	0.000	0.001
  273 --   274	0.000	0.000	0.000	0.000	0.000	0.001
  274 --   275	0.000	0.000	0.000	0.000	0.000	0.001
  275 --   276	0.000	0.000	0.000	0.000	0.000	0.000
  276 --   277	0.000	0.000	0.000	0.000	0.000	0.001
  277 --   278	0.000	0.000	0.000	0.000	0.000	0.000
  278 --   279	0.000	0.000	0.000	0.000	0.000	0.000
  279 --   280	0.000	0.000	0.000	0.000	0.000	0.000
  280 --   281	0.000	0.000	0.000	0.000	0.000	0.000
  281 --   282	0.000	0.000	0.000	0.000	0.000	0.001
  282 --   283	0.000	0.001	0.001	0.000	0.000	0.002
  283 --   284	0.000	0.000	0.000	0.000	0.000	0.000
  284 --   285	0.000	0.000	0.000	0.000	0.000	0.000
  285 --   286	0.000	0.000	0.000	0.000	0.000	0.000
  286 --   287	0.000	0.000	0.000	0.000	0.000	0.001
  287 --   288	0.000	0.001	0.001	0.000	0.000	0.002
  288 --   289	0.000	0.000	0.000	0.000	0.000	0.000
  289 --   290	0.000	0.000	0.000	0.000	0.000	0.000
  290 --   291	0.000	0.000	0.000	0.000	0.000	0.000
  291 --   292	0.000	0.000	0.000	0.000	0.000	0.000
  292 --   293	0.000	0.000	0.000	0.000	0.000	0.000
  293 --   294	0.000	0.000	0.000	0.000	0.000	0.001
  294 --   295	0.000	0.001	0.001	0.000	0.000	0.002
  295 --   296	0.001	0.001	0.001	0.000	0.000	0.003
  296 --   297	0.000	0.000	0.000	0.000	0.000	0.001
  297 --   298	0.000	0.000	0.000	0.000	0.000	0.000
  298 --   299	0.000	0.000	0.000	0.000	0.000	0.000
  299 --   300	0.000	0.000	0.000	0.000	0.000	0.000
  300 --   301	0.000	0.000	0.000	0.000	0.000	0.001
  301 --   302	0.000	0.000	0.000	0.000	0.000	0.001
  302 --   303	0.001	0.001	0.001	0.000	0.001	0.003
  303 --   304	0.001	0.001	0.001	0.000	0.001	0.002
  304 --   305	0.000	0.000	0.001	0.000	0.000	0.001
  305 --   306	0.000	0.000	0.000	0.000	0.000	0.000
  306 --   307	0.000	0.001	0.001	0.000	0.000	0.002
  307 --   308	0.001	0.001	0.001	0.000	0.001	0.002
  308 --   309	0.001	0.001	0.001	0.000	0.000	0.002
  309 --   310	0.000	0.000	0.000	0.000	0.000	0.000
  310 --   311	0.000	0.000	0.000	0.000	0.000	0.001
  311 --   312	0.001	0.001	0.001	0.000	0.000	0.002
  312 --   313	0.001	0.001	0.001	0.000	0.000	0.002
  313 --   314	0.001	0.001	0.001	0.000	0.000	0.002
  314 --   315	0.001	0.001	0.001	0.000	0.000	0.002
  315 --   316	0.001	0.001	0.001	0.000	0.001	0.002
  316 --   317	0.001	0.001	0.001	0.000	0.000	0.001
  317 --   318	0.001	0.001	0.001	0.000	0.000	0.003
  318 --   319	0.001	0.001	0.001	0.000	0.001	0.002
  319 --   320	0.001	0.001	0.001	0.000	0.000	0.002
  320 --   321	0.001	0.001	0.001	0.000	0.000	0.002
  321 --   322	0.001	0.001	0.001	0.000	0.000	0.002
  322 --   323	0.001	0.001	0.001	0.000	0.000	0.002
  323 --   324	0.001	0.001	0.001	0.000	0.000	0.002
  324 --   325	0.000	0.000	0.000	0.000	0.000	0.001
  325 --   326	0.000	0.000	0.000	0.000	0.000	0.001
  326 --   327	0.001	0.001	0.001	0.000	0.001	0.002
  327 --   328	0.001	0.001	0.001	0.000	0.001	0.002
  328 --   329	0.001	0.001	0.001	0.000	0.000	0.002
  329 --   330	0.000	0.001	0.001	0.000	0.000	0.002
  330 --   331	0.001	0.001	0.001	0.000	0.000	0.002
  331 --   332	0.001	0.001	0.001	0.000	0.000	0.002
  332 --   333	0.001	0.000	0.001	0.000	0.000	0.001
  333 --   334	0.001	0.001	0.001	0.000	0.000	0.002
  334 --   335	0.001	0.001	0.001	0.000	0.000	0.002
  335 --   336	0.000	0.000	0.000	0.000	0.000	0.001
  336 --   337	0.000	0.000	0.000	0.000	0.000	0.001
  337 --   338	0.000	0.000	0.000	0.000	0.000	0.001
  338 --   339	0.000	0.001	0.001	0.000	0.000	0.002
  339 --   340	0.000	0.000	0.000	0.000	0.000	0.000
  340 --   341	0.000	0.000	0.000	0.000	0.000	0.000
  341 --   342	0.000	0.000	0.000	0.000	0.000	0.000
  342 --   343	0.000	0.000	0.000	0.000	0.000	0.000
  343 --   344	0.000	0.000	0.000	0.000	0.000	0.000
  344 --   345	0.000	0.000	0.000	0.000	0.000	0.001
  345 --   346	0.000	0.000	0.000	0.000	0.000	0.001
  346 --   347	0.000	0.000	0.000	0.000	0.000	0.001
  347 --   348	0.000	0.001	0.001	0.000	0.000	0.002
  348 --   349	0.000	0.000	0.000	0.000	0.000	0.001
  349 --   350	0.000	0.000	0.000	0.000	0.000	0.000
  350 --   351	0.000	0.000	0.000	0.000	0.000	0.000
  351 --   352	0.000	0.000	0.000	0.000	0.000	0.000
  352 --   353	0.000	0.000	0.001	0.000	0.000	0.001
  353 --   354	0.000	0.000	0.000	0.000	0.000	0.000
  354 --   355	0.001	0.001	0.001	0.000	0.000	0.002
  355 --   356	0.000	0.001	0.001	0.000	0.000	0.002
  356 --   357	0.001	0.001	0.001	0.000	0.000	0.002
  357 --   358	0.000	0.001	0.001	0.000	0.000	0.002
  358 --   359	0.000	0.000	0.000	0.000	0.000	0.000
  359 --   360	0.000	0.000	0.000	0.000	0.000	0.000
  360 --   361	0.000	0.001	0.001	0.000	0.000	0.002
  361 --   362	0.001	0.001	0.001	0.000	0.000	0.002
  362 --   363	0.000	0.000	0.000	0.000	0.000	0.001
  363 --   364	0.000	0.000	0.000	0.000	0.000	0.000
  364 --   365	0.000	0.000	0.000	0.000	0.000	0.000
  365 --   366	0.001	0.001	0.001	0.000	0.000	0.003
  366 --   367	0.000	0.001	0.001	0.000	0.000	0.002
  367 --   368	0.000	0.000	0.001	0.000	0.000	0.001
  368 --   369	0.000	0.000	0.000	0.000	0.000	0.001
  369 --   370	0.000	0.001	0.001	0.000	0.000	0.002
  370 --   371	0.000	0.000	0.000	0.000	0.000	0.001
  371 --   372	0.000	0.000	0.000	0.000	0.000	0.001
  372 --   373	0.000	0.001	0.001	0.000	0.000	0.002
  373 --   374	0.000	0.000	0.000	0.000	0.000	0.000
  374 --   375	0.000	0.000	0.000	0.000	0.000	0.001
  375 --   376	0.000	0.000	0.001	0.000	0.000	0.001
  376 --   377	0.000	0.000	0.000	0.000	0.000	0.001
  377 --   378	0.001	0.001	0.001	0.000	0.000	0.002
  378 --   379	0.000	0.000	0.000	0.000	0.000	0.001
  379 --   380	0.001	0.001	0.001	0.000	0.000	0.002
  380 --   381	0.001	0.001	0.001	0.000	0.000	0.002
  381 --   382	0.001	0.001	0.001	0.000	0.000	0.002
  382 --   383	0.000	0.000	0.000	0.000	0.000	0.001
  383 --   384	0.001	0.001	0.001	0.000	0.000	0.002
  384 --   385	0.000	0.000	0.000	0.000	0.000	0.001
  385 --   386	0.000	0.000	0.000	0.000	0.000	0.000
  386 --   387	0.001	0.001	0.001	0.000	0.000	0.002
  387 --   388	0.001	0.001	0.001	0.000	0.001	0.002
  388 --   389	0.001	0.001	0.001	0.000	0.000	0.001
  389 --   390	0.000	0.000	0.000	0.000	0.000	0.000
  390 --   391	0.000	0.000	0.000	0.000	0.000	0.001
  391 --   392	0.000	0.001	0.001	0.000	0.000	0.001
  392 --   393	0.001	0.001	0.001	0.000	0.000	0.002
  393 --   394	0.001	0.001	0.001	0.000	0.000	0.001
  394 --   395	0.001	0.001	0.001	0.000	0.000	0.002
  395 --   396	0.001	0.001	0.001	0.000	0.000	0.002
  396 --   397	0.001	0.001	0.001	0.000	0.000	0.002
  397 --   398	0.001	0.000	0.001	0.000	0.001	0.001
  398 --   399	0.001	0.001	0.001	0.000	0.000	0.003
  399 --   400	0.001	0.001	0.001	0.000	0.001	0.002
  400 --   401	0.001	0.001	0.001	0.000	0.000	0.002
  401 --   402	0.001	0.001	0.001	0.000	0.001	0.002
  402 --   403	0.000	0.001	0.001	0.000	0.000	0.001
  403 --   404	0.000	0.000	0.000	0.000	0.000	0.000
  404 --   405	0.000	0.000	0.000	0.000	0.000	0.000
  405 --   406	0.001	0.001	0.001	0.000	0.000	0.002
  406 --   407	0.001	0.000	0.001	0.000	0.000	0.001
  407 --   408	0.000	0.000	0.000	0.000	0.000	0.001
  408 --   409	0.001	0.001	0.001	0.000	0.000	0.003
  409 --   410	0.000	0.001	0.001	0.000	0.000	0.002
  410 --   411	0.000	0.000	0.000	0.000	0.000	0.001
  411 --   412	0.000	0.000	0.000	0.000	0.000	0.001
  412 --   413	0.001	0.001	0.001	0.000	0.000	0.002
  413 --   414	0.001	0.001	0.001	0.000	0.000	0.002
  414 --   415	0.001	0.001	0.001	0.000	0.000	0.003
  415 --   416	0.001	0.001	0.001	0.000	0.000	0.002
  416 --   417	0.001	0.001	0.001	0.000	0.001	0.003
  417 --   418	0.000	0.000	0.000	0.000	0.000	0.001
  418 --   419	0.000	0.000	0.000	0.000	0.000	0.000
  419 --   420	0.001	0.001	0.001	0.000	0.000	0.002
  420 --   421	0.001	0.001	0.001	0.000	0.000	0.002
  421 --   422	0.001	0.000	0.001	0.000	0.001	0.001
  422 --   423	0.001	0.001	0.001	0.000	0.001	0.001
  423 --   424	0.001	0.001	0.001	0.000	0.000	0.002
  424 --   425	0.001	0.001	0.001	0.000	0.000	0.002
  425 --   426	0.001	0.001	0.001	0.000	0.000	0.002
  426 --   427	0.001	0.001	0.001	0.000	0.000	0.003
  427 --   428	0.000	0.000	0.000	0.000	0.000	0.000
  428 --   429	0.001	0.001	0.001	0.000	0.000	0.002
  429 --   430	0.001	0.001	0.001	0.000	0.002	0.003
  430 --   431	0.001	0.001	0.001	0.000	0.000	0.002
  431 --   432	0.001	0.001	0.001	0.000	0.001	0.002
  432 --   433	0.001	0.000	0.001	0.000	0.001	0.002
  433 --   434	0.001	0.001	0.001	0.000	0.000	0.002
  434 --   435	0.001	0.001	0.001	0.000	0.001	0.002
  435 --   436	0.001	0.001	0.001	0.000	0.000	0.002
  436 --   437	0.001	0.000	0.001	0.000	0.001	0.001
  437 --   438	0.001	0.001	0.001	0.000	0.002	0.002
  438 --   439	0.001	0.001	0.001	0.000	0.000	0.003
  439 --   440	0.000	0.000	0.001	0.000	0.000	0.001
  440 --   441	0.001	0.001	0.001	0.000	0.001	0.002
  441 --   442	0.001	0.001	0.001	0.000	0.001	0.002
  442 --   443	0.001	0.001	0.001	0.000	0.000	0.002
  443 --   444	0.000	0.001	0.001	0.000	0.000	0.002
  444 --   445	0.000	0.000	0.000	0.000	0.000	0.000
  445 --   446	0.001	0.001	0.001	0.000	0.000	0.002
  446 --   447	0.001	0.001	0.001	0.000	0.000	0.002
  447 --   448	0.000	0.000	0.000	0.000	0.000	0.000
  448 --   449	0.000	0.000	0.000	0.000	0.000	0.001
  449 --   450	0.000	0.001	0.001	0.000	0.000	0.002
  450 --   451	0.000	0.000	0.000	0.000	0.000	0.000
  451 --   452	0.001	0.001	0.001	0.000	0.001	0.001
  452 --   453	0.001	0.001	0.001	0.000	0.001	0.002
  453 --   454	0.000	0.000	0.000	0.000	0.000	0.001
  454 --   455	0.000	0.000	0.000	0.000	0.000	0.001
  455 --   456	0.001	0.001	0.001	0.000	0.001	0.002
  456 --   457	0.000	0.000	0.000	0.000	0.000	0.001
  457 --   458	0.000	0.000	0.000	0.000	0.000	0.000
  458 --   459	0.000	0.000	0.000	0.000	0.000	0.001
  459 --   460	0.001	0.001	0.001	0.000	0.000	0.002
  460 --   461	0.000	0.000	0.001	0.000	0.000	0.001
  461 --   462	0.000	0.001	0.001	0.000	0.000	0.002
  462 --   463	0.001	0.001	0.001	0.000	0.000	0.002
  463 --   464	0.001	0.001	0.001	0.000	0.000	0.002
  464 --   465	0.001	0.001	0.001	0.000	0.000	0.002
  465 --   466	0.000	0.000	0.000	0.000	0.000	0.001
  466 --   467	0.000	0.001	0.001	0.000	0.000	0.002
  467 --   468	0.001	0.001	0.001	0.000	0.001	0.001
  468 --   469	0.000	0.000	0.001	0.000	0.000	0.001
  469 --   470	0.000	0.000	0.000	0.000	0.000	0.001
  470 --   471	0.001	0.001	0.001	0.000	0.000	0.002
  471 --   472	0.001	0.001	0.001	0.000	0.001	0.002
  472 --   473	0.001	0.001	0.001	0.000	0.000	0.002
  473 --   474	0.001	0.001	0.001	0.000	0.000	0.002
  474 --   475	0.001	0.001	0.001	0.000	0.000	0.002
  475 --   476	0.001	0.001	0.001	0.000	0.000	0.002
  476 --   477	0.000	0.000	0.000	0.000	0.000	0.001
  477 --   478	0.001	0.001	0.001	0.000	0.002	0.002
  478 --   479	0.001	0.001	0.001	0.000	0.001	0.002
  479 --   480	0.001	0.001	0.001	0.000	0.001	0.003
  480 --   481	0.000	0.000	0.000	0.000	0.000	0.001
  481 --   482	0.000	0.000	0.001	0.000	0.000	0.001
  482 --   483	0.001	0.001	0.001	0.000	0.000	0.002
  483 --   484	0.001	0.001	0.001	0.000	0.000	0.002
  484 --   485	0.001	0.001	0.001	0.000	0.000	0.001
  485 --   486	0.000	0.001	0.001	0.000	0.000	0.001
  486 --   487	0.000	0.000	0.001	0.000	0.000	0.001
  487 --   488	0.001	0.001	0.001	0.000	0.000	0.001
  488 --   489	0.001	0.001	0.001	0.000	0.001	0.002
  489 --   490	0.000	0.001	0.001	0.000	0.000	0.002
  490 --   491	0.000	0.000	0.000	0.000	0.000	0.000
  491 --   492	0.000	0.001	0.001	0.000	0.000	0.002
  492 --   493	0.001	0.001	0.001	0.000	0.002	0.002
  493 --   494	0.001	0.001	0.001	0.000	0.000	0.002
  494 --   495	0.001	0.001	0.001	0.000	0.000	0.002
  495 --   496	0.001	0.001	0.001	0.000	0.002	0.002
  496 --   497	0.001	0.001	0.001	0.000	0.000	0.003
  497 --   498	0.001	0.001	0.001	0.000	0.001	0.002
  498 --   499	0.001	0.001	0.001	0.000	0.001	0.002
  499 --   500	0.001	0.000	0.001	0.000	0.001	0.001
  500 --   501	0.001	0.001	0.001	0.000	0.000	0.002
  501 --   502	0.001	0.001	0.001	0.000	0.000	0.002
  502 --   503	0.001	0.001	0.001	0.000	0.001	0.002
  503 --   504	0.001	0.001	0.001	0.000	0.001	0.002
  504 --   505	0.001	0.001	0.001	0.000	0.001	0.002
  505 --   506	0.000	0.000	0.000	0.000	0.000	0.001
  506 --   507	0.000	0.000	0.000	0.000	0.000	0.001
  507 --   508	0.001	0.001	0.001	0.000	0.000	0.002
  508 --   509	0.001	0.001	0.001	0.000	0.000	0.003
  509 --   510	0.001	0.001	0.001	0.000	0.001	0.002
  510 --   511	0.001	0.001	0.001	0.000	0.000	0.002
  511 --   512	0.001	0.001	0.001	0.000	0.001	0.002
  512 --   513	0.000	0.000	0.000	0.000	0.000	0.001
  513 --   514	0.000	0.000	0.000	0.000	0.000	0.001
  514 --   515	0.001	0.001	0.001	0.000	0.000	0.002
  515 --   516	0.001	0.001	0.001	0.000	0.000	0.002
  516 --   517	0.001	0.001	0.001	0.000	0.000	0.002
  517 --   518	0.000	0.000	0.000	0.000	0.000	0.000
  518 --   519	0.000	0.001	0.001	0.000	0.000	0.002
  519 --   520	0.001	0.001	0.001	0.000	0.000	0.003
  520 --   521	0.001	0.001	0.001	0.000	0.000	0.002
  521 --   522	0.000	0.000	0.001	0.000	0.000	0.001
  522 --   523	0.001	0.001	0.001	0.000	0.000	0.002
  523 --   524	0.000	0.000	0.000	0.000	0.000	0.001
  524 --   525	0.000	0.000	0.000	0.000	0.000	0.001
  525 --   526	0.001	0.001	0.001	0.000	0.002	0.002
  526 --   527	0.001	0.001	0.001	0.000	0.001	0.002
  527 --   528	0.001	0.001	0.001	0.000	0.000	0.002
  528 --   529	0.000	0.001	0.001	0.000	0.000	0.002
  529 --   530	0.001	0.001	0.001	0.000	0.000	0.002
  530 --   531	0.001	0.001	0.001	0.000	0.001	0.002
  531 --   532	0.001	0.001	0.001	0.000	0.002	0.002
  532 --   533	0.001	0.001	0.001	0.000	0.001	0.002
  533 --   534	0.001	0.001	0.001	0.000	0.001	0.002
  534 --   535	0.001	0.001	0.001	0.000	0.001	0.002
  535 --   536	0.001	0.001	0.001	0.000	0.002	0.003
  536 --   537	0.001	0.001	0.001	0.000	0.001	0.002
  537 --   538	0.001	0.001	0.001	0.000	0.001	0.003
  538 --   539	0.001	0.001	0.001	0.000	0.000	0.003
  539 --   540	0.000	0.000	0.001	0.000	0.000	0.001
  540 --   541	0.001	0.001	0.001	0.000	0.000	0.001
  541 --   542	0.001	0.001	0.001	0.000	0.000	0.002
  542 --   543	0.001	0.001	0.001	0.000	0.000	0.002
  543 --   544	0.001	0.001	0.001	0.000	0.000	0.002
  544 --   545	0.000	0.000	0.000	0.000	0.000	0.000
  545 --   546	0.000	0.000	0.000	0.000	0.000	0.000
  546 --   547	0.001	0.001	0.001	0.000	0.000	0.002
  547 --   548	0.001	0.001	0.001	0.000	0.001	0.002
  548 --   549	0.000	0.001	0.001	0.000	0.000	0.002
  549 --   550	0.001	0.001	0.001	0.000	0.000	0.002
  550 --   551	0.000	0.000	0.000	0.000	0.000	0.001
  551 --   552	0.001	0.001	0.001	0.000	0.000	0.002
  552 --   553	0.001	0.001	0.001	0.000	0.000	0.003
  553 --   554	0.001	0.001	0.001	0.000	0.000	0.003
  554 --   555	0.001	0.001	0.001	0.000	0.000	0.002
  555 --   556	0.001	0.001	0.001	0.000	0.001	0.002
  556 --   557	0.001	0.001	0.001	0.000	0.000	0.002
  557 --   558	0.001	0.000	0.001	0.000	0.001	0.001
  558 --   559	0.001	0.001	0.001	0.000	0.000	0.001
  559 --   560	0.001	0.001	0.001	0.000	0.000	0.002
  560 --   561	0.001	0.001	0.001	0.000	0.000	0.001
  561 --   562	0.001	0.001	0.001	0.000	0.000	0.002
  562 --   563	0.000	0.000	0.000	0.000	0.000	0.000
  563 --   564	0.000	0.000	0.001	0.000	0.000	0.001
  564 --   565	0.001	0.001	0.001	0.000	0.000	0.002
  565 --   566	0.001	0.001	0.001	0.000	0.000	0.002
  566 --   567	0.000	0.000	0.000	0.000	0.000	0.000
  567 --   568	0.000	0.001	0.001	0.000	0.000	0.002
  568 --   569	0.001	0.001	0.001	0.000	0.001	0.002
  569 --   570	0.001	0.001	0.001	0.000	0.001	0.002
  570 --   571	0.000	0.000	0.001	0.000	0.000	0.001
  571 --   572	0.001	0.001	0.001	0.000	0.000	0.002
  572 --   573	0.001	0.001	0.001	0.000	0.000	0.002
  573 --   574	0.001	0.001	0.001	0.000	0.001	0.002
  574 --   575	0.001	0.001	0.001	0.000	0.000	0.002
  575 --   576	0.001	0.001	0.001	0.000	0.000	0.001
  576 --   577	0.001	0.001	0.001	0.000	0.000	0.002
  577 --   578	0.001	0.001	0.001	0.000	0.000	0.002
  578 --   579	0.001	0.001	0.001	0.000	0.000	0.002
  579 --   580	0.001	0.000	0.001	0.000	0.000	0.001
  580 --   581	0.001	0.001	0.001	0.000	0.000	0.002
  581 --   582	0.000	0.000	0.000	0.000	0.000	0.000
  582 --   583	0.001	0.000	0.001	0.000	0.001	0.001
  583 --   584	0.002	0.000	0.001	0.001	0.002	0.002
  584 --   585	0.001	0.001	0.001	0.000	0.000	0.002
  585 --   586	0.000	0.000	0.000	0.000	0.000	0.000
  586 --   587	0.000	0.000	0.000	0.000	0.000	0.000
  587 --   588	0.000	0.000	0.000	0.000	0.000	0.001
  588 --   589	0.001	0.000	0.001	0.001	0.001	0.002
  589 --   590	0.001	0.001	0.001	0.000	0.001	0.002
  590 --   591	0.001	0.001	0.001	0.000	0.001	0.002
  591 --   592	0.001	0.001	0.001	0.000	0.001	0.002
  592 --   593	0.001	0.001	0.001	0.000	0.000	0.002
  593 --   594	0.001	0.001	0.001	0.000	0.000	0.002
  594 --   595	0.001	0.001	0.001	0.000	0.000	0.002
  595 --   596	0.000	0.001	0.001	0.000	0.000	0.002
  596 --   597	0.001	0.001	0.001	0.000	0.000	0.003
  597 --   598	0.001	0.001	0.001	0.000	0.000	0.002
  598 --   599	0.001	0.001	0.001	0.000	0.002	0.002
  599 --   600	0.001	0.001	0.001	0.000	0.001	0.002
    0 --   600	0.000	0.000	0.000	0.000	0.001	0.001