Interval	Avg	Std	CI=0.95	Min	Median	Max
    0 --     1	0.000	0.000	0.000	0.000	0.000	0.000
    1 --     2	0.000	0.000	0.000	0.000	0.000	0.000
    2 --     3	0.000	0.000	0.000	0.000	0.000	0.000
    3 --     4	0.000	0.000	0.000	0.000	0.000	0.000
    4 --     5	0.002	0.004	0.005	0.000	0.000	0.010
    5 --     6	0.001	0.001	0.001	0.000	0.000	0.002
    6 --     7	0.003	0.005	0.006	0.000	0.000	0.012
    7 --     8	0.006	0.005	0.006	0.000	0.008	0.013
    8 --     9	0.001	0.001	0.001	0.000	0.000	0.002
    9 --    10	0.000	0.000	0.000	0.000	0.000	0.000
   10 --    11	0.007	0.006	0.008	0.000	0.005	0.014
   11 --    12	0.005	0.006	0.008	0.000	0.000	0.013
   12 --    13	0.003	0.003	0.003	0.000	0.002	0.006
   13 --    14	0.004	0.006	0.008	0.000	0.001	0.016
   14 --    15	0.007	0.006	0.008	0.000	0.010	0.016
   15 --    16	0.001	0.001	0.002	0.000	0.000	0.004
   16 --    17	0.001	0.001	0.001	0.000	0.000	0.002
   17 --    18	0.001	0.001	0.001	0.000	0.000	0.003
   18 --    19	0.006	0.007	0.009	0.000	0.000	0.014
   19 --    20	0.002	0.003	0.004	0.000	0.000	0.007
   20 --    21	0.005	0.004	0.005	0.000	0.007	0.009
   21 --    22	0.006	0.005	0.006	0.000	0.010	0.010
   22 --    23	0.003	0.002	0.003	0.000	0.004	0.005
   23 --    24	0.002	0.004	0.005	0.000	0.001	0.010
   24 --    25	0.002	0.002	0.003	0.000	0.000	0.005
   25 --    26	0.000	0.000	0.000	0.000	0.000	0.000
   26 --    27	0.006	0.007	0.008	0.000	0.007	0.018
   27 --    28	0.001	0.000	0.001	0.000	0.000	0.002
   28 --    29	0.000	0.000	0.000	0.000	0.000	0.000
   29 --    30	0.003	0.004	0.005	0.000	0.000	0.008
   30 --    31	0.006	0.005	0.006	0.000	0.008	0.010
   31 --    32	0.000	0.000	0.000	0.000	0.000	0.000
   32 --    33	0.000	0.000	0.000	0.000	0.000	0.000
   33 --    34	0.002	0.003	0.004	0.000	0.000	0.009
   34 --    35	0.001	0.001	0.001	0.000	0.000	0.002
   35 --    36	0.006	0.007	0.009	0.000	0.000	0.015
   36 --    37	0.008	0.008	0.009	0.000	0.005	0.017
   37 --    38	0.012	0.010	0.013	0.000	0.013	0.023
   38 --    39	0.008	0.006	0.008	0.000	0.009	0.015
   39 --    40	0.003	0.003	0.004	0.000	0.001	0.007
   40 --    41	0.001	0.003	0.003	0.000	0.000	0.007
   41 --    42	0.000	0.000	0.000	0.000	0.000	0.000
   42 --    43	0.001	0.001	0.002	0.000	0.000	0.003
   43 --    44	0.004	0.005	0.006	0.000	0.001	0.010
   44 --    45	0.007	0.008	0.009	0.000	0.002	0.016
   45 --    46	0.001	0.001	0.002	0.000	0.000	0.003
   46 --    47	0.000	0.000	0.000	0.000	0.000	0.000
   47 --    48	0.004	0.004	0.005	0.000	0.000	0.009
   48 --    49	0.006	0.007	0.009	0.000	0.001	0.015
   49 --    50	0.031	0.061	0.076	0.000	0.000	0.154
   50 --    51	0.060	0.120	0.149	0.000	0.000	0.300
   51 --    52	0.004	0.005	0.006	0.000	0.004	0.013
   52 --    53	0.014	0.013	0.016	0.000	0.014	0.029
   53 --    54	0.008	0.009	0.011	0.000	0.000	0.019
   54 --    55	0.003	0.004	0.005	0.000	0.000	0.008
   55 --    56	0.000	0.000	0.000	0.000	0.000	0.000
   56 --    57	0.003	0.003	0.003	0.000	0.004	0.006
   57 --    58	0.005	0.010	0.012	0.000	0.001	0.024
   58 --    59	0.002	0.003	0.004	0.000	0.000	0.009
   59 --    60	0.001	0.002	0.003	0.000	0.000	0.006
   60 --    61	0.001	0.002	0.002	0.000	0.000	0.005
   61 --    62	0.001	0.002	0.003	0.000	0.000	0.005
   62 --    63	0.004	0.004	0.005	0.000	0.003	0.009
   63 --    64	0.021	0.030	0.038	0.000	0.013	0.081
   64 --    65	0.050	0.101	0.125	0.000	0.000	0.252
   65 --    66	0.000	0.000	0.000	0.000	0.000	0.000
   66 --    67	0.024	0.045	0.056	0.000	0.003	0.114
   67 --    68	0.032	0.061	0.076	0.000	0.003	0.155
   68 --    69	0.005	0.006	0.008	0.000	0.000	0.012
   69 --    70	0.007	0.008	0.010	0.000	0.000	0.016
   70 --    71	0.000	0.000	0.000	0.000	0.000	0.001
   71 --    72	0.000	0.000	0.000	0.000	0.000	0.000
   72 --    73	0.005	0.007	0.008	0.000	0.000	0.014
   73 --    74	0.001	0.001	0.001	0.000	0.000	0.002
   74 --    75	0.000	0.000	0.000	0.000	0.000	0.000
   75 --    76	0.000	0.000	0.000	0.000	0.000	0.000
   76 --    77	0.002	0.003	0.003	0.000	0.000	0.007
   77 --    78	0.001	0.001	0.001	0.000	0.002	0.002
   78 --    79	0.007	0.008	0.010	0.000	0.003	0.017
   79 --    80	0.002	0.003	0.003	0.000	0.000	0.006
   80 --    81	0.001	0.001	0.001	0.000	0.000	0.002
   81 --    82	0.006	0.007	0.009	0.000	0.000	0.015
   82 --    83	0.008	0.007	0.008	0.000	0.012	0.017
   83 --    84	0.001	0.003	0.003	0.000	0.000	0.007
   84 --    85	0.003	0.007	0.008	0.000	0.000	0.016
   85 --    86	0.000	0.000	0.000	0.000	0.000	0.001
   86 --    87	0.000	0.000	0.000	0.000	0.000	0.000
   87 --    88	0.003	0.002	0.003	0.000	0.002	0.005
   88 --    89	0.005	0.010	0.012	0.000	0.000	0.025
   89 --    90	0.002	0.004	0.005	0.000	0.000	0.010
   90 --    91	0.000	0.000	0.000	0.000	0.000	0.000
   91 --    92	0.000	0.000	0.000	0.000	0.000	0.000
   92 --    93	0.007	0.004	0.005	0.000	0.009	0.011
   93 --    94	0.010	0.005	0.007	0.000	0.011	0.017
   94 --    95	0.004	0.004	0.005	0.000	0.004	0.009
   95 --    96	0.004	0.005	0.006	0.000	0.000	0.013
   96 --    97	0.006	0.006	0.007	0.000	0.003	0.016
   97 --    98	0.007	0.008	0.009	0.000	0.008	0.021
   98 --    99	0.001	0.003	0.003	0.000	0.000	0.006
   99 --   100	0.000	0.000	0.000	0.000	0.000	0.000
  100 --   101	0.006	0.005	0.006	0.000	0.009	0.010
  101 --   102	0.005	0.008	0.010	0.000	0.003	0.021
  102 --   103	0.003	0.003	0.004	0.000	0.001	0.007
  103 --   104	0.000	0.000	0.000	0.000	0.000	0.000
  104 --   105	0.000	0.000	0.000	0.000	0.000	0.000
  105 --   106	0.006	0.005	0.006	0.000	0.008	0.013
  106 --   107	0.004	0.008	0.010	0.000	0.000	0.019
  107 --   108	0.005	0.009	0.011	0.000	0.000	0.023
  108 --   109	0.005	0.006	0.008	0.000	0.004	0.017
  109 --   110	0.003	0.005	0.007	0.000	0.000	0.013
  110 --   111	0.003	0.006	0.008	0.000	0.000	0.016
  111 --   112	0.000	0.000	0.000	0.000	0.000	0.000
  112 --   113	0.000	0.000	0.000	0.000	0.000	0.000
  113 --   114	0.000	0.000	0.000	0.000	0.000	0.000
  114 --   115	0.000	0.000	0.000	0.000	0.000	0.000
  115 --   116	0.000	0.000	0.000	0.000	0.000	0.000
  116 --   117	0.000	0.000	0.000	0.000	0.000	0.000
  117 --   118	0.004	0.005	0.006	0.000	0.000	0.010
  118 --   119	0.006	0.007	0.008	0.000	0.000	0.014
  119 --   120	0.000	0.000	0.000	0.000	0.000	0.000
  120 --   121	0.002	0.002	0.002	0.000	0.004	0.004
  121 --   122	0.004	0.004	0.005	0.000	0.005	0.012
  122 --   123	0.004	0.003	0.004	0.000	0.002	0.010
  123 --   124	0.000	0.000	0.000	0.000	0.000	0.000
  124 --   125	0.000	0.000	0.000	0.000	0.000	0.000
  125 --   126	0.003	0.005	0.006	0.000	0.000	0.012
  126 --   127	0.005	0.006	0.007	0.000	0.000	0.012
  127 --   128	0.001	0.001	0.001	0.000	0.000	0.002
  128 --   129	0.005	0.006	0.008	0.000	0.000	0.013
  129 --   130	0.000	0.000	0.000	0.000	0.000	0.000
  130 --   131	0.002	0.003	0.004	0.000	0.000	0.008
  131 --   132	0.001	0.001	0.001	0.000	0.000	0.003
  132 --   133	0.002	0.003	0.004	0.000	0.000	0.009
  133 --   134	0.004	0.004	0.005	0.000	0.001	0.008
  134 --   135	0.002	0.003	0.004	0.000	0.000	0.006
  135 --   136	0.000	0.000	0.000	0.000	0.000	0.000
  136 --   137	0.004	0.004	0.005	0.000	0.000	0.009
  137 --   138	0.003	0.002	0.003	0.000	0.005	0.006
  138 --   139	0.001	0.001	0.001	0.000	0.000	0.002
  139 --   140	0.000	0.000	0.000	0.000	0.000	0.000
  140 --   141	0.003	0.004	0.005	0.000	0.000	0.008
  141 --   142	0.005	0.006	0.008	0.000	0.000	0.013
  142 --   143	0.001	0.001	0.001	0.000	0.002	0.002
  143 --   144	0.003	0.002	0.003	0.000	0.004	0.005
  144 --   145	0.000	0.000	0.000	0.000	0.000	0.000
  145 --   146	0.000	0.000	0.000	0.000	0.000	0.000
  146 --   147	0.000	0.000	0.000	0.000	0.000	0.000
  147 --   148	0.001	0.002	0.002	0.000	0.000	0.004
  148 --   149	0.001	0.001	0.002	0.000	0.002	0.003
  149 --   150	0.004	0.004	0.005	0.000	0.000	0.009
  150 --   151	0.002	0.002	0.003	0.000	0.000	0.005
  151 --   152	0.001	0.001	0.002	0.000	0.000	0.003
  152 --   153	0.003	0.003	0.003	0.000	0.002	0.006
  153 --   154	0.001	0.001	0.001	0.000	0.000	0.002
  154 --   155	0.000	0.000	0.000	0.000	0.000	0.000
  155 --   156	0.005	0.006	0.008	0.000	0.000	0.013
  156 --   157	0.004	0.005	0.006	0.000	0.000	0.011
  157 --   158	0.000	0.000	0.000	0.000	0.000	0.000
  158 --   159	0.000	0.000	0.000	0.000	0.000	0.000
  159 --   160	0.003	0.004	0.005	0.000	0.000	0.008
  160 --   161	0.014	0.013	0.016	0.000	0.014	0.029
  161 --   162	0.001	0.001	0.001	0.000	0.000	0.002
  162 --   163	0.000	0.000	0.000	0.000	0.000	0.000
  163 --   164	0.000	0.000	0.000	0.000	0.000	0.000
  164 --   165	0.000	0.000	0.000	0.000	0.000	0.000
  165 --   166	0.005	0.004	0.005	0.000	0.007	0.010
  166 --   167	0.000	0.000	0.000	0.000	0.000	0.000
  167 --   168	0.000	0.000	0.000	0.000	0.000	0.000
  168 --   169	0.001	0.003	0.003	0.000	0.000	0.006
  169 --   170	0.001	0.001	0.002	0.000	0.000	0.004
  170 --   171	0.007	0.009	0.011	0.000	0.000	0.018
  171 --   172	0.004	0.005	0.006	0.000	0.000	0.010
  172 --   173	0.000	0.000	0.000	0.000	0.000	0.000
  173 --   174	0.001	0.001	0.001	0.000	0.000	0.002
  174 --   175	0.002	0.002	0.003	0.000	0.000	0.004
  175 --   176	0.002	0.002	0.003	0.000	0.000	0.005
  176 --   177	0.000	0.000	0.000	0.000	0.000	0.000
  177 --   178	0.001	0.001	0.002	0.000	0.001	0.003
  178 --   179	0.004	0.005	0.006	0.000	0.000	0.009
  179 --   180	0.002	0.003	0.004	0.000	0.000	0.006
  180 --   181	0.000	0.000	0.000	0.000	0.000	0.000
  181 --   182	0.000	0.000	0.000	0.000	0.000	0.000
  182 --   183	0.000	0.000	0.001	0.000	0.000	0.001
  183 --   184	0.002	0.002	0.003	0.000	0.000	0.005
  184 --   185	0.000	0.000	0.000	0.000	0.000	0.000
  185 --   186	0.002	0.002	0.003	0.000	0.000	0.004
  186 --   187	0.003	0.004	0.005	0.000	0.000	0.008
  187 --   188	0.000	0.000	0.000	0.000	0.000	0.000
  188 --   189	0.003	0.003	0.004	0.000	0.000	0.007
  189 --   190	0.000	0.000	0.000	0.000	0.000	0.000
  190 --   191	0.000	0.000	0.000	0.000	0.000	0.000
  191 --   192	0.003	0.003	0.004	0.000	0.000	0.007
  192 --   193	0.002	0.003	0.003	0.000	0.000	0.006
  193 --   194	0.000	0.000	0.000	0.000	0.000	0.000
  194 --   195	0.000	0.000	0.000	0.000	0.000	0.000
  195 --   196	0.000	0.000	0.000	0.000	0.000	0.000
  196 --   197	0.001	0.002	0.002	0.000	0.000	0.003
  197 --   198	0.003	0.004	0.005	0.000	0.000	0.008
  198 --   199	0.000	0.000	0.000	0.000	0.000	0.001
  199 --   200	0.004	0.004	0.005	0.000	0.000	0.009
  200 --   201	0.000	0.000	0.000	0.000	0.000	0.000
  201 --   202	0.000	0.000	0.000	0.000	0.000	0.000
  202 --   203	0.004	0.004	0.005	0.000	0.000	0.008
  203 --   204	0.009	0.011	0.013	0.000	0.000	0.022
  204 --   205	0.000	0.000	0.000	0.000	0.000	0.000
  205 --   206	0.000	0.000	0.000	0.000	0.000	0.000
  206 --   207	0.004	0.004	0.005	0.000	0.000	0.009
  207 --   208	0.000	0.000	0.000	0.000	0.000	0.000
  208 --   209	0.000	0.000	0.000	0.000	0.000	0.000
  209 --   210	0.002	0.005	0.006	0.000	0.000	0.012
  210 --   211	0.003	0.003	0.004	0.000	0.000	0.006
  211 --   212	0.003	0.005	0.006	0.000	0.000	0.012
  212 --   213	0.001	0.001	0.001	0.000	0.000	0.002
  213 --   214	0.002	0.003	0.004	0.000	0.000	0.008
  214 --   215	0.006	0.005	0.006	0.000	0.007	0.013
  215 --   216	0.002	0.002	0.002	0.000	0.000	0.004
  216 --   217	0.002	0.002	0.003	0.000	0.000	0.005
  217 --   218	0.005	0.004	0.004	0.000	0.007	0.008
  218 --   219	0.002	0.002	0.002	0.000	0.002	0.004
  219 --   220	0.004	0.007	0.009	0.000	0.000	0.018
  220 --   221	0.004	0.004	0.004	0.000	0.007	0.009
  221 --   222	0.000	0.000	0.000	0.000	0.000	0.000
  222 --   223	0.000	0.000	0.000	0.000	0.000	0.000
  223 --   224	0.000	0.000	0.000	0.000	0.000	0.000
  224 --   225	0.003	0.003	0.004	0.000	0.000	0.006
  225 --   226	0.000	0.000	0.000	0.000	0.000	0.001
  226 --   227	0.004	0.003	0.004	0.000	0.005	0.008
  227 --   228	0.006	0.005	0.007	0.000	0.006	0.012
  228 --   229	0.001	0.002	0.002	0.000	0.000	0.004
  229 --   230	0.002	0.002	0.002	0.000	0.000	0.004
  230 --   231	0.007	0.006	0.008	0.000	0.006	0.014
  231 --   232	0.001	0.002	0.002	0.000	0.000	0.004
  232 --   233	0.000	0.000	0.000	0.000	0.000	0.000
  233 --   234	0.003	0.003	0.004	0.000	0.000	0.007
  234 --   235	0.000	0.000	0.000	0.000	0.000	0.001
  235 --   236	0.005	0.004	0.005	0.000	0.005	0.009
  236 --   237	0.002	0.002	0.002	0.000	0.003	0.004
  237 --   238	0.001	0.002	0.002	0.000	0.000	0.005
  238 --   239	0.003	0.002	0.003	0.000	0.004	0.005
  239 --   240	0.000	0.000	0.000	0.000	0.000	0.001
  240 --   241	0.001	0.002	0.002	0.000	0.000	0.005
  241 --   242	0.003	0.002	0.003	0.000	0.003	0.005
  242 --   243	0.003	0.005	0.006	0.000	0.000	0.013
  243 --   244	0.015	0.029	0.036	0.000	0.000	0.072
  244 --   245	0.044	0.084	0.104	0.000	0.003	0.212
  245 --   246	0.013	0.017	0.021	0.000	0.010	0.045
  246 --   247	0.010	0.019	0.024	0.000	0.000	0.048
  247 --   248	0.000	0.000	0.000	0.000	0.000	0.000
  248 --   249	0.001	0.001	0.001	0.000	0.000	0.002
  249 --   250	0.001	0.001	0.001	0.000	0.001	0.002
  250 --   251	0.003	0.004	0.005	0.000	0.000	0.010
  251 --   252	0.004	0.004	0.004	0.000	0.005	0.010
  252 --   253	0.009	0.009	0.012	0.000	0.006	0.021
  253 --   254	0.030	0.055	0.069	0.000	0.004	0.140
  254 --   255	0.001	0.002	0.003	0.000	0.000	0.006
  255 --   256	0.002	0.002	0.003	0.000	0.000	0.005
  256 --   257	0.007	0.007	0.009	0.000	0.004	0.021
  257 --   258	0.001	0.001	0.001	0.000	0.002	0.002
  258 --   259	0.001	0.002	0.002	0.000	0.000	0.004
  259 --   260	0.004	0.008	0.009	0.000	0.000	0.019
  260 --   261	0.000	0.000	0.000	0.000	0.000	0.001
  261 --   262	0.001	0.001	0.001	0.000	0.000	0.001
  262 --   263	0.001	0.001	0.002	0.000	0.000	0.003
  263 --   264	0.000	0.000	0.000	0.000	0.000	0.000
  264 --   265	0.000	0.001	0.001	0.000	0.000	0.002
  265 --   266	0.003	0.006	0.007	0.000	0.000	0.015
  266 --   267	0.006	0.010	0.012	0.000	0.002	0.026
  267 --   268	0.004	0.006	0.007	0.000	0.002	0.015
  268 --   269	0.000	0.001	0.001	0.000	0.000	0.001
  269 --   270	0.001	0.001	0.001	0.000	0.000	0.002
  270 --   271	0.000	0.000	0.000	0.000	0.000	0.000
  271 --   272	0.001	0.002	0.002	0.000	0.000	0.003
  272 --   273	0.005	0.006	0.007	0.000	0.000	0.012
  273 --   274	0.001	0.001	0.002	0.000	0.001	0.004
  274 --   275	0.002	0.004	0.005	0.000	0.000	0.010
  275 --   276	0.000	0.000	0.000	0.000	0.000	0.000
  276 --   277	0.001	0.001	0.002	0.000	0.001	0.003
  277 --   278	0.001	0.001	0.001	0.000	0.000	0.003
  278 --   279	0.000	0.000	0.000	0.000	0.000	0.000
  279 --   280	0.000	0.000	0.000	0.000	0.000	0.000
  280 --   281	0.000	0.000	0.000	0.000	0.000	0.000
  281 --   282	0.002	0.002	0.003	0.000	0.000	0.005
  282 --   283	0.006	0.007	0.008	0.000	0.000	0.014
  283 --   284	0.000	0.000	0.000	0.000	0.000	0.000
  284 --   285	0.000	0.000	0.000	0.000	0.000	0.000
  285 --   286	0.000	0.000	0.000	0.000	0.000	0.000
  286 --   287	0.001	0.001	0.002	0.000	0.000	0.003
  287 --   288	0.007	0.008	0.010	0.000	0.000	0.017
  288 --   289	0.000	0.000	0.000	0.000	0.000	0.000
  289 --   290	0.000	0.000	0.000	0.000	0.000	0.000
  290 --   291	0.000	0.000	0.000	0.000	0.000	0.000
  291 --   292	0.000	0.000	0.000	0.000	0.000	0.001
  292 --   293	0.000	0.000	0.000	0.000	0.000	0.000
  293 --   294	0.001	0.002	0.003	0.000	0.000	0.006
  294 --   295	0.003	0.007	0.008	0.000	0.000	0.017
  295 --   296	0.010	0.011	0.013	0.000	0.010	0.029
  296 --   297	0.001	0.002	0.003	0.000	0.000	0.006
  297 --   298	0.000	0.000	0.000	0.000	0.000	0.000
  298 --   299	0.000	0.000	0.000	0.000	0.000	0.000
  299 --   300	0.000	0.000	0.000	0.000	0.000	0.000
  300 --   301	0.000	0.000	0.000	0.000	0.000	0.000
  301 --   302	0.002	0.002	0.003	0.000	0.000	0.005
  302 --   303	0.011	0.008	0.009	0.000	0.011	0.024
  303 --   304	0.009	0.006	0.007	0.002	0.010	0.015
  304 --   305	0.005	0.006	0.007	0.000	0.001	0.012
  305 --   306	0.000	0.000	0.000	0.000	0.000	0.000
  306 --   307	0.003	0.006	0.007	0.000	0.000	0.015
  307 --   308	0.008	0.006	0.008	0.000	0.012	0.014
  308 --   309	0.004	0.004	0.005	0.000	0.000	0.009
  309 --   310	0.000	0.000	0.001	0.000	0.000	0.001
  310 --   311	0.003	0.002	0.002	0.000	0.004	0.005
  311 --   312	0.007	0.009	0.011	0.000	0.000	0.018
  312 --   313	0.008	0.010	0.012	0.000	0.000	0.020
  313 --   314	0.009	0.007	0.009	0.000	0.014	0.015
  314 --   315	0.004	0.007	0.008	0.000	0.000	0.017
  315 --   316	0.005	0.005	0.006	0.000	0.004	0.012
  316 --   317	0.005	0.006	0.007	0.000	0.000	0.012
  317 --   318	0.005	0.010	0.012	0.000	0.000	0.025
  318 --   319	0.006	0.007	0.009	0.000	0.000	0.016
  319 --   320	0.003	0.006	0.008	0.000	0.000	0.016
  320 --   321	0.004	0.007	0.008	0.000	0.000	0.017
  321 --   322	0.004	0.007	0.008	0.000	0.000	0.017
  322 --   323	0.004	0.006	0.008	0.000	0.000	0.016
  323 --   324	0.006	0.008	0.010	0.000	0.000	0.021
  324 --   325	0.002	0.004	0.005	0.000	0.000	0.011
  325 --   326	0.001	0.002	0.003	0.000	0.000	0.006
  326 --   327	0.005	0.004	0.005	0.000	0.005	0.009
  327 --   328	0.007	0.008	0.010	0.000	0.000	0.016
  328 --   329	0.003	0.006	0.007	0.000	0.000	0.015
  329 --   330	0.003	0.005	0.006	0.000	0.000	0.013
  330 --   331	0.003	0.006	0.008	0.000	0.000	0.016
  331 --   332	0.003	0.004	0.005	0.000	0.000	0.011
  332 --   333	0.002	0.004	0.005	0.000	0.000	0.010
  333 --   334	0.004	0.007	0.009	0.000	0.001	0.018
  334 --   335	0.002	0.003	0.003	0.000	0.000	0.007
  335 --   336	0.000	0.000	0.000	0.000	0.000	0.000
  336 --   337	0.000	0.000	0.000	0.000	0.000	0.000
  337 --   338	0.002	0.003	0.004	0.000	0.000	0.008
  338 --   339	0.003	0.006	0.007	0.000	0.000	0.015
  339 --   340	0.000	0.000	0.000	0.000	0.000	0.000
  340 --   341	0.000	0.000	0.000	0.000	0.000	0.000
  341 --   342	0.000	0.000	0.000	0.000	0.000	0.000
  342 --   343	0.000	0.000	0.000	0.000	0.000	0.000
  343 --   344	0.000	0.000	0.000	0.000	0.000	0.000
  344 --   345	0.002	0.003	0.003	0.000	0.000	0.005
  345 --   346	0.002	0.002	0.002	0.000	0.000	0.004
  346 --   347	0.004	0.004	0.005	0.000	0.005	0.010
  347 --   348	0.004	0.007	0.009	0.000	0.000	0.017
  348 --   349	0.002	0.003	0.004	0.000	0.000	0.007
  349 --   350	0.000	0.000	0.000	0.000	0.000	0.001
  350 --   351	0.000	0.000	0.000	0.000	0.000	0.000
  351 --   352	0.001	0.001	0.001	0.000	0.000	0.002
  352 --   353	0.005	0.005	0.007	0.000	0.000	0.011
  353 --   354	0.000	0.000	0.000	0.000	0.000	0.001
  354 --   355	0.003	0.006	0.008	0.000	0.000	0.016
  355 --   356	0.004	0.007	0.008	0.000	0.000	0.017
  356 --   357	0.010	0.008	0.010	0.000	0.015	0.019
  357 --   358	0.004	0.006	0.007	0.000	0.002	0.016
  358 --   359	0.000	0.000	0.000	0.000	0.000	0.000
  359 --   360	0.000	0.000	0.000	0.000	0.000	0.001
  360 --   361	0.003	0.006	0.008	0.000	0.000	0.015
  361 --   362	0.005	0.005	0.006	0.000	0.005	0.014
  362 --   363	0.004	0.004	0.005	0.000	0.000	0.009
  363 --   364	0.000	0.000	0.000	0.000	0.000	0.000
  364 --   365	0.000	0.000	0.000	0.000	0.000	0.000
  365 --   366	0.006	0.011	0.013	0.000	0.000	0.027
  366 --   367	0.003	0.006	0.008	0.000	0.000	0.016
  367 --   368	0.004	0.004	0.005	0.000	0.003	0.012
  368 --   369	0.002	0.003	0.004	0.000	0.000	0.008
  369 --   370	0.003	0.006	0.008	0.000	0.000	0.016
  370 --   371	0.001	0.002	0.002	0.000	0.000	0.005
  371 --   372	0.002	0.003	0.004	0.000	0.000	0.008
  372 --   373	0.003	0.006	0.007	0.000	0.000	0.014
  373 --   374	0.000	0.000	0.000	0.000	0.000	0.000
  374 --   375	0.002	0.004	0.005	0.000	0.000	0.010
  375 --   376	0.003	0.005	0.006	0.000	0.000	0.012
  376 --   377	0.000	0.000	0.000	0.000	0.000	0.000
  377 --   378	0.000	0.000	0.000	0.000	0.000	0.000
  378 --   379	0.000	0.000	0.000	0.000	0.000	0.000
  379 --   380	0.004	0.007	0.009	0.000	0.000	0.017
  380 --   381	0.006	0.009	0.011	0.000	0.000	0.022
  381 --   382	0.006	0.008	0.009	0.000	0.000	0.016
  382 --   383	0.002	0.002	0.003	0.000	0.000	0.006
  383 --   384	0.005	0.008	0.010	0.000	0.001	0.021
  384 --   385	0.001	0.002	0.002	0.000	0.001	0.005
  385 --   386	0.000	0.000	0.000	0.000	0.000	0.000
  386 --   387	0.003	0.006	0.008	0.000	0.000	0.016
  387 --   388	0.004	0.004	0.005	0.000	0.000	0.009
  388 --   389	0.003	0.005	0.006	0.000	0.000	0.012
  389 --   390	0.000	0.000	0.000	0.000	0.000	0.000
  390 --   391	0.002	0.003	0.004	0.000	0.000	0.008
  391 --   392	0.003	0.005	0.007	0.000	0.000	0.014
  392 --   393	0.004	0.008	0.010	0.000	0.000	0.020
  393 --   394	0.005	0.006	0.007	0.000	0.000	0.013
  394 --   395	0.004	0.006	0.008	0.000	0.000	0.016
  395 --   396	0.006	0.008	0.010	0.000	0.000	0.017
  396 --   397	0.004	0.008	0.010	0.000	0.000	0.021
  397 --   398	0.006	0.005	0.006	0.000	0.006	0.013
  398 --   399	0.006	0.011	0.014	0.000	0.000	0.028
  399 --   400	0.005	0.007	0.009	0.000	0.000	0.019
  400 --   401	0.007	0.005	0.007	0.000	0.009	0.016
  401 --   402	0.010	0.008	0.011	0.003	0.003	0.023
  402 --   403	0.003	0.005	0.006	0.000	0.000	0.013
  403 --   404	0.000	0.000	0.000	0.000	0.000	0.001
  404 --   405	0.001	0.001	0.002	0.000	0.000	0.003
  405 --   406	0.007	0.009	0.011	0.000	0.000	0.022
  406 --   407	0.003	0.005	0.006	0.000	0.000	0.012
  407 --   408	0.000	0.000	0.000	0.000	0.000	0.000
  408 --   409	0.002	0.003	0.004	0.000	0.000	0.008
  409 --   410	0.004	0.007	0.009	0.000	0.000	0.018
  410 --   411	0.001	0.001	0.002	0.000	0.000	0.004
  411 --   412	0.003	0.004	0.005	0.000	0.002	0.011
  412 --   413	0.005	0.006	0.007	0.000	0.001	0.014
  413 --   414	0.003	0.006	0.008	0.000	0.000	0.016
  414 --   415	0.000	0.001	0.001	0.000	0.000	0.002
  415 --   416	0.009	0.007	0.009	0.000	0.015	0.015
  416 --   417	0.010	0.008	0.010	0.000	0.011	0.024
  417 --   418	0.002	0.003	0.004	0.000	0.000	0.009
  418 --   419	0.000	0.000	0.001	0.000	0.000	0.001
  419 --   420	0.004	0.007	0.009	0.000	0.000	0.019
  420 --   421	0.004	0.006	0.007	0.000	0.000	0.015
  421 --   422	0.007	0.003	0.004	0.000	0.009	0.009
  422 --   423	0.010	0.005	0.006	0.000	0.011	0.013
  423 --   424	0.005	0.009	0.011	0.000	0.000	0.023
  424 --   425	0.002	0.003	0.004	0.000	0.000	0.009
  425 --   426	0.004	0.008	0.010	0.000	0.000	0.020
  426 --   427	0.001	0.001	0.001	0.000	0.000	0.003
  427 --   428	0.000	0.000	0.000	0.000	0.000	0.000
  428 --   429	0.008	0.007	0.008	0.000	0.013	0.014
  429 --   430	0.011	0.008	0.010	0.000	0.015	0.019
  430 --   431	0.004	0.007	0.008	0.000	0.001	0.017
  431 --   432	0.010	0.007	0.009	0.000	0.015	0.016
  432 --   433	0.003	0.002	0.003	0.000	0.004	0.005
  433 --   434	0.004	0.006	0.008	0.000	0.000	0.016
  434 --   435	0.005	0.007	0.008	0.000	0.000	0.018
  435 --   436	0.001	0.002	0.002	0.000	0.000	0.005
  436 --   437	0.005	0.004	0.006	0.000	0.006	0.010
  437 --   438	0.014	0.007	0.009	0.000	0.016	0.021
  438 --   439	0.013	0.011	0.013	0.000	0.010	0.025
  439 --   440	0.005	0.005	0.007	0.000	0.001	0.011
  440 --   441	0.008	0.005	0.006	0.000	0.010	0.015
  441 --   442	0.005	0.007	0.008	0.000	0.000	0.018
  442 --   443	0.001	0.002	0.002	0.000	0.000	0.005
  443 --   444	0.004	0.007	0.008	0.000	0.000	0.017
  444 --   445	0.001	0.001	0.001	0.000	0.000	0.003
  445 --   446	0.003	0.006	0.007	0.000	0.000	0.015
  446 --   447	0.002	0.004	0.005	0.000	0.000	0.010
  447 --   448	0.000	0.000	0.000	0.000	0.000	0.000
  448 --   449	0.002	0.003	0.003	0.000	0.000	0.007
  449 --   450	0.004	0.007	0.008	0.000	0.000	0.017
  450 --   451	0.000	0.000	0.000	0.000	0.000	0.000
  451 --   452	0.009	0.006	0.007	0.000	0.013	0.014
  452 --   453	0.006	0.007	0.009	0.000	0.000	0.017
  453 --   454	0.001	0.001	0.002	0.000	0.000	0.003
  454 --   455	0.003	0.003	0.003	0.000	0.006	0.006
  455 --   456	0.009	0.006	0.007	0.000	0.007	0.017
  456 --   457	0.003	0.003	0.004	0.000	0.000	0.008
  457 --   458	0.000	0.000	0.000	0.000	0.000	0.000
  458 --   459	0.000	0.000	0.000	0.000	0.000	0.000
  459 --   460	0.003	0.006	0.007	0.000	0.000	0.014
  460 --   461	0.001	0.002	0.003	0.000	0.000	0.006
  461 --   462	0.000	0.000	0.000	0.000	0.000	0.000
  462 --   463	0.004	0.007	0.009	0.000	0.000	0.019
  463 --   464	0.003	0.006	0.008	0.000	0.000	0.016
  464 --   465	0.006	0.007	0.008	0.000	0.000	0.014
  465 --   466	0.002	0.003	0.004	0.000	0.000	0.008
  466 --   467	0.003	0.006	0.008	0.000	0.000	0.015
  467 --   468	0.004	0.005	0.006	0.000	0.000	0.012
  468 --   469	0.002	0.004	0.005	0.000	0.000	0.011
  469 --   470	0.005	0.004	0.005	0.000	0.004	0.009
  470 --   471	0.005	0.009	0.012	0.000	0.000	0.024
  471 --   472	0.009	0.007	0.009	0.000	0.013	0.016
  472 --   473	0.002	0.002	0.003	0.000	0.000	0.005
  473 --   474	0.004	0.007	0.009	0.000	0.000	0.018
  474 --   475	0.006	0.008	0.010	0.000	0.000	0.020
  475 --   476	0.002	0.003	0.004	0.000	0.000	0.008
  476 --   477	0.002	0.003	0.004	0.000	0.000	0.008
  477 --   478	0.007	0.008	0.010	0.000	0.000	0.019
  478 --   479	0.008	0.007	0.008	0.000	0.011	0.018
  479 --   480	0.014	0.008	0.010	0.000	0.017	0.026
  480 --   481	0.003	0.002	0.003	0.000	0.004	0.005
  481 --   482	0.003	0.004	0.005	0.000	0.000	0.011
  482 --   483	0.007	0.006	0.008	0.000	0.004	0.014
  483 --   484	0.010	0.009	0.011	0.000	0.013	0.022
  484 --   485	0.002	0.005	0.006	0.000	0.000	0.012
  485 --   486	0.000	0.000	0.000	0.000	0.000	0.000
  486 --   487	0.002	0.004	0.005	0.000	0.000	0.011
  487 --   488	0.006	0.005	0.006	0.000	0.003	0.013
  488 --   489	0.008	0.007	0.008	0.000	0.013	0.014
  489 --   490	0.000	0.000	0.000	0.000	0.000	0.000
  490 --   491	0.000	0.000	0.000	0.000	0.000	0.000
  491 --   492	0.003	0.007	0.008	0.000	0.000	0.016
  492 --   493	0.009	0.007	0.009	0.000	0.014	0.015
  493 --   494	0.006	0.007	0.008	0.000	0.000	0.014
  494 --   495	0.009	0.007	0.009	0.000	0.014	0.016
  495 --   496	0.015	0.008	0.009	0.000	0.019	0.019
  496 --   497	0.008	0.008	0.010	0.000	0.002	0.018
  497 --   498	0.006	0.006	0.007	0.000	0.006	0.016
  498 --   499	0.010	0.009	0.011	0.000	0.010	0.021
  499 --   500	0.005	0.004	0.005	0.000	0.006	0.010
  500 --   501	0.003	0.007	0.008	0.000	0.000	0.017
  501 --   502	0.001	0.002	0.002	0.000	0.000	0.005
  502 --   503	0.006	0.005	0.006	0.000	0.010	0.011
  503 --   504	0.008	0.007	0.009	0.000	0.012	0.018
  504 --   505	0.004	0.007	0.009	0.000	0.000	0.018
  505 --   506	0.002	0.004	0.005	0.000	0.000	0.010
  506 --   507	0.000	0.000	0.000	0.000	0.000	0.001
  507 --   508	0.004	0.004	0.006	0.000	0.000	0.009
  508 --   509	0.010	0.012	0.015	0.000	0.000	0.024
  509 --   510	0.005	0.004	0.005	0.000	0.006	0.009
  510 --   511	0.004	0.007	0.008	0.000	0.000	0.017
  511 --   512	0.005	0.006	0.008	0.000	0.000	0.015
  512 --   513	0.002	0.002	0.002	0.000	0.000	0.005
  513 --   514	0.005	0.004	0.005	0.000	0.005	0.009
  514 --   515	0.009	0.011	0.014	0.000	0.000	0.023
  515 --   516	0.010	0.008	0.009	0.000	0.015	0.016
  516 --   517	0.003	0.005	0.006	0.000	0.001	0.013
  517 --   518	0.001	0.001	0.001	0.000	0.000	0.002
  518 --   519	0.003	0.006	0.008	0.000	0.000	0.016
  519 --   520	0.006	0.011	0.014	0.000	0.000	0.029
  520 --   521	0.011	0.009	0.012	0.000	0.017	0.023
  521 --   522	0.002	0.003	0.003	0.000	0.000	0.007
  522 --   523	0.003	0.006	0.008	0.000	0.000	0.015
  523 --   524	0.003	0.005	0.006	0.000	0.000	0.013
  524 --   525	0.002	0.003	0.004	0.000	0.000	0.009
  525 --   526	0.013	0.007	0.008	0.000	0.015	0.017
  526 --   527	0.010	0.006	0.007	0.000	0.013	0.015
  527 --   528	0.006	0.008	0.009	0.000	0.000	0.016
  528 --   529	0.006	0.007	0.009	0.000	0.000	0.015
  529 --   530	0.006	0.006	0.007	0.000	0.002	0.013
  530 --   531	0.009	0.006	0.007	0.000	0.009	0.018
  531 --   532	0.011	0.006	0.008	0.000	0.014	0.017
  532 --   533	0.006	0.009	0.011	0.000	0.004	0.023
  533 --   534	0.012	0.006	0.007	0.000	0.015	0.015
  534 --   535	0.010	0.007	0.008	0.000	0.009	0.021
  535 --   536	0.013	0.011	0.014	0.000	0.017	0.025
  536 --   537	0.010	0.007	0.009	0.000	0.009	0.017
  537 --   538	0.013	0.008	0.010	0.000	0.011	0.025
  538 --   539	0.011	0.012	0.015	0.000	0.005	0.026
  539 --   540	0.005	0.004	0.005	0.000	0.006	0.011
  540 --   541	0.007	0.005	0.007	0.000	0.011	0.012
  541 --   542	0.007	0.006	0.008	0.000	0.007	0.014
  542 --   543	0.003	0.006	0.007	0.000	0.000	0.015
  543 --   544	0.002	0.004	0.005	0.000	0.000	0.010
  544 --   545	0.000	0.000	0.000	0.000	0.000	0.000
  545 --   546	0.000	0.000	0.000	0.000	0.000	0.001
  546 --   547	0.001	0.002	0.002	0.000	0.000	0.005
  547 --   548	0.006	0.010	0.012	0.000	0.000	0.025
  548 --   549	0.003	0.006	0.008	0.000	0.000	0.016
  549 --   550	0.004	0.008	0.009	0.000	0.000	0.019
  550 --   551	0.002	0.003	0.004	0.000	0.000	0.008
  551 --   552	0.005	0.006	0.008	0.000	0.000	0.016
  552 --   553	0.008	0.009	0.011	0.000	0.006	0.025
  553 --   554	0.011	0.011	0.014	0.000	0.006	0.025
  554 --   555	0.003	0.003	0.004	0.000	0.003	0.009
  555 --   556	0.005	0.006	0.008	0.000	0.000	0.017
  556 --   557	0.005	0.009	0.011	0.000	0.000	0.023
  557 --   558	0.006	0.005	0.006	0.000	0.008	0.012
  558 --   559	0.005	0.006	0.008	0.000	0.000	0.013
  559 --   560	0.004	0.008	0.010	0.000	0.000	0.021
  560 --   561	0.004	0.005	0.007	0.000	0.000	0.012
  561 --   562	0.004	0.007	0.009	0.000	0.000	0.017
  562 --   563	0.000	0.000	0.000	0.000	0.000	0.000
  563 --   564	0.001	0.001	0.001	0.000	0.000	0.003
  564 --   565	0.004	0.007	0.008	0.000	0.000	0.017
  565 --   566	0.001	0.002	0.003	0.000	0.000	0.006
  566 --   567	0.001	0.001	0.001	0.000	0.000	0.003
  567 --   568	0.003	0.006	0.008	0.000	0.000	0.016
  568 --   569	0.004	0.005	0.007	0.000	0.002	0.015
  569 --   570	0.003	0.004	0.005	0.000	0.000	0.009
  570 --   571	0.000	0.000	0.000	0.000	0.000	0.000
  571 --   572	0.001	0.002	0.002	0.000	0.000	0.005
  572 --   573	0.006	0.007	0.008	0.002	0.003	0.019
  573 --   574	0.011	0.007	0.009	0.000	0.017	0.018
  574 --   575	0.006	0.005	0.006	0.000	0.007	0.014
  575 --   576	0.007	0.005	0.007	0.000	0.011	0.012
  576 --   577	0.003	0.003	0.004	0.000	0.000	0.007
  577 --   578	0.007	0.008	0.010	0.000	0.001	0.017
  578 --   579	0.008	0.007	0.009	0.000	0.006	0.016
  579 --   580	0.003	0.005	0.006	0.000	0.000	0.012
  580 --   581	0.000	0.000	0.000	0.000	0.000	0.000
  581 --   582	0.000	0.000	0.000	0.000	0.000	0.000
  582 --   583	0.007	0.004	0.004	0.000	0.009	0.010
  583 --   584	0.019	0.003	0.004	0.013	0.022	0.022
  584 --   585	0.001	0.002	0.002	0.000	0.000	0.004
  585 --   586	0.000	0.000	0.000	0.000	0.000	0.000
  586 --   587	0.000	0.000	0.000	0.000	0.000	0.000
  587 --   588	0.003	0.004	0.005	0.000	0.000	0.010
  588 --   589	0.012	0.005	0.006	0.005	0.015	0.016
  589 --   590	0.009	0.007	0.008	0.000	0.010	0.020
  590 --   591	0.008	0.005	0.007	0.000	0.010	0.015
  591 --   592	0.011	0.006	0.007	0.000	0.012	0.018
  592 --   593	0.007	0.009	0.011	0.000	0.000	0.023
  593 --   594	0.006	0.006	0.007	0.000	0.008	0.015
  594 --   595	0.009	0.008	0.009	0.000	0.014	0.018
  595 --   596	0.003	0.006	0.008	0.000	0.000	0.016
  596 --   597	0.000	0.000	0.000	0.000	0.000	0.000
  597 --   598	0.001	0.001	0.001	0.000	0.001	0.002
  598 --   599	0.013	0.010	0.013	0.000	0.020	0.022
  599 --   600	0.006	0.006	0.007	0.000	0.003	0.017
    0 --   600	0.004	0.002	0.002	0.001	0.004	0.007