Time 1-10.0.0.4-10.0.0.2 Aggregate-Flow
0.000000 0.000145 0.000145
1.000000 0.000216 0.000216
2.000000 0.000279 0.000279
3.000000 0.000190 0.000190
4.000000 0.000257 0.000257
5.000000 0.000478 0.000478
6.000000 0.000469 0.000469
7.000000 0.000249 0.000249
8.000000 0.000413 0.000413
9.000000 0.000111 0.000111
10.000000 0.000180 0.000180
11.000000 0.000336 0.000336
12.000000 0.000289 0.000289
13.000000 0.000281 0.000281
14.000000 0.000131 0.000131
15.000000 0.000327 0.000327
16.000000 0.000282 0.000282
17.000000 0.000478 0.000478
18.000000 0.000128 0.000128
19.000000 0.000199 0.000199
20.000000 0.000337 0.000337
21.000000 0.000161 0.000161
22.000000 0.000148 0.000148
23.000000 0.000777 0.000777
24.000000 0.000168 0.000168
25.000000 0.000401 0.000401
26.000000 0.000748 0.000748
27.000000 0.000349 0.000349
28.000000 0.000326 0.000326
29.000000 0.000223 0.000223
30.000000 0.000099 0.000099
31.000000 0.000440 0.000440
32.000000 0.000112 0.000112
33.000000 0.000366 0.000366
34.000000 0.000358 0.000358
35.000000 0.000111 0.000111
36.000000 0.000152 0.000152
37.000000 0.000454 0.000454
38.000000 0.000452 0.000452
39.000000 0.000194 0.000194
40.000000 0.000491 0.000491
41.000000 0.000219 0.000219
42.000000 0.000306 0.000306
43.000000 0.000423 0.000423
44.000000 0.000292 0.000292
45.000000 0.000502 0.000502
46.000000 0.000226 0.000226
47.000000 0.000249 0.000249
48.000000 0.000214 0.000214
49.000000 0.000182 0.000182
50.000000 0.000199 0.000199
51.000000 0.000566 0.000566
52.000000 0.000202 0.000202
53.000000 0.000336 0.000336
54.000000 0.000218 0.000218
55.000000 0.000261 0.000261
56.000000 0.000176 0.000176
57.000000 0.000276 0.000276
58.000000 0.000367 0.000367
59.000000 0.000304 0.000304
60.000000 0.000342 0.000342
61.000000 0.000286 0.000286
62.000000 0.000264 0.000264
63.000000 0.000264 0.000264
64.000000 0.000341 0.000341
65.000000 0.000220 0.000220
66.000000 0.000828 0.000828
67.000000 0.000414 0.000414
68.000000 0.000088 0.000088
69.000000 0.000108 0.000108
70.000000 0.000204 0.000204
71.000000 0.000256 0.000256
72.000000 0.000251 0.000251
73.000000 0.000292 0.000292
74.000000 0.000104 0.000104
75.000000 0.000313 0.000313
76.000000 0.000147 0.000147
77.000000 0.000081 0.000081
78.000000 0.000458 0.000458
79.000000 0.000211 0.000211
80.000000 0.000188 0.000188
81.000000 0.000266 0.000266
82.000000 0.000283 0.000283
83.000000 0.000268 0.000268
84.000000 0.000282 0.000282
85.000000 0.000310 0.000310
86.000000 0.000188 0.000188
87.000000 0.000152 0.000152
88.000000 0.000164 0.000164
89.000000 0.000298 0.000298
90.000000 0.000266 0.000266
91.000000 0.000337 0.000337
92.000000 0.000101 0.000101
93.000000 0.000289 0.000289
94.000000 0.000168 0.000168
95.000000 0.000321 0.000321
96.000000 0.000229 0.000229
97.000000 0.000107 0.000107
98.000000 0.000072 0.000072
99.000000 0.000287 0.000287
100.000000 0.000411 0.000411
101.000000 0.000151 0.000151
102.000000 0.000613 0.000613
103.000000 0.000179 0.000179
104.000000 0.000184 0.000184
105.000000 0.000126 0.000126
106.000000 0.000298 0.000298
107.000000 0.000343 0.000343
108.000000 0.000283 0.000283
109.000000 0.000209 0.000209
110.000000 0.000298 0.000298
111.000000 0.000589 0.000589
112.000000 0.000299 0.000299
113.000000 0.000204 0.000204
114.000000 0.000280 0.000280
115.000000 0.000221 0.000221
116.000000 0.000120 0.000120
117.000000 0.000466 0.000466
118.000000 0.000190 0.000190
119.000000 0.000288 0.000288
120.000000 0.000412 0.000412
121.000000 0.000166 0.000166
122.000000 0.000163 0.000163
123.000000 0.000295 0.000295
124.000000 0.000273 0.000273
125.000000 0.000232 0.000232
126.000000 0.000250 0.000250
127.000000 0.000357 0.000357
128.000000 0.000467 0.000467
129.000000 0.000200 0.000200
130.000000 0.000117 0.000117
131.000000 0.000266 0.000266
132.000000 0.000281 0.000281
133.000000 0.000163 0.000163
134.000000 0.000087 0.000087
135.000000 0.000199 0.000199
136.000000 0.000223 0.000223
137.000000 0.000353 0.000353
138.000000 0.000161 0.000161
139.000000 0.000263 0.000263
140.000000 0.000229 0.000229
141.000000 0.000201 0.000201
142.000000 0.000132 0.000132
143.000000 0.000257 0.000257
144.000000 0.000168 0.000168
145.000000 0.000341 0.000341
146.000000 0.000256 0.000256
147.000000 0.000244 0.000244
148.000000 0.000177 0.000177
149.000000 0.000214 0.000214
150.000000 0.000364 0.000364
151.000000 0.000254 0.000254
152.000000 0.000295 0.000295
153.000000 0.000199 0.000199
154.000000 0.000293 0.000293
155.000000 0.000205 0.000205
156.000000 0.000278 0.000278
157.000000 0.000396 0.000396
158.000000 0.000238 0.000238
159.000000 0.000167 0.000167
160.000000 0.000373 0.000373
161.000000 0.000157 0.000157
162.000000 0.000093 0.000093
163.000000 0.000298 0.000298
164.000000 0.000295 0.000295
165.000000 0.000217 0.000217
166.000000 0.000142 0.000142
167.000000 0.000265 0.000265
168.000000 0.000206 0.000206
169.000000 0.000254 0.000254
170.000000 0.000230 0.000230
171.000000 0.000129 0.000129
172.000000 0.000307 0.000307
173.000000 0.000136 0.000136
174.000000 0.000303 0.000303
175.000000 0.000253 0.000253
176.000000 0.000233 0.000233
177.000000 0.000404 0.000404
178.000000 0.000347 0.000347
179.000000 0.000150 0.000150
180.000000 0.000103 0.000103
181.000000 0.000327 0.000327
182.000000 0.000222 0.000222
183.000000 0.000540 0.000540
184.000000 0.000184 0.000184
185.000000 0.000284 0.000284
186.000000 0.000468 0.000468
187.000000 0.000367 0.000367
188.000000 0.000059 0.000059
189.000000 0.000265 0.000265
190.000000 0.000183 0.000183
191.000000 0.000090 0.000090
192.000000 0.000336 0.000336
193.000000 0.000157 0.000157
194.000000 0.000033 0.000033
195.000000 0.000198 0.000198
196.000000 0.000376 0.000376
197.000000 0.000083 0.000083
198.000000 0.000519 0.000519
199.000000 0.000313 0.000313
200.000000 0.000225 0.000225
201.000000 0.000546 0.000546
202.000000 0.000292 0.000292
203.000000 0.000239 0.000239
204.000000 0.000153 0.000153
205.000000 0.000193 0.000193
206.000000 0.000176 0.000176
207.000000 0.000222 0.000222
208.000000 0.000142 0.000142
209.000000 0.000483 0.000483
210.000000 0.000655 0.000655
211.000000 0.000272 0.000272
212.000000 0.000321 0.000321
213.000000 0.000185 0.000185
214.000000 0.000154 0.000154
215.000000 0.000420 0.000420
216.000000 0.000291 0.000291
217.000000 0.000129 0.000129
218.000000 0.000417 0.000417
219.000000 0.000124 0.000124
220.000000 0.000261 0.000261
221.000000 0.000200 0.000200
222.000000 0.000504 0.000504
223.000000 0.000187 0.000187
224.000000 0.000541 0.000541
225.000000 0.000133 0.000133
226.000000 0.000415 0.000415
227.000000 0.000313 0.000313
228.000000 0.000111 0.000111
229.000000 0.000225 0.000225
230.000000 0.000154 0.000154
231.000000 0.000203 0.000203
232.000000 0.000252 0.000252
233.000000 0.000376 0.000376
234.000000 0.000122 0.000122
235.000000 0.000332 0.000332
236.000000 0.000473 0.000473
237.000000 0.000191 0.000191
238.000000 0.000244 0.000244
239.000000 0.000364 0.000364
240.000000 0.000164 0.000164
241.000000 0.000358 0.000358
242.000000 0.000417 0.000417
243.000000 0.000094 0.000094
244.000000 0.000191 0.000191
245.000000 0.000366 0.000366
246.000000 0.000122 0.000122
247.000000 0.000377 0.000377
248.000000 0.000761 0.000761
249.000000 0.000165 0.000165
250.000000 0.000264 0.000264
251.000000 0.000299 0.000299
252.000000 0.000205 0.000205
253.000000 0.000348 0.000348
254.000000 0.000193 0.000193
255.000000 0.000453 0.000453
256.000000 0.000426 0.000426
257.000000 0.000215 0.000215
258.000000 0.000397 0.000397
259.000000 0.000514 0.000514
260.000000 0.000337 0.000337
261.000000 0.000204 0.000204
262.000000 0.000452 0.000452
263.000000 0.000123 0.000123
264.000000 0.000177 0.000177
265.000000 0.000227 0.000227
266.000000 0.000245 0.000245
267.000000 0.000115 0.000115
268.000000 0.000391 0.000391
269.000000 0.000082 0.000082
270.000000 0.000226 0.000226
271.000000 0.000291 0.000291
272.000000 0.000325 0.000325
273.000000 0.000051 0.000051
274.000000 0.000323 0.000323
275.000000 0.000156 0.000156
276.000000 0.000265 0.000265
277.000000 0.000253 0.000253
278.000000 0.000253 0.000253
279.000000 0.000077 0.000077
280.000000 0.000357 0.000357
281.000000 0.000219 0.000219
282.000000 0.000270 0.000270
283.000000 0.000185 0.000185
284.000000 0.000273 0.000273
285.000000 0.000703 0.000703
286.000000 0.000263 0.000263
287.000000 0.000332 0.000332
288.000000 0.000282 0.000282
289.000000 0.000094 0.000094
290.000000 0.000132 0.000132
291.000000 0.000402 0.000402
292.000000 0.000233 0.000233
293.000000 0.000316 0.000316
294.000000 0.000197 0.000197
295.000000 0.000358 0.000358
296.000000 0.000360 0.000360
297.000000 0.000370 0.000370
298.000000 0.000320 0.000320
299.000000 0.000293 0.000293
300.000000 0.000206 0.000206
301.000000 0.000087 0.000087
302.000000 0.000482 0.000482
303.000000 0.000060 0.000060
304.000000 0.000154 0.000154
305.000000 0.000663 0.000663
306.000000 0.000437 0.000437
307.000000 0.000290 0.000290
308.000000 0.000310 0.000310
309.000000 0.000223 0.000223
310.000000 0.000287 0.000287
311.000000 0.000529 0.000529
312.000000 0.000506 0.000506
313.000000 0.000284 0.000284
314.000000 0.000088 0.000088
315.000000 0.000072 0.000072
316.000000 0.000336 0.000336
317.000000 0.000296 0.000296
318.000000 0.000283 0.000283
319.000000 0.000327 0.000327
320.000000 0.000308 0.000308
321.000000 0.000196 0.000196
322.000000 0.000246 0.000246
323.000000 0.000264 0.000264
324.000000 0.000042 0.000042
325.000000 0.000286 0.000286
326.000000 0.000160 0.000160
327.000000 0.000220 0.000220
328.000000 0.000277 0.000277
329.000000 0.000404 0.000404
330.000000 0.000118 0.000118
331.000000 0.000223 0.000223
332.000000 0.000322 0.000322
333.000000 0.000328 0.000328
334.000000 0.000321 0.000321
335.000000 0.000500 0.000500
336.000000 0.000325 0.000325
337.000000 0.000204 0.000204
338.000000 0.000314 0.000314
339.000000 0.000166 0.000166
340.000000 0.000262 0.000262
341.000000 0.000227 0.000227
342.000000 0.000242 0.000242
343.000000 0.000494 0.000494
344.000000 0.000418 0.000418
345.000000 0.000277 0.000277
346.000000 0.000505 0.000505
347.000000 0.000261 0.000261
348.000000 0.000363 0.000363
349.000000 0.000275 0.000275
350.000000 0.000362 0.000362
351.000000 0.000271 0.000271
352.000000 0.000252 0.000252
353.000000 0.000320 0.000320
354.000000 0.000240 0.000240
355.000000 0.000515 0.000515
356.000000 0.000157 0.000157
357.000000 0.000363 0.000363
358.000000 0.000228 0.000228
359.000000 0.000182 0.000182
360.000000 0.000268 0.000268
361.000000 0.000172 0.000172
362.000000 0.000272 0.000272
363.000000 0.000107 0.000107
364.000000 0.000239 0.000239
365.000000 0.000257 0.000257
366.000000 0.000125 0.000125
367.000000 0.000311 0.000311
368.000000 0.000181 0.000181
369.000000 0.000484 0.000484
370.000000 0.000255 0.000255
371.000000 0.000366 0.000366
372.000000 0.000326 0.000326
373.000000 0.000224 0.000224
374.000000 0.000197 0.000197
375.000000 0.000216 0.000216
376.000000 0.000210 0.000210
377.000000 0.000148 0.000148
378.000000 0.000179 0.000179
379.000000 0.000504 0.000504
380.000000 0.000126 0.000126
381.000000 0.000435 0.000435
382.000000 0.000209 0.000209
383.000000 0.000144 0.000144
384.000000 0.000380 0.000380
385.000000 0.000390 0.000390
386.000000 0.000209 0.000209
387.000000 0.000127 0.000127
388.000000 0.000238 0.000238
389.000000 0.000121 0.000121
390.000000 0.000118 0.000118
391.000000 0.000250 0.000250
392.000000 0.000306 0.000306
393.000000 0.000357 0.000357
394.000000 0.000259 0.000259
395.000000 0.000293 0.000293
396.000000 0.000429 0.000429
397.000000 0.000269 0.000269
398.000000 0.000053 0.000053
399.000000 0.000448 0.000448
400.000000 0.000147 0.000147
401.000000 0.000495 0.000495
402.000000 0.000445 0.000445
403.000000 0.000359 0.000359
404.000000 0.000298 0.000298
405.000000 0.000363 0.000363
406.000000 0.000329 0.000329
407.000000 0.000177 0.000177
408.000000 0.000570 0.000570
409.000000 0.000141 0.000141
410.000000 0.000134 0.000134
411.000000 0.000267 0.000267
412.000000 0.000110 0.000110
413.000000 0.000172 0.000172
414.000000 0.000306 0.000306
415.000000 0.000173 0.000173
416.000000 0.000296 0.000296
417.000000 0.000193 0.000193
418.000000 0.000316 0.000316
419.000000 0.000125 0.000125
420.000000 0.000335 0.000335
421.000000 0.000194 0.000194
422.000000 0.000126 0.000126
423.000000 0.000292 0.000292
424.000000 0.000149 0.000149
425.000000 0.000356 0.000356
426.000000 0.000483 0.000483
427.000000 0.000216 0.000216
428.000000 0.000528 0.000528
429.000000 0.000406 0.000406
430.000000 0.000379 0.000379
431.000000 0.000164 0.000164
432.000000 0.000189 0.000189
433.000000 0.000075 0.000075
434.000000 0.000199 0.000199
435.000000 0.000375 0.000375
436.000000 0.000216 0.000216
437.000000 0.000199 0.000199
438.000000 0.000317 0.000317
439.000000 0.000272 0.000272
440.000000 0.000140 0.000140
441.000000 0.000373 0.000373
442.000000 0.000256 0.000256
443.000000 0.000352 0.000352
444.000000 0.000381 0.000381
445.000000 0.000193 0.000193
446.000000 0.000220 0.000220
447.000000 0.000124 0.000124
448.000000 0.000262 0.000262
449.000000 0.000176 0.000176
450.000000 0.000536 0.000536
451.000000 0.000318 0.000318
452.000000 0.000172 0.000172
453.000000 0.000463 0.000463
454.000000 0.000186 0.000186
455.000000 0.000183 0.000183
456.000000 0.000430 0.000430
457.000000 0.000179 0.000179
458.000000 0.000481 0.000481
459.000000 0.000320 0.000320
460.000000 0.000202 0.000202
461.000000 0.000342 0.000342
462.000000 0.000170 0.000170
463.000000 0.000367 0.000367
464.000000 0.000331 0.000331
465.000000 0.000226 0.000226
466.000000 0.000645 0.000645
467.000000 0.000821 0.000821
468.000000 0.000387 0.000387
469.000000 0.000435 0.000435
470.000000 0.000700 0.000700
471.000000 0.000202 0.000202
472.000000 0.000451 0.000451
473.000000 0.000341 0.000341
474.000000 0.000276 0.000276
475.000000 0.000435 0.000435
476.000000 0.000287 0.000287
477.000000 0.000193 0.000193
478.000000 0.000548 0.000548
479.000000 0.000251 0.000251
480.000000 0.000148 0.000148
481.000000 0.000692 0.000692
482.000000 0.000301 0.000301
483.000000 0.000189 0.000189
484.000000 0.000250 0.000250
485.000000 0.000442 0.000442
486.000000 0.000470 0.000470
487.000000 0.000373 0.000373
488.000000 0.000314 0.000314
489.000000 0.000202 0.000202
490.000000 0.000582 0.000582
491.000000 0.000381 0.000381
492.000000 0.000161 0.000161
493.000000 0.000396 0.000396
494.000000 0.000331 0.000331
495.000000 0.000258 0.000258
496.000000 0.000447 0.000447
497.000000 0.000261 0.000261
498.000000 0.000230 0.000230
499.000000 0.000346 0.000346
500.000000 0.000124 0.000124
501.000000 0.000167 0.000167
502.000000 0.000233 0.000233
503.000000 0.000146 0.000146
504.000000 0.000591 0.000591
505.000000 0.000324 0.000324
506.000000 0.000273 0.000273
507.000000 0.000221 0.000221
508.000000 0.000226 0.000226
509.000000 0.000314 0.000314
510.000000 0.000238 0.000238
511.000000 0.000713 0.000713
512.000000 0.000165 0.000165
513.000000 0.000184 0.000184
514.000000 0.000626 0.000626
515.000000 0.000220 0.000220
516.000000 0.000184 0.000184
517.000000 0.000253 0.000253
518.000000 0.000180 0.000180
519.000000 0.000223 0.000223
520.000000 0.000208 0.000208
521.000000 0.000214 0.000214
522.000000 0.000210 0.000210
523.000000 0.000178 0.000178
524.000000 0.000395 0.000395
525.000000 0.000336 0.000336
526.000000 0.000516 0.000516
527.000000 0.000466 0.000466
528.000000 0.000101 0.000101
529.000000 0.000263 0.000263
530.000000 0.000242 0.000242
531.000000 0.000264 0.000264
532.000000 0.000188 0.000188
533.000000 0.000209 0.000209
534.000000 0.000140 0.000140
535.000000 0.000366 0.000366
536.000000 0.000222 0.000222
537.000000 0.000100 0.000100
538.000000 0.000632 0.000632
539.000000 0.000119 0.000119
540.000000 0.000150 0.000150
541.000000 0.000278 0.000278
542.000000 0.000194 0.000194
543.000000 0.000191 0.000191
544.000000 0.000426 0.000426
545.000000 0.000167 0.000167
546.000000 0.000230 0.000230
547.000000 0.000539 0.000539
548.000000 0.000209 0.000209
549.000000 0.000123 0.000123
550.000000 0.000193 0.000193
551.000000 0.000492 0.000492
552.000000 0.000217 0.000217
553.000000 0.000511 0.000511
554.000000 0.000153 0.000153
555.000000 0.000251 0.000251
556.000000 0.000602 0.000602
557.000000 0.000229 0.000229
558.000000 0.000391 0.000391
559.000000 0.000314 0.000314
560.000000 0.000356 0.000356
561.000000 0.000306 0.000306
562.000000 0.000615 0.000615
563.000000 0.000100 0.000100
564.000000 0.000225 0.000225
565.000000 0.000409 0.000409
566.000000 0.000414 0.000414
567.000000 0.000229 0.000229
568.000000 0.000305 0.000305
569.000000 0.000318 0.000318
570.000000 0.000173 0.000173
571.000000 0.000679 0.000679
572.000000 0.000198 0.000198
573.000000 0.000106 0.000106
574.000000 0.000141 0.000141
575.000000 0.000043 0.000043
576.000000 0.000125 0.000125
577.000000 0.000521 0.000521
578.000000 0.000113 0.000113
579.000000 0.000131 0.000131
580.000000 0.000393 0.000393
581.000000 0.000196 0.000196
582.000000 0.000244 0.000244
583.000000 0.000339 0.000339
584.000000 0.000217 0.000217
585.000000 0.000100 0.000100
586.000000 0.000245 0.000245
587.000000 0.000174 0.000174
588.000000 0.000196 0.000196
589.000000 0.000116 0.000116
590.000000 0.000265 0.000265
591.000000 0.000317 0.000317
592.000000 0.000395 0.000395
593.000000 0.000177 0.000177
594.000000 0.000367 0.000367
595.000000 0.000158 0.000158
596.000000 0.000195 0.000195
597.000000 0.000355 0.000355
598.000000 0.000290 0.000290
599.000000 0.000120 0.000120
