Time 1-10.0.0.3-10.0.0.2 Aggregate-Flow
0.000000 0.003937 0.003937
1.000000 0.002203 0.002203
2.000000 0.003806 0.003806
3.000000 0.002760 0.002760
4.000000 0.002168 0.002168
5.000000 0.002750 0.002750
6.000000 0.001919 0.001919
7.000000 0.002638 0.002638
8.000000 0.002068 0.002068
9.000000 0.003714 0.003714
10.000000 0.003010 0.003010
11.000000 0.001932 0.001932
12.000000 0.003168 0.003168
13.000000 0.001748 0.001748
14.000000 0.002894 0.002894
15.000000 0.003109 0.003109
16.000000 0.002706 0.002706
17.000000 0.002771 0.002771
18.000000 0.003426 0.003426
19.000000 0.003260 0.003260
20.000000 0.002736 0.002736
21.000000 0.002465 0.002465
22.000000 0.002385 0.002385
23.000000 0.002454 0.002454
24.000000 0.002579 0.002579
25.000000 0.001518 0.001518
26.000000 0.001934 0.001934
27.000000 0.002012 0.002012
28.000000 0.003093 0.003093
29.000000 0.001728 0.001728
30.000000 0.002202 0.002202
31.000000 0.003414 0.003414
32.000000 0.002959 0.002959
33.000000 0.001774 0.001774
34.000000 0.003203 0.003203
35.000000 0.002272 0.002272
36.000000 0.003233 0.003233
37.000000 0.002211 0.002211
38.000000 0.003630 0.003630
39.000000 0.004624 0.004624
40.000000 0.002660 0.002660
41.000000 0.002482 0.002482
42.000000 0.003085 0.003085
43.000000 0.002007 0.002007
44.000000 0.002607 0.002607
45.000000 0.003050 0.003050
46.000000 0.002006 0.002006
47.000000 0.002141 0.002141
48.000000 0.003013 0.003013
49.000000 0.005502 0.005502
50.000000 0.002243 0.002243
51.000000 0.001833 0.001833
52.000000 0.003762 0.003762
53.000000 0.002729 0.002729
54.000000 0.003212 0.003212
55.000000 0.003618 0.003618
56.000000 0.002589 0.002589
57.000000 0.002127 0.002127
58.000000 0.002776 0.002776
59.000000 0.002927 0.002927
60.000000 0.001985 0.001985
61.000000 0.002340 0.002340
62.000000 0.001895 0.001895
63.000000 0.002573 0.002573
64.000000 0.003774 0.003774
65.000000 0.002360 0.002360
66.000000 0.002013 0.002013
67.000000 0.001593 0.001593
68.000000 0.002676 0.002676
69.000000 0.004176 0.004176
70.000000 0.003609 0.003609
71.000000 0.002439 0.002439
72.000000 0.002116 0.002116
73.000000 0.003047 0.003047
74.000000 0.002354 0.002354
75.000000 0.002406 0.002406
76.000000 0.003030 0.003030
77.000000 0.002837 0.002837
78.000000 0.001822 0.001822
79.000000 0.002469 0.002469
80.000000 0.002832 0.002832
81.000000 0.003806 0.003806
82.000000 0.002760 0.002760
83.000000 0.002959 0.002959
84.000000 0.002117 0.002117
85.000000 0.003076 0.003076
86.000000 0.001705 0.001705
87.000000 0.002249 0.002249
88.000000 0.002937 0.002937
89.000000 0.001775 0.001775
90.000000 0.001895 0.001895
91.000000 0.003597 0.003597
92.000000 0.002397 0.002397
93.000000 0.002276 0.002276
94.000000 0.004053 0.004053
95.000000 0.002181 0.002181
96.000000 0.004670 0.004670
97.000000 0.003921 0.003921
98.000000 0.002517 0.002517
99.000000 0.001961 0.001961
100.000000 0.002898 0.002898
101.000000 0.002562 0.002562
102.000000 0.003231 0.003231
103.000000 0.002426 0.002426
104.000000 0.002518 0.002518
105.000000 0.003216 0.003216
106.000000 0.002462 0.002462
107.000000 0.001987 0.001987
108.000000 0.002396 0.002396
109.000000 0.003153 0.003153
110.000000 0.001975 0.001975
111.000000 0.003563 0.003563
112.000000 0.003409 0.003409
113.000000 0.002179 0.002179
114.000000 0.004613 0.004613
115.000000 0.006146 0.006146
116.000000 0.002635 0.002635
117.000000 0.002245 0.002245
118.000000 0.002605 0.002605
119.000000 0.003102 0.003102
120.000000 0.002434 0.002434
121.000000 0.003560 0.003560
122.000000 0.002188 0.002188
123.000000 0.002482 0.002482
124.000000 0.003592 0.003592
125.000000 0.002462 0.002462
126.000000 0.002283 0.002283
127.000000 0.002382 0.002382
128.000000 0.002564 0.002564
129.000000 0.005518 0.005518
130.000000 0.002301 0.002301
131.000000 0.002907 0.002907
132.000000 0.004035 0.004035
133.000000 0.002483 0.002483
134.000000 0.001920 0.001920
135.000000 0.017831 0.017831
136.000000 0.004963 0.004963
137.000000 0.002243 0.002243
138.000000 0.003270 0.003270
139.000000 0.003163 0.003163
140.000000 0.001995 0.001995
141.000000 0.002074 0.002074
142.000000 0.003157 0.003157
143.000000 0.001679 0.001679
144.000000 0.002250 0.002250
145.000000 0.007763 0.007763
146.000000 0.001959 0.001959
147.000000 0.002080 0.002080
148.000000 0.002393 0.002393
149.000000 0.002128 0.002128
150.000000 0.002606 0.002606
151.000000 0.004277 0.004277
152.000000 0.004374 0.004374
153.000000 0.002017 0.002017
154.000000 0.003692 0.003692
155.000000 0.002802 0.002802
156.000000 0.002518 0.002518
157.000000 0.002453 0.002453
158.000000 0.001963 0.001963
159.000000 0.002606 0.002606
160.000000 0.004302 0.004302
161.000000 0.002934 0.002934
162.000000 0.002766 0.002766
163.000000 0.003017 0.003017
164.000000 0.003187 0.003187
165.000000 0.003100 0.003100
166.000000 0.003315 0.003315
167.000000 0.001553 0.001553
168.000000 0.002009 0.002009
169.000000 0.003134 0.003134
170.000000 0.003294 0.003294
171.000000 0.002359 0.002359
172.000000 0.002034 0.002034
173.000000 0.002364 0.002364
174.000000 0.002539 0.002539
175.000000 0.003439 0.003439
176.000000 0.004194 0.004194
177.000000 0.003002 0.003002
178.000000 0.003401 0.003401
179.000000 0.002395 0.002395
180.000000 0.002436 0.002436
181.000000 0.003079 0.003079
182.000000 0.001831 0.001831
183.000000 0.002505 0.002505
184.000000 0.003369 0.003369
185.000000 0.001852 0.001852
186.000000 0.002455 0.002455
187.000000 0.004049 0.004049
188.000000 0.002711 0.002711
189.000000 0.002254 0.002254
190.000000 0.003563 0.003563
191.000000 0.002841 0.002841
192.000000 0.001924 0.001924
193.000000 0.002918 0.002918
194.000000 0.002559 0.002559
195.000000 0.005338 0.005338
196.000000 0.005266 0.005266
197.000000 0.004055 0.004055
198.000000 0.002249 0.002249
199.000000 0.002676 0.002676
200.000000 0.002073 0.002073
201.000000 0.003080 0.003080
202.000000 0.002631 0.002631
203.000000 0.002107 0.002107
204.000000 0.002463 0.002463
205.000000 0.001811 0.001811
206.000000 0.002290 0.002290
207.000000 0.002149 0.002149
208.000000 0.002761 0.002761
209.000000 0.002072 0.002072
210.000000 0.006151 0.006151
211.000000 0.003239 0.003239
212.000000 0.002906 0.002906
213.000000 0.002757 0.002757
214.000000 0.003242 0.003242
215.000000 0.002496 0.002496
216.000000 0.006334 0.006334
217.000000 0.003644 0.003644
218.000000 0.001800 0.001800
219.000000 0.004099 0.004099
220.000000 0.002420 0.002420
221.000000 0.002812 0.002812
222.000000 0.004229 0.004229
223.000000 0.002172 0.002172
224.000000 0.002510 0.002510
225.000000 0.003524 0.003524
226.000000 0.005039 0.005039
227.000000 0.004143 0.004143
228.000000 0.002329 0.002329
229.000000 0.002439 0.002439
230.000000 0.002906 0.002906
231.000000 0.004759 0.004759
232.000000 0.002970 0.002970
233.000000 0.003213 0.003213
234.000000 0.002117 0.002117
235.000000 0.004246 0.004246
236.000000 0.003169 0.003169
237.000000 0.002060 0.002060
238.000000 0.002611 0.002611
239.000000 0.002780 0.002780
240.000000 0.002659 0.002659
241.000000 0.003056 0.003056
242.000000 0.002119 0.002119
243.000000 0.002773 0.002773
244.000000 0.003538 0.003538
245.000000 0.003277 0.003277
246.000000 0.002598 0.002598
247.000000 0.006273 0.006273
248.000000 0.001679 0.001679
249.000000 0.002340 0.002340
250.000000 0.003322 0.003322
251.000000 0.002780 0.002780
252.000000 0.003332 0.003332
253.000000 0.002406 0.002406
254.000000 0.002148 0.002148
255.000000 0.001869 0.001869
256.000000 0.003288 0.003288
257.000000 0.002743 0.002743
258.000000 0.002243 0.002243
259.000000 0.003160 0.003160
260.000000 0.002605 0.002605
261.000000 0.002398 0.002398
262.000000 0.003658 0.003658
263.000000 0.002856 0.002856
264.000000 0.001975 0.001975
265.000000 0.002296 0.002296
266.000000 0.002399 0.002399
267.000000 0.002510 0.002510
268.000000 0.002042 0.002042
269.000000 0.001903 0.001903
270.000000 0.002248 0.002248
271.000000 0.003075 0.003075
272.000000 0.002393 0.002393
273.000000 0.002091 0.002091
274.000000 0.006256 0.006256
275.000000 0.003356 0.003356
276.000000 0.001563 0.001563
277.000000 0.001929 0.001929
278.000000 0.002151 0.002151
279.000000 0.001552 0.001552
280.000000 0.002068 0.002068
281.000000 0.001747 0.001747
282.000000 0.001986 0.001986
283.000000 0.004314 0.004314
284.000000 0.002508 0.002508
285.000000 0.002807 0.002807
286.000000 0.002600 0.002600
287.000000 0.004031 0.004031
288.000000 0.002910 0.002910
289.000000 0.002008 0.002008
290.000000 0.002575 0.002575
291.000000 0.004526 0.004526
292.000000 0.002896 0.002896
293.000000 0.003366 0.003366
294.000000 0.004750 0.004750
295.000000 0.002310 0.002310
296.000000 0.001906 0.001906
297.000000 0.002416 0.002416
298.000000 0.002405 0.002405
299.000000 0.002674 0.002674
300.000000 0.001986 0.001986
301.000000 0.002520 0.002520
302.000000 0.002316 0.002316
303.000000 0.003490 0.003490
304.000000 0.004204 0.004204
305.000000 0.002265 0.002265
306.000000 0.002153 0.002153
307.000000 0.003196 0.003196
308.000000 0.002239 0.002239
309.000000 0.003244 0.003244
310.000000 0.003710 0.003710
311.000000 0.004649 0.004649
312.000000 0.002406 0.002406
313.000000 0.003126 0.003126
314.000000 0.002696 0.002696
315.000000 0.002414 0.002414
316.000000 0.002842 0.002842
317.000000 0.001462 0.001462
318.000000 0.001874 0.001874
319.000000 0.003045 0.003045
320.000000 0.003077 0.003077
321.000000 0.005462 0.005462
322.000000 0.005260 0.005260
323.000000 0.002725 0.002725
324.000000 0.002232 0.002232
325.000000 0.002586 0.002586
326.000000 0.002504 0.002504
327.000000 0.001987 0.001987
328.000000 0.001744 0.001744
329.000000 0.002869 0.002869
330.000000 0.003103 0.003103
331.000000 0.002047 0.002047
332.000000 0.004206 0.004206
333.000000 0.002781 0.002781
334.000000 0.002065 0.002065
335.000000 0.001778 0.001778
336.000000 0.002072 0.002072
337.000000 0.002138 0.002138
338.000000 0.001860 0.001860
339.000000 0.003286 0.003286
340.000000 0.002498 0.002498
341.000000 0.002064 0.002064
342.000000 0.001775 0.001775
343.000000 0.003131 0.003131
344.000000 0.003646 0.003646
345.000000 0.002754 0.002754
346.000000 0.002851 0.002851
347.000000 0.002667 0.002667
348.000000 0.003184 0.003184
349.000000 0.002686 0.002686
350.000000 0.003187 0.003187
351.000000 0.002344 0.002344
352.000000 0.007324 0.007324
353.000000 0.002939 0.002939
354.000000 0.002842 0.002842
355.000000 0.002798 0.002798
356.000000 0.002318 0.002318
357.000000 0.003514 0.003514
358.000000 0.002942 0.002942
359.000000 0.002279 0.002279
360.000000 0.002054 0.002054
361.000000 0.004602 0.004602
362.000000 0.002340 0.002340
363.000000 0.002683 0.002683
364.000000 0.003035 0.003035
365.000000 0.002339 0.002339
366.000000 0.002552 0.002552
367.000000 0.002543 0.002543
368.000000 0.003171 0.003171
369.000000 0.002589 0.002589
370.000000 0.005334 0.005334
371.000000 0.002037 0.002037
372.000000 0.002641 0.002641
373.000000 0.003949 0.003949
374.000000 0.002191 0.002191
375.000000 0.002413 0.002413
376.000000 0.004879 0.004879
377.000000 0.002080 0.002080
378.000000 0.002217 0.002217
379.000000 0.003493 0.003493
380.000000 0.001960 0.001960
381.000000 0.002006 0.002006
382.000000 0.003647 0.003647
383.000000 0.002178 0.002178
384.000000 0.002245 0.002245
385.000000 0.004411 0.004411
386.000000 0.002352 0.002352
387.000000 0.002730 0.002730
388.000000 0.003184 0.003184
389.000000 0.001784 0.001784
390.000000 0.002594 0.002594
391.000000 0.004681 0.004681
392.000000 0.002194 0.002194
393.000000 0.001538 0.001538
394.000000 0.002512 0.002512
395.000000 0.002820 0.002820
396.000000 0.002556 0.002556
397.000000 0.002089 0.002089
398.000000 0.001872 0.001872
399.000000 0.002855 0.002855
400.000000 0.002363 0.002363
401.000000 0.002759 0.002759
402.000000 0.001899 0.001899
403.000000 0.002023 0.002023
404.000000 0.002996 0.002996
405.000000 0.003501 0.003501
406.000000 0.002317 0.002317
407.000000 0.001893 0.001893
408.000000 0.002356 0.002356
409.000000 0.002348 0.002348
410.000000 0.002466 0.002466
411.000000 0.003206 0.003206
412.000000 0.002316 0.002316
413.000000 0.003568 0.003568
414.000000 0.002824 0.002824
415.000000 0.001703 0.001703
416.000000 0.002322 0.002322
417.000000 0.002141 0.002141
418.000000 0.002398 0.002398
419.000000 0.002551 0.002551
420.000000 0.001797 0.001797
421.000000 0.001896 0.001896
422.000000 0.003131 0.003131
423.000000 0.001455 0.001455
424.000000 0.003113 0.003113
425.000000 0.002574 0.002574
426.000000 0.002660 0.002660
427.000000 0.003437 0.003437
428.000000 0.003114 0.003114
429.000000 0.002557 0.002557
430.000000 0.002690 0.002690
431.000000 0.003253 0.003253
432.000000 0.002272 0.002272
433.000000 0.001986 0.001986
434.000000 0.003043 0.003043
435.000000 0.002902 0.002902
436.000000 0.002617 0.002617
437.000000 0.004217 0.004217
438.000000 0.002462 0.002462
439.000000 0.002180 0.002180
440.000000 0.002659 0.002659
441.000000 0.001751 0.001751
442.000000 0.002333 0.002333
443.000000 0.004067 0.004067
444.000000 0.001943 0.001943
445.000000 0.001952 0.001952
446.000000 0.003936 0.003936
447.000000 0.002073 0.002073
448.000000 0.002892 0.002892
449.000000 0.004158 0.004158
450.000000 0.002815 0.002815
451.000000 0.002555 0.002555
452.000000 0.002301 0.002301
453.000000 0.002889 0.002889
454.000000 0.002131 0.002131
455.000000 0.002973 0.002973
456.000000 0.002782 0.002782
457.000000 0.003673 0.003673
458.000000 0.003359 0.003359
459.000000 0.002178 0.002178
460.000000 0.002482 0.002482
461.000000 0.003070 0.003070
462.000000 0.003814 0.003814
463.000000 0.002030 0.002030
464.000000 0.002944 0.002944
465.000000 0.002131 0.002131
466.000000 0.002860 0.002860
467.000000 0.002958 0.002958
468.000000 0.002498 0.002498
469.000000 0.002829 0.002829
470.000000 0.003578 0.003578
471.000000 0.003059 0.003059
472.000000 0.002523 0.002523
473.000000 0.004228 0.004228
474.000000 0.002934 0.002934
475.000000 0.002806 0.002806
476.000000 0.003654 0.003654
477.000000 0.002272 0.002272
478.000000 0.002617 0.002617
479.000000 0.003214 0.003214
480.000000 0.001750 0.001750
481.000000 0.002527 0.002527
482.000000 0.001624 0.001624
483.000000 0.001735 0.001735
484.000000 0.002214 0.002214
485.000000 0.003871 0.003871
486.000000 0.001848 0.001848
487.000000 0.001970 0.001970
488.000000 0.002076 0.002076
489.000000 0.002185 0.002185
490.000000 0.002990 0.002990
491.000000 0.012561 0.012561
492.000000 0.001941 0.001941
493.000000 0.002089 0.002089
494.000000 0.002964 0.002964
495.000000 0.003273 0.003273
496.000000 0.002322 0.002322
497.000000 0.002456 0.002456
498.000000 0.002588 0.002588
499.000000 0.001726 0.001726
500.000000 0.001617 0.001617
501.000000 0.002356 0.002356
502.000000 0.002892 0.002892
503.000000 0.003807 0.003807
504.000000 0.002538 0.002538
505.000000 0.002087 0.002087
506.000000 0.003270 0.003270
507.000000 0.003448 0.003448
508.000000 0.002844 0.002844
509.000000 0.002764 0.002764
510.000000 0.002462 0.002462
511.000000 0.003069 0.003069
512.000000 0.003110 0.003110
513.000000 0.003853 0.003853
514.000000 0.001668 0.001668
515.000000 0.002316 0.002316
516.000000 0.003592 0.003592
517.000000 0.001552 0.001552
518.000000 0.002933 0.002933
519.000000 0.003878 0.003878
520.000000 0.002526 0.002526
521.000000 0.003328 0.003328
522.000000 0.003584 0.003584
523.000000 0.002618 0.002618
524.000000 0.002578 0.002578
525.000000 0.003442 0.003442
526.000000 0.003946 0.003946
527.000000 0.003078 0.003078
528.000000 0.004550 0.004550
529.000000 0.002181 0.002181
530.000000 0.002748 0.002748
531.000000 0.007941 0.007941
532.000000 0.003520 0.003520
533.000000 0.002828 0.002828
534.000000 0.003292 0.003292
535.000000 0.004093 0.004093
536.000000 0.002685 0.002685
537.000000 0.003226 0.003226
538.000000 0.005095 0.005095
539.000000 0.002398 0.002398
540.000000 0.002119 0.002119
541.000000 0.003703 0.003703
542.000000 0.003095 0.003095
543.000000 0.002877 0.002877
544.000000 0.003338 0.003338
545.000000 0.002137 0.002137
546.000000 0.002685 0.002685
547.000000 0.002167 0.002167
548.000000 0.002529 0.002529
549.000000 0.002104 0.002104
550.000000 0.003146 0.003146
551.000000 0.002123 0.002123
552.000000 0.002765 0.002765
553.000000 0.003060 0.003060
554.000000 0.002891 0.002891
555.000000 0.003665 0.003665
556.000000 0.003037 0.003037
557.000000 0.002453 0.002453
558.000000 0.002245 0.002245
559.000000 0.002485 0.002485
560.000000 0.002657 0.002657
561.000000 0.002219 0.002219
562.000000 0.002077 0.002077
563.000000 0.002515 0.002515
564.000000 0.002138 0.002138
565.000000 0.003684 0.003684
566.000000 0.002543 0.002543
567.000000 0.002035 0.002035
568.000000 0.004766 0.004766
569.000000 0.002656 0.002656
570.000000 0.002362 0.002362
571.000000 0.005032 0.005032
572.000000 0.004573 0.004573
573.000000 0.004028 0.004028
574.000000 0.003422 0.003422
575.000000 0.002059 0.002059
576.000000 0.002418 0.002418
577.000000 0.004920 0.004920
578.000000 0.002464 0.002464
579.000000 0.002569 0.002569
580.000000 0.002290 0.002290
581.000000 0.003666 0.003666
582.000000 0.003491 0.003491
583.000000 0.002082 0.002082
584.000000 0.003163 0.003163
585.000000 0.002070 0.002070
586.000000 0.002399 0.002399
587.000000 0.002370 0.002370
588.000000 0.003175 0.003175
589.000000 0.002288 0.002288
590.000000 0.002775 0.002775
591.000000 0.001960 0.001960
592.000000 0.002512 0.002512
593.000000 0.002274 0.002274
594.000000 0.002963 0.002963
595.000000 0.003784 0.003784
596.000000 0.005642 0.005642
597.000000 0.002646 0.002646
598.000000 0.002339 0.002339
599.000000 0.003193 0.003193
