Interval	Avg	Std	CI=0.95	Min	Median	Max
    0 --     1	1555.840	172.853	214.625	1268.800	1560.000	1747.200
    1 --     2	1641.120	110.925	137.731	1466.400	1643.200	1768.000
    2 --     3	1451.840	264.217	328.069	1133.600	1487.200	1903.200
    3 --     4	1628.640	170.332	211.495	1393.600	1549.600	1830.400
    4 --     5	1555.840	69.796	86.664	1476.800	1518.400	1674.400
    5 --     6	1649.440	69.486	86.278	1580.800	1601.600	1757.600
    6 --     7	1545.440	100.746	125.093	1414.400	1591.200	1653.600
    7 --     8	1543.360	247.476	307.282	1185.600	1570.400	1944.800
    8 --     9	1495.520	114.002	141.552	1352.000	1560.000	1601.600
    9 --    10	1697.280	158.735	197.096	1476.800	1695.200	1882.400
   10 --    11	1557.920	200.091	248.446	1216.800	1674.400	1747.200
   11 --    12	1591.200	52.620	65.337	1518.400	1612.000	1643.200
   12 --    13	1547.520	155.847	193.510	1258.400	1643.200	1664.000
   13 --    14	1643.200	203.266	252.388	1497.600	1539.200	2038.400
   14 --    15	1439.360	118.870	147.596	1268.800	1466.400	1622.400
   15 --    16	1639.040	297.418	369.293	1050.400	1788.800	1851.200
   16 --    17	1643.200	240.058	298.071	1268.800	1580.800	1934.400
   17 --    18	1636.960	166.867	207.193	1393.600	1705.600	1851.200
   18 --    19	1566.240	174.844	217.097	1320.800	1539.200	1851.200
   19 --    20	1528.800	163.647	203.195	1383.200	1445.600	1830.400
   20 --    21	1530.880	124.869	155.046	1383.200	1570.400	1664.000
   21 --    22	1699.360	237.120	294.423	1268.800	1788.800	1913.600
   22 --    23	1466.400	254.322	315.782	988.000	1518.400	1736.800
   23 --    24	1566.240	146.872	182.366	1362.400	1622.400	1736.800
   24 --    25	1688.960	94.084	116.821	1570.400	1653.600	1809.600
   25 --    26	1537.120	286.059	355.189	977.600	1632.800	1747.200
   26 --    27	1468.480	146.843	182.329	1227.200	1497.600	1684.800
   27 --    28	1632.800	124.973	155.175	1435.200	1632.800	1788.800
   28 --    29	1732.640	47.249	58.667	1643.200	1757.600	1768.000
   29 --    30	1624.480	211.138	262.162	1289.600	1653.600	1934.400
   30 --    31	1576.640	247.913	307.825	1164.800	1601.600	1903.200
   31 --    32	1474.720	51.958	64.515	1414.400	1487.200	1539.200
   32 --    33	1664.000	134.799	167.376	1466.400	1632.800	1820.000
   33 --    34	1607.840	199.246	247.397	1248.000	1612.000	1830.400
   34 --    35	1526.720	271.231	336.777	1175.200	1476.800	2007.200
   35 --    36	1676.480	228.175	283.317	1362.400	1684.800	1996.800
   36 --    37	1508.000	182.756	226.922	1206.400	1539.200	1778.400
   37 --    38	1439.360	159.035	197.468	1185.600	1404.000	1643.200
   38 --    39	1539.200	114.872	142.632	1435.200	1466.400	1736.800
   39 --    40	1524.640	228.478	283.693	1258.400	1487.200	1913.600
   40 --    41	1493.440	239.119	296.905	1248.000	1372.800	1934.400
   41 --    42	1485.120	116.071	144.121	1352.000	1466.400	1695.200
   42 --    43	1524.640	150.077	186.346	1362.400	1487.200	1809.600
   43 --    44	1603.680	293.671	364.640	1050.400	1736.800	1872.000
   44 --    45	1599.520	162.905	202.274	1310.400	1601.600	1799.200
   45 --    46	1655.680	281.331	349.319	1237.600	1768.000	2038.400
   46 --    47	1451.840	193.406	240.146	1133.600	1497.600	1684.800
   47 --    48	1584.960	89.850	111.564	1466.400	1643.200	1684.800
   48 --    49	1657.760	292.874	363.651	1175.200	1726.400	1965.600
   49 --    50	1593.280	167.618	208.125	1341.600	1591.200	1851.200
   50 --    51	1401.920	263.709	327.438	1040.000	1372.800	1778.400
   51 --    52	1634.880	136.933	170.025	1414.400	1643.200	1809.600
   52 --    53	1713.920	186.552	231.635	1528.800	1632.800	1986.400
   53 --    54	1564.160	202.477	251.408	1248.000	1674.400	1757.600
   54 --    55	1643.200	116.554	144.721	1466.400	1674.400	1809.600
   55 --    56	1668.160	212.384	263.710	1331.200	1757.600	1903.200
   56 --    57	1609.920	125.904	156.331	1372.800	1674.400	1716.000
   57 --    58	1672.320	166.582	206.839	1456.000	1612.000	1934.400
   58 --    59	1682.720	72.472	89.986	1560.000	1716.000	1757.600
   59 --    60	1458.080	178.614	221.778	1164.800	1528.800	1695.200
   60 --    61	1553.760	179.965	223.456	1258.400	1591.200	1747.200
   61 --    62	1526.720	185.622	230.480	1227.200	1487.200	1778.400
   62 --    63	1659.840	104.746	130.059	1456.000	1695.200	1736.800
   63 --    64	1489.280	204.687	254.153	1175.200	1487.200	1820.000
   64 --    65	1537.120	101.559	126.102	1456.000	1476.800	1726.400
   65 --    66	1503.840	177.057	219.845	1175.200	1580.800	1695.200
   66 --    67	1491.360	235.012	291.806	1081.600	1466.400	1747.200
   67 --    68	1451.840	369.257	458.493	759.200	1632.800	1778.400
   68 --    69	1639.040	152.224	189.011	1445.600	1632.800	1903.200
   69 --    70	1695.200	207.584	257.749	1424.800	1736.800	1944.800
   70 --    71	1526.720	212.466	263.811	1164.800	1570.400	1799.200
   71 --    72	1618.240	73.421	91.165	1476.800	1653.600	1684.800
   72 --    73	1664.000	123.581	153.446	1518.400	1716.000	1820.000
   73 --    74	1616.160	313.149	388.826	1164.800	1632.800	2017.600
   74 --    75	1589.120	213.380	264.946	1196.000	1716.000	1757.600
   75 --    76	1607.840	189.108	234.809	1320.800	1664.000	1861.600
   76 --    77	1680.640	166.608	206.871	1404.000	1799.200	1820.000
   77 --    78	1539.200	251.069	311.743	1248.000	1560.000	1882.400
   78 --    79	1614.080	197.917	245.747	1331.200	1612.000	1944.800
   79 --    80	1393.600	177.106	219.906	1123.200	1476.800	1612.000
   80 --    81	1476.800	215.358	267.402	1154.400	1445.600	1820.000
   81 --    82	1458.080	247.546	307.369	1019.200	1497.600	1768.000
   82 --    83	1549.600	163.383	202.866	1227.200	1622.400	1674.400
   83 --    84	1460.160	78.546	97.528	1383.200	1414.400	1570.400
   84 --    85	1530.880	160.901	199.785	1300.000	1601.600	1716.000
   85 --    86	1684.800	200.804	249.330	1487.200	1549.600	1944.800
   86 --    87	1518.400	148.250	184.077	1258.400	1591.200	1674.400
   87 --    88	1597.440	142.689	177.171	1393.600	1560.000	1820.000
   88 --    89	1445.600	196.557	244.058	1175.200	1476.800	1716.000
   89 --    90	1597.440	166.738	207.032	1352.000	1664.000	1820.000
   90 --    91	1634.880	155.709	193.338	1362.400	1653.600	1799.200
   91 --    92	1493.440	187.731	233.099	1164.800	1601.600	1664.000
   92 --    93	1508.000	102.322	127.050	1352.000	1497.600	1674.400
   93 --    94	1564.160	211.568	262.696	1258.400	1528.800	1830.400
   94 --    95	1622.400	92.086	114.339	1456.000	1622.400	1726.400
   95 --    96	1599.520	182.922	227.127	1362.400	1570.400	1892.800
   96 --    97	1624.480	209.595	260.247	1248.000	1695.200	1820.000
   97 --    98	1672.320	88.100	109.390	1539.200	1664.000	1778.400
   98 --    99	1566.240	199.138	247.262	1372.800	1487.200	1913.600
   99 --   100	1707.680	113.432	140.844	1487.200	1757.600	1788.800
  100 --   101	1657.760	170.332	211.495	1393.600	1695.200	1840.800
  101 --   102	1609.920	252.992	314.131	1300.000	1560.000	2059.200
  102 --   103	1734.720	142.050	176.379	1518.400	1788.800	1892.800
  103 --   104	1570.400	154.677	192.057	1300.000	1591.200	1778.400
  104 --   105	1740.960	94.314	117.106	1580.800	1768.000	1861.600
  105 --   106	1747.200	81.625	101.351	1653.600	1778.400	1861.600
  106 --   107	1587.040	130.494	162.030	1424.800	1580.800	1788.800
  107 --   108	1657.760	178.517	221.658	1424.800	1726.400	1851.200
  108 --   109	1609.920	212.058	263.305	1393.600	1539.200	1924.000
  109 --   110	1593.280	208.665	259.091	1320.800	1591.200	1830.400
  110 --   111	1512.160	262.163	325.518	1206.400	1632.800	1861.600
  111 --   112	1672.320	197.917	245.747	1372.800	1622.400	1934.400
  112 --   113	1688.960	81.784	101.548	1591.200	1684.800	1809.600
  113 --   114	1655.680	209.182	259.734	1414.400	1612.000	1924.000
  114 --   115	1572.480	147.724	183.423	1424.800	1487.200	1799.200
  115 --   116	1626.560	87.657	108.840	1528.800	1632.800	1747.200
  116 --   117	1389.440	131.649	163.464	1227.200	1404.000	1612.000
  117 --   118	1605.760	142.689	177.171	1383.200	1601.600	1768.000
  118 --   119	1537.120	197.041	244.659	1237.600	1580.800	1799.200
  119 --   120	1526.720	263.955	327.744	1123.200	1570.400	1820.000
  120 --   121	1651.520	182.448	226.539	1310.400	1705.600	1840.800
  121 --   122	1524.640	145.243	180.343	1352.000	1476.800	1747.200
  122 --   123	1374.880	170.813	212.093	1123.200	1435.200	1612.000
  123 --   124	1553.760	313.287	388.997	1175.200	1612.000	1903.200
  124 --   125	1584.960	171.345	212.752	1331.200	1643.200	1830.400
  125 --   126	1582.880	162.373	201.613	1383.200	1601.600	1861.600
  126 --   127	1520.480	142.203	176.568	1393.600	1424.800	1757.600
  127 --   128	1453.920	245.264	304.535	1206.400	1393.600	1851.200
  128 --   129	1541.280	119.740	148.677	1372.800	1601.600	1674.400
  129 --   130	1720.160	152.933	189.891	1580.800	1664.000	2007.200
  130 --   131	1649.440	210.234	261.040	1424.800	1632.800	2028.000
  131 --   132	1701.440	182.827	227.010	1497.600	1591.200	1965.600
  132 --   133	1603.680	168.004	208.605	1289.600	1622.400	1768.000
  133 --   134	1603.680	116.999	145.273	1456.000	1601.600	1768.000
  134 --   135	1589.120	43.828	54.420	1508.000	1612.000	1632.800
  135 --   136	1555.840	289.157	359.036	1175.200	1435.200	1965.600
  136 --   137	1661.920	196.271	243.703	1352.000	1632.800	1892.800
  137 --   138	1722.240	170.839	212.124	1476.800	1736.800	1996.800
  138 --   139	1560.000	131.057	162.728	1393.600	1508.000	1768.000
  139 --   140	1487.200	171.899	213.441	1196.000	1549.600	1684.800
  140 --   141	1449.760	229.612	285.101	1237.600	1310.400	1778.400
  141 --   142	1478.880	106.751	132.549	1341.600	1456.000	1612.000
  142 --   143	1609.920	116.257	144.352	1466.400	1591.200	1820.000
  143 --   144	1601.600	100.186	124.397	1445.600	1632.800	1736.800
  144 --   145	1553.760	190.476	236.507	1279.200	1560.000	1872.000
  145 --   146	1530.880	54.795	68.037	1466.400	1560.000	1601.600
  146 --   147	1651.520	134.703	167.256	1476.800	1632.800	1892.800
  147 --   148	1447.680	134.542	167.056	1320.800	1362.400	1674.400
  148 --   149	1485.120	106.345	132.044	1310.400	1466.400	1601.600
  149 --   150	1574.560	158.763	197.130	1456.000	1487.200	1882.400
  150 --   151	1636.960	123.686	153.576	1497.600	1622.400	1788.800
  151 --   152	1505.920	182.685	226.834	1206.400	1539.200	1747.200
  152 --   153	1718.080	278.238	345.479	1476.800	1622.400	2256.800
  153 --   154	1745.120	163.700	203.261	1518.400	1757.600	1965.600
  154 --   155	1568.320	185.505	230.335	1331.200	1508.000	1861.600
  155 --   156	1701.440	124.731	154.874	1549.600	1716.000	1861.600
  156 --   157	1616.160	242.977	301.696	1352.000	1570.400	1903.200
  157 --   158	1456.000	47.431	58.894	1404.000	1424.800	1518.400
  158 --   159	1657.760	116.666	144.859	1518.400	1674.400	1788.800
  159 --   160	1543.360	84.899	105.416	1383.200	1570.400	1622.400
  160 --   161	1497.600	182.638	226.775	1185.600	1487.200	1747.200
  161 --   162	1607.840	82.835	102.853	1466.400	1632.800	1716.000
  162 --   163	1537.120	152.480	189.329	1279.200	1528.800	1716.000
  163 --   164	1495.520	237.102	294.401	1216.800	1456.000	1934.400
  164 --   165	1676.480	121.355	150.682	1528.800	1695.200	1840.800
  165 --   166	1695.200	74.125	92.038	1570.400	1695.200	1799.200
  166 --   167	1520.480	179.821	223.277	1227.200	1570.400	1747.200
  167 --   168	1620.320	248.419	308.452	1216.800	1778.400	1861.600
  168 --   169	1553.760	71.329	88.567	1445.600	1570.400	1653.600
  169 --   170	1483.040	211.874	263.077	1216.800	1528.800	1736.800
  170 --   171	1664.000	112.397	139.559	1539.200	1664.000	1851.200
  171 --   172	1545.440	210.234	261.040	1206.400	1601.600	1851.200
  172 --   173	1520.480	109.945	136.515	1404.000	1497.600	1716.000
  173 --   174	1597.440	132.141	164.075	1404.000	1612.000	1757.600
  174 --   175	1505.920	62.192	77.221	1393.600	1528.800	1560.000
  175 --   176	1503.840	110.377	137.051	1289.600	1560.000	1580.800
  176 --   177	1695.200	160.174	198.882	1549.600	1580.800	1934.400
  177 --   178	1605.760	180.565	224.201	1424.800	1487.200	1882.400
  178 --   179	1747.200	98.663	122.506	1612.000	1809.600	1840.800
  179 --   180	1483.040	166.997	207.354	1310.400	1424.800	1799.200
  180 --   181	1616.160	35.786	44.434	1580.800	1601.600	1684.800
  181 --   182	1582.880	162.640	201.944	1362.400	1570.400	1799.200
  182 --   183	1693.120	188.742	234.354	1414.400	1684.800	1924.000
  183 --   184	1659.840	186.691	231.807	1352.000	1684.800	1934.400
  184 --   185	1661.920	89.319	110.904	1539.200	1664.000	1809.600
  185 --   186	1674.400	178.686	221.868	1424.800	1664.000	1892.800
  186 --   187	1664.000	158.545	196.859	1476.800	1643.200	1955.200
  187 --   188	1439.360	133.607	165.895	1289.600	1393.600	1622.400
  188 --   189	1688.960	112.896	140.179	1539.200	1653.600	1872.000
  189 --   190	1499.680	135.982	168.844	1341.600	1476.800	1747.200
  190 --   191	1535.040	95.227	118.240	1352.000	1580.800	1622.400
  191 --   192	1657.760	146.282	181.633	1456.000	1716.000	1840.800
  192 --   193	1524.640	104.746	130.059	1383.200	1508.000	1695.200
  193 --   194	1587.040	144.197	179.044	1331.200	1632.800	1736.800
  194 --   195	1668.160	230.176	285.802	1372.800	1643.200	2059.200
  195 --   196	1566.240	90.570	112.457	1414.400	1570.400	1684.800
  196 --   197	1520.480	232.681	288.912	1196.000	1476.800	1788.800
  197 --   198	1647.360	169.823	210.863	1372.800	1705.600	1861.600
  198 --   199	1524.640	89.609	111.264	1404.000	1549.600	1653.600
  199 --   200	1526.720	153.187	190.207	1383.200	1466.400	1778.400
  200 --   201	1641.120	85.609	106.298	1528.800	1643.200	1768.000
  201 --   202	1491.360	88.882	110.362	1352.000	1487.200	1632.800
  202 --   203	1643.200	156.899	194.816	1414.400	1622.400	1903.200
  203 --   204	1545.440	87.410	108.533	1393.600	1570.400	1653.600
  204 --   205	1508.000	132.043	163.953	1372.800	1508.000	1736.800
  205 --   206	1653.600	145.748	180.971	1393.600	1695.200	1809.600
  206 --   207	1682.720	189.200	234.923	1404.000	1809.600	1872.000
  207 --   208	1424.800	164.043	203.687	1268.800	1352.000	1674.400
  208 --   209	1553.760	104.125	129.288	1383.200	1580.800	1695.200
  209 --   210	1863.680	156.678	194.541	1716.000	1820.000	2142.400
  210 --   211	1684.800	164.701	204.504	1476.800	1632.800	1882.400
  211 --   212	1666.080	200.631	249.116	1393.600	1643.200	2017.600
  212 --   213	1466.400	196.557	244.058	1102.400	1591.200	1612.000
  213 --   214	1578.720	189.999	235.914	1268.800	1580.800	1830.400
  214 --   215	1597.440	181.640	225.536	1258.400	1695.200	1747.200
  215 --   216	1485.120	180.900	224.617	1196.000	1508.000	1695.200
  216 --   217	1412.320	101.984	126.629	1227.200	1435.200	1518.400
  217 --   218	1582.880	117.736	146.189	1352.000	1622.400	1684.800
  218 --   219	1599.520	90.522	112.398	1497.600	1591.200	1757.600
  219 --   220	1584.960	178.031	221.055	1310.400	1591.200	1788.800
  220 --   221	1657.760	206.602	256.530	1320.800	1643.200	1903.200
  221 --   222	1616.160	97.250	120.751	1518.400	1570.400	1757.600
  222 --   223	1582.880	160.092	198.781	1331.200	1601.600	1799.200
  223 --   224	1478.880	188.283	233.784	1216.800	1528.800	1757.600
  224 --   225	1499.680	96.982	120.420	1310.400	1528.800	1570.400
  225 --   226	1614.080	107.155	133.051	1487.200	1560.000	1747.200
  226 --   227	1537.120	241.441	299.789	1123.200	1612.000	1768.000
  227 --   228	1543.360	112.512	139.703	1404.000	1518.400	1736.800
  228 --   229	1655.680	71.571	88.868	1560.000	1674.400	1757.600
  229 --   230	1589.120	243.582	302.447	1133.600	1612.000	1809.600
  230 --   231	1508.000	120.209	149.259	1352.000	1560.000	1664.000
  231 --   232	1713.920	117.368	145.732	1570.400	1716.000	1882.400
  232 --   233	1655.680	64.915	80.602	1560.000	1664.000	1757.600
  233 --   234	1487.200	173.153	214.998	1227.200	1508.000	1736.800
  234 --   235	1464.320	207.729	257.930	1144.000	1612.000	1653.600
  235 --   236	1599.520	215.097	267.078	1216.800	1695.200	1809.600
  236 --   237	1549.600	142.598	177.058	1289.600	1591.200	1684.800
  237 --   238	1636.960	134.253	166.697	1404.000	1716.000	1768.000
  238 --   239	1422.720	140.365	174.287	1206.400	1404.000	1643.200
  239 --   240	1476.800	223.636	277.681	1102.400	1476.800	1788.800
  240 --   241	1639.040	67.592	83.927	1539.200	1664.000	1705.600
  241 --   242	1591.200	188.122	233.585	1424.800	1456.000	1851.200
  242 --   243	1503.840	73.715	91.530	1383.200	1487.200	1591.200
  243 --   244	1632.800	131.715	163.546	1445.600	1643.200	1799.200
  244 --   245	1622.400	108.679	134.942	1487.200	1622.400	1809.600
  245 --   246	1593.280	125.904	156.331	1414.400	1612.000	1736.800
  246 --   247	1630.720	186.552	231.635	1362.400	1580.800	1861.600
  247 --   248	1514.240	143.746	178.484	1258.400	1549.600	1674.400
  248 --   249	1599.520	87.360	108.472	1497.600	1580.800	1716.000
  249 --   250	1740.960	117.221	145.548	1601.600	1736.800	1892.800
  250 --   251	1512.160	248.958	309.122	1029.600	1643.200	1695.200
  251 --   252	1539.200	210.378	261.219	1320.800	1456.000	1861.600
  252 --   253	1716.000	135.918	168.765	1497.600	1716.000	1903.200
  253 --   254	1582.880	219.576	272.639	1393.600	1445.600	1934.400
  254 --   255	1626.560	129.161	160.375	1487.200	1653.600	1830.400
  255 --   256	1661.920	81.731	101.482	1518.400	1684.800	1747.200
  256 --   257	1443.520	115.884	143.889	1331.200	1445.600	1653.600
  257 --   258	1555.840	148.920	184.908	1383.200	1508.000	1830.400
  258 --   259	1551.680	77.660	96.427	1414.400	1591.200	1622.400
  259 --   260	1491.360	182.590	226.716	1279.200	1445.600	1830.400
  260 --   261	1709.760	212.180	263.457	1497.600	1705.600	2080.000
  261 --   262	1647.360	85.407	106.046	1518.400	1674.400	1747.200
  262 --   263	1626.560	90.330	112.160	1497.600	1601.600	1768.000
  263 --   264	1620.320	170.306	211.463	1372.800	1747.200	1768.000
  264 --   265	1697.280	47.157	58.553	1622.400	1684.800	1757.600
  265 --   266	1530.880	122.949	152.661	1331.200	1528.800	1664.000
  266 --   267	1655.680	161.304	200.285	1393.600	1695.200	1820.000
  267 --   268	1587.040	205.552	255.227	1424.800	1424.800	1913.600
  268 --   269	1605.760	266.581	331.004	1133.600	1768.000	1830.400
  269 --   270	1713.920	128.960	160.125	1487.200	1747.200	1861.600
  270 --   271	1655.680	211.445	262.544	1414.400	1643.200	2028.000
  271 --   272	1643.200	256.355	318.307	1185.600	1736.800	1944.800
  272 --   273	1487.200	126.350	156.885	1362.400	1435.200	1653.600
  273 --   274	1584.960	146.134	181.449	1352.000	1580.800	1768.000
  274 --   275	1584.960	123.686	153.576	1445.600	1528.800	1757.600
  275 --   276	1645.280	156.954	194.884	1445.600	1591.200	1903.200
  276 --   277	1641.120	104.911	130.264	1518.400	1684.800	1778.400
  277 --   278	1620.320	82.783	102.789	1518.400	1601.600	1768.000
  278 --   279	1626.560	112.512	139.703	1487.200	1570.400	1788.800
  279 --   280	1672.320	158.872	197.265	1476.800	1705.600	1892.800
  280 --   281	1493.440	218.707	271.560	1092.000	1591.200	1716.000
  281 --   282	1628.640	170.712	211.967	1289.600	1705.600	1747.200
  282 --   283	1508.000	200.911	249.464	1164.800	1518.400	1736.800
  283 --   284	1568.320	236.645	293.834	1279.200	1508.000	1986.400
  284 --   285	1520.480	220.460	273.738	1216.800	1456.000	1778.400
  285 --   286	1591.200	56.582	70.256	1518.400	1591.200	1664.000
  286 --   287	1601.600	60.642	75.297	1528.800	1601.600	1674.400
  287 --   288	1672.320	149.760	185.952	1466.400	1653.600	1840.800
  288 --   289	1553.760	52.042	64.618	1508.000	1528.800	1643.200
  289 --   290	1587.040	109.195	135.584	1456.000	1539.200	1778.400
  290 --   291	1562.080	232.681	288.912	1154.400	1622.400	1778.400
  291 --   292	1514.240	112.127	139.224	1372.800	1539.200	1674.400
  292 --   293	1657.760	174.224	216.328	1476.800	1560.000	1903.200
  293 --   294	1657.760	160.255	198.982	1445.600	1736.800	1840.800
  294 --   295	1553.760	218.410	271.192	1164.800	1632.800	1820.000
  295 --   296	1587.040	125.077	155.304	1383.200	1580.800	1768.000
  296 --   297	1489.280	78.491	97.459	1393.600	1476.800	1622.400
  297 --   298	1614.080	167.618	208.125	1456.000	1528.800	1851.200
  298 --   299	1601.600	114.116	141.694	1404.000	1622.400	1716.000
  299 --   300	1634.880	134.542	167.056	1487.200	1653.600	1861.600
  300 --   301	1651.520	150.624	187.025	1508.000	1560.000	1882.400
  301 --   302	1620.320	201.277	249.918	1372.800	1684.800	1892.800
  302 --   303	1591.200	163.118	202.537	1310.400	1591.200	1768.000
  303 --   304	1678.560	65.313	81.097	1580.800	1695.200	1778.400
  304 --   305	1693.120	171.572	213.034	1487.200	1695.200	1976.000
  305 --   306	1632.800	171.899	213.441	1424.800	1653.600	1872.000
  306 --   307	1508.000	178.444	221.568	1352.000	1414.400	1830.400
  307 --   308	1589.120	202.028	250.851	1341.600	1643.200	1861.600
  308 --   309	1703.520	156.402	194.198	1508.000	1736.800	1944.800
  309 --   310	1535.040	29.854	37.068	1476.800	1549.600	1560.000
  310 --   311	1466.400	118.213	146.781	1352.000	1466.400	1674.400
  311 --   312	1697.280	207.208	257.283	1424.800	1591.200	1955.200
  312 --   313	1495.520	178.129	221.176	1268.800	1560.000	1695.200
  313 --   314	1780.480	141.440	175.621	1632.800	1716.000	2017.600
  314 --   315	1584.960	120.317	149.393	1466.400	1518.400	1788.800
  315 --   316	1514.240	68.229	84.718	1424.800	1508.000	1622.400
  316 --   317	1651.520	135.024	167.654	1518.400	1580.800	1820.000
  317 --   318	1730.560	68.545	85.110	1643.200	1726.400	1851.200
  318 --   319	1647.360	136.173	169.080	1393.600	1684.800	1768.000
  319 --   320	1597.440	158.490	196.791	1310.400	1601.600	1768.000
  320 --   321	1503.840	204.179	253.522	1248.000	1539.200	1747.200
  321 --   322	1614.080	129.128	160.333	1476.800	1622.400	1830.400
  322 --   323	1543.360	181.044	224.795	1237.600	1591.200	1788.800
  323 --   324	1603.680	154.733	192.126	1383.200	1601.600	1778.400
  324 --   325	1651.520	221.048	274.468	1289.600	1622.400	1903.200
  325 --   326	1526.720	159.415	197.940	1300.000	1518.400	1788.800
  326 --   327	1535.040	108.599	134.844	1393.600	1601.600	1653.600
  327 --   328	1589.120	141.746	176.000	1424.800	1612.000	1820.000
  328 --   329	1522.560	248.262	308.258	1185.600	1674.400	1768.000
  329 --   330	1618.240	192.622	239.172	1404.000	1528.800	1955.200
  330 --   331	1634.880	146.104	181.412	1414.400	1622.400	1861.600
  331 --   332	1551.680	91.473	113.578	1424.800	1580.800	1664.000
  332 --   333	1453.920	122.420	152.004	1300.000	1414.400	1664.000
  333 --   334	1630.720	92.881	115.327	1560.000	1580.800	1809.600
  334 --   335	1599.520	153.470	190.558	1352.000	1622.400	1830.400
  335 --   336	1493.440	113.088	140.417	1300.000	1508.000	1653.600
  336 --   337	1612.000	202.199	251.063	1258.400	1643.200	1820.000
  337 --   338	1526.720	109.155	135.534	1331.200	1549.600	1664.000
  338 --   339	1532.960	101.814	126.419	1393.600	1518.400	1684.800
  339 --   340	1568.320	153.329	190.383	1289.600	1653.600	1705.600
  340 --   341	1632.800	229.272	284.679	1216.800	1695.200	1913.600
  341 --   342	1557.920	163.568	203.096	1352.000	1539.200	1778.400
  342 --   343	1647.360	134.253	166.697	1456.000	1632.800	1872.000
  343 --   344	1564.160	121.391	150.727	1362.400	1612.000	1705.600
  344 --   345	1597.440	111.741	138.744	1435.200	1612.000	1768.000
  345 --   346	1672.320	99.840	123.968	1570.400	1684.800	1840.800
  346 --   347	1616.160	49.485	61.443	1549.600	1622.400	1695.200
  347 --   348	1584.960	195.852	243.182	1404.000	1466.400	1872.000
  348 --   349	1655.680	138.347	171.781	1435.200	1632.800	1861.600
  349 --   350	1664.000	161.250	200.219	1424.800	1726.400	1851.200
  350 --   351	1603.680	200.523	248.982	1320.800	1591.200	1944.800
  351 --   352	1691.040	75.742	94.046	1549.600	1705.600	1778.400
  352 --   353	1582.880	35.665	44.283	1549.600	1570.400	1643.200
  353 --   354	1603.680	109.945	136.515	1445.600	1622.400	1768.000
  354 --   355	1624.480	90.522	112.398	1487.200	1622.400	1736.800
  355 --   356	1603.680	101.559	126.102	1456.000	1664.000	1705.600
  356 --   357	1539.200	195.564	242.825	1362.400	1487.200	1903.200
  357 --   358	1605.760	151.369	187.950	1383.200	1695.200	1757.600
  358 --   359	1545.440	212.180	263.457	1320.800	1528.800	1934.400
  359 --   360	1564.160	134.414	166.897	1404.000	1508.000	1778.400
  360 --   361	1695.200	222.764	276.598	1445.600	1695.200	2080.000
  361 --   362	1618.240	175.585	218.017	1456.000	1549.600	1913.600
  362 --   363	1553.760	109.393	135.829	1404.000	1601.600	1684.800
  363 --   364	1672.320	160.767	199.618	1445.600	1601.600	1861.600
  364 --   365	1580.800	168.980	209.816	1341.600	1560.000	1799.200
  365 --   366	1485.120	132.436	164.441	1237.600	1570.400	1580.800
  366 --   367	1566.240	249.392	309.661	1372.800	1414.400	2038.400
  367 --   368	1562.080	199.333	247.505	1237.600	1570.400	1861.600
  368 --   369	1574.560	259.925	322.740	1289.600	1456.000	2017.600
  369 --   370	1566.240	211.976	263.203	1154.400	1653.600	1757.600
  370 --   371	1470.560	76.594	95.104	1320.800	1497.600	1539.200
  371 --   372	1472.640	157.943	196.112	1196.000	1539.200	1653.600
  372 --   373	1578.720	144.766	179.750	1352.000	1622.400	1768.000
  373 --   374	1512.160	155.040	192.508	1310.400	1497.600	1747.200
  374 --   375	1732.640	121.924	151.389	1508.000	1768.000	1872.000
  375 --   376	1466.400	112.589	139.798	1279.200	1487.200	1601.600
  376 --   377	1599.520	164.359	204.079	1331.200	1674.400	1788.800
  377 --   378	1557.920	269.952	335.189	1248.000	1601.600	1955.200
  378 --   379	1518.400	227.377	282.326	1102.400	1539.200	1757.600
  379 --   380	1691.040	202.797	251.806	1456.000	1643.200	2069.600
  380 --   381	1626.560	200.976	249.544	1456.000	1539.200	2017.600
  381 --   382	1576.640	180.924	224.647	1372.800	1528.800	1913.600
  382 --   383	1545.440	105.978	131.589	1372.800	1560.000	1684.800
  383 --   384	1541.280	191.134	237.324	1206.400	1560.000	1788.800
  384 --   385	1622.400	104.622	129.906	1466.400	1684.800	1726.400
  385 --   386	1435.200	77.548	96.289	1310.400	1435.200	1549.600
  386 --   387	1628.640	277.085	344.047	1123.200	1684.800	1965.600
  387 --   388	1597.440	225.236	279.668	1331.200	1528.800	1976.000
  388 --   389	1630.720	127.101	157.817	1414.400	1695.200	1747.200
  389 --   390	1578.720	167.875	208.445	1372.800	1591.200	1768.000
  390 --   391	1547.520	136.933	170.025	1383.200	1518.400	1726.400
  391 --   392	1630.720	130.627	162.194	1466.400	1601.600	1861.600
  392 --   393	1713.920	105.117	130.520	1528.800	1747.200	1840.800
  393 --   394	1564.160	197.392	245.094	1331.200	1601.600	1861.600
  394 --   395	1547.520	151.911	188.623	1331.200	1528.800	1768.000
  395 --   396	1630.720	211.752	262.925	1237.600	1716.000	1820.000
  396 --   397	1724.320	188.053	233.499	1466.400	1695.200	2048.800
  397 --   398	1603.680	63.568	78.930	1539.200	1570.400	1695.200
  398 --   399	1653.600	149.558	185.700	1466.400	1716.000	1861.600
  399 --   400	1716.000	224.505	278.760	1404.000	1632.800	2059.200
  400 --   401	1483.040	227.815	282.869	1144.000	1424.800	1747.200
  401 --   402	1672.320	115.323	143.192	1476.800	1674.400	1820.000
  402 --   403	1686.880	122.597	152.224	1549.600	1643.200	1861.600
  403 --   404	1512.160	276.304	343.076	1144.000	1643.200	1778.400
  404 --   405	1616.160	130.825	162.441	1497.600	1549.600	1851.200
  405 --   406	1591.200	132.370	164.360	1383.200	1632.800	1726.400
  406 --   407	1724.320	158.189	196.418	1518.400	1768.000	1903.200
  407 --   408	1447.680	152.480	189.329	1185.600	1435.200	1632.800
  408 --   409	1678.560	137.122	170.260	1476.800	1705.600	1882.400
  409 --   410	1485.120	218.984	271.904	1268.800	1383.200	1840.800
  410 --   411	1535.040	162.666	201.977	1352.000	1528.800	1757.600
  411 --   412	1593.280	80.127	99.491	1466.400	1570.400	1684.800
  412 --   413	1495.520	156.678	194.541	1279.200	1476.800	1757.600
  413 --   414	1545.440	113.850	141.364	1435.200	1518.400	1747.200
  414 --   415	1605.760	152.082	188.835	1456.000	1549.600	1892.800
  415 --   416	1582.880	211.035	262.035	1258.400	1653.600	1882.400
  416 --   417	1593.280	199.658	247.909	1227.200	1664.000	1820.000
  417 --   418	1616.160	223.791	277.873	1300.000	1736.800	1882.400
  418 --   419	1578.720	165.801	205.869	1352.000	1539.200	1778.400
  419 --   420	1543.360	255.307	317.005	1258.400	1539.200	1986.400
  420 --   421	1632.800	126.179	156.672	1456.000	1622.400	1778.400
  421 --   422	1628.640	115.548	143.471	1487.200	1601.600	1768.000
  422 --   423	1711.840	92.694	115.095	1591.200	1747.200	1809.600
  423 --   424	1587.040	102.871	127.731	1393.600	1612.000	1695.200
  424 --   425	1499.680	220.264	273.494	1300.000	1331.200	1799.200
  425 --   426	1537.120	150.624	187.025	1289.600	1570.400	1705.600
  426 --   427	1649.440	211.568	262.696	1320.800	1653.600	1934.400
  427 --   428	1568.320	149.904	186.131	1331.200	1560.000	1799.200
  428 --   429	1612.000	168.210	208.860	1393.600	1560.000	1892.800
  429 --   430	1711.840	162.799	202.142	1560.000	1612.000	1986.400
  430 --   431	1524.640	126.624	157.224	1362.400	1539.200	1736.800
  431 --   432	1555.840	72.830	90.430	1435.200	1549.600	1653.600
  432 --   433	1589.120	171.572	213.034	1404.000	1508.000	1872.000
  433 --   434	1557.920	210.420	261.270	1227.200	1591.200	1788.800
  434 --   435	1666.080	78.766	97.801	1518.400	1705.600	1736.800
  435 --   436	1574.560	195.631	242.907	1352.000	1549.600	1934.400
  436 --   437	1539.200	128.388	159.415	1404.000	1497.600	1716.000
  437 --   438	1711.840	133.607	165.895	1508.000	1778.400	1851.200
  438 --   439	1686.880	306.714	380.835	1435.200	1560.000	2267.200
  439 --   440	1639.040	110.769	137.537	1528.800	1570.400	1788.800
  440 --   441	1680.640	66.299	82.322	1601.600	1653.600	1799.200
  441 --   442	1580.800	139.840	173.635	1445.600	1518.400	1778.400
  442 --   443	1501.760	136.648	169.671	1237.600	1528.800	1612.000
  443 --   444	1566.240	131.649	163.464	1424.800	1518.400	1799.200
  444 --   445	1632.800	185.108	229.842	1414.400	1601.600	1976.000
  445 --   446	1632.800	154.397	191.709	1362.400	1664.000	1778.400
  446 --   447	1595.360	38.690	48.040	1549.600	1591.200	1664.000
  447 --   448	1493.440	242.710	301.365	1071.200	1591.200	1716.000
  448 --   449	1518.400	215.458	267.527	1123.200	1570.400	1757.600
  449 --   450	1601.600	78.104	96.979	1508.000	1612.000	1705.600
  450 --   451	1595.360	160.389	199.150	1414.400	1612.000	1861.600
  451 --   452	1503.840	221.849	275.462	1164.800	1497.600	1840.800
  452 --   453	1541.280	116.814	145.043	1341.600	1560.000	1674.400
  453 --   454	1695.200	58.831	73.049	1622.400	1705.600	1768.000
  454 --   455	1668.160	181.521	225.388	1435.200	1643.200	1976.000
  455 --   456	1709.760	74.591	92.616	1622.400	1695.200	1820.000
  456 --   457	1572.480	207.312	257.412	1248.000	1612.000	1788.800
  457 --   458	1541.280	169.925	210.989	1248.000	1601.600	1757.600
  458 --   459	1576.640	172.853	214.625	1352.000	1580.800	1861.600
  459 --   460	1614.080	81.466	101.153	1497.600	1643.200	1695.200
  460 --   461	1510.080	171.446	212.878	1268.800	1456.000	1716.000
  461 --   462	1682.720	104.291	129.494	1580.800	1612.000	1820.000
  462 --   463	1622.400	148.833	184.800	1352.000	1632.800	1778.400
  463 --   464	1456.000	58.462	72.591	1383.200	1435.200	1560.000
  464 --   465	1636.960	85.912	106.674	1539.200	1612.000	1757.600
  465 --   466	1574.560	217.019	269.465	1258.400	1653.600	1809.600
  466 --   467	1564.160	115.735	143.704	1414.400	1580.800	1726.400
  467 --   468	1616.160	180.685	224.350	1320.800	1643.200	1840.800
  468 --   469	1622.400	94.863	117.787	1528.800	1591.200	1799.200
  469 --   470	1572.480	114.570	142.258	1352.000	1612.000	1674.400
  470 --   471	1580.800	165.357	205.317	1352.000	1684.800	1768.000
  471 --   472	1514.240	170.077	211.179	1206.400	1549.600	1716.000
  472 --   473	1595.360	64.312	79.854	1497.600	1580.800	1695.200
  473 --   474	1495.520	58.240	72.315	1435.200	1476.800	1601.600
  474 --   475	1537.120	96.311	119.586	1372.800	1539.200	1643.200
  475 --   476	1693.120	134.864	167.455	1549.600	1674.400	1944.800
  476 --   477	1728.480	120.819	150.017	1518.400	1768.000	1882.400
  477 --   478	1616.160	102.026	126.682	1518.400	1560.000	1799.200
  478 --   479	1522.560	207.958	258.214	1196.000	1570.400	1747.200
  479 --   480	1661.920	183.158	227.421	1476.800	1612.000	1996.800
  480 --   481	1668.160	109.195	135.584	1570.400	1601.600	1861.600
  481 --   482	1578.720	98.531	122.343	1445.600	1622.400	1684.800
  482 --   483	1753.440	163.594	203.129	1466.400	1778.400	1924.000
  483 --   484	1649.440	155.597	193.200	1539.200	1580.800	1955.200
  484 --   485	1574.560	92.461	114.805	1445.600	1549.600	1716.000
  485 --   486	1622.400	77.826	96.634	1508.000	1643.200	1736.800
  486 --   487	1549.600	53.030	65.845	1508.000	1528.800	1653.600
  487 --   488	1557.920	115.697	143.657	1331.200	1622.400	1632.800
  488 --   489	1516.320	125.733	156.118	1310.400	1528.800	1684.800
  489 --   490	1817.920	174.695	216.913	1580.800	1799.200	2090.400
  490 --   491	1626.560	111.547	138.504	1445.600	1612.000	1768.000
  491 --   492	1680.640	92.927	115.385	1528.800	1674.400	1820.000
  492 --   493	1472.640	148.338	184.186	1300.000	1476.800	1726.400
  493 --   494	1530.880	265.671	329.874	1154.400	1560.000	1965.600
  494 --   495	1622.400	107.075	132.951	1466.400	1601.600	1747.200
  495 --   496	1688.960	107.799	133.851	1497.600	1726.400	1820.000
  496 --   497	1514.240	167.256	207.676	1383.200	1414.400	1830.400
  497 --   498	1505.920	120.101	149.125	1372.800	1508.000	1705.600
  498 --   499	1487.200	114.872	142.632	1320.800	1487.200	1622.400
  499 --   500	1557.920	140.980	175.050	1372.800	1549.600	1716.000
  500 --   501	1707.680	138.504	171.975	1528.800	1716.000	1944.800
  501 --   502	1578.720	84.336	104.717	1456.000	1643.200	1653.600
  502 --   503	1622.400	159.497	198.041	1372.800	1684.800	1830.400
  503 --   504	1620.320	120.819	150.017	1508.000	1549.600	1809.600
  504 --   505	1595.360	182.590	226.716	1331.200	1674.400	1840.800
  505 --   506	1549.600	170.509	211.715	1331.200	1528.800	1830.400
  506 --   507	1576.640	95.454	118.521	1466.400	1570.400	1684.800
  507 --   508	1478.880	87.112	108.164	1362.400	1466.400	1632.800
  508 --   509	1624.480	113.049	140.369	1497.600	1632.800	1799.200
  509 --   510	1713.920	185.971	230.914	1497.600	1674.400	1955.200
  510 --   511	1624.480	168.647	209.403	1393.600	1570.400	1892.800
  511 --   512	1539.200	279.758	347.366	1123.200	1653.600	1882.400
  512 --   513	1716.000	127.033	157.733	1570.400	1757.600	1892.800
  513 --   514	1543.360	110.964	137.780	1362.400	1560.000	1695.200
  514 --   515	1568.320	167.875	208.445	1341.600	1580.800	1830.400
  515 --   516	1570.400	102.111	126.787	1456.000	1570.400	1726.400
  516 --   517	1649.440	170.712	211.967	1414.400	1664.000	1913.600
  517 --   518	1562.080	72.472	89.986	1487.200	1528.800	1664.000
  518 --   519	1626.560	239.390	297.242	1352.000	1580.800	1976.000
  519 --   520	1686.880	231.470	287.407	1268.800	1705.600	1955.200
  520 --   521	1661.920	134.864	167.455	1456.000	1684.800	1830.400
  521 --   522	1582.880	165.147	205.057	1404.000	1560.000	1892.800
  522 --   523	1616.160	162.932	202.307	1383.200	1632.800	1861.600
  523 --   524	1643.200	113.355	140.749	1487.200	1643.200	1809.600
  524 --   525	1549.600	72.053	89.466	1414.400	1580.800	1612.000
  525 --   526	1495.520	103.458	128.460	1362.400	1466.400	1664.000
  526 --   527	1636.960	52.042	64.618	1549.600	1632.800	1695.200
  527 --   528	1628.640	141.011	175.088	1393.600	1622.400	1830.400
  528 --   529	1709.760	100.531	124.826	1570.400	1705.600	1882.400
  529 --   530	1659.840	103.081	127.992	1549.600	1612.000	1788.800
  530 --   531	1491.360	245.634	304.995	1196.000	1549.600	1851.200
  531 --   532	1572.480	159.415	197.940	1414.400	1528.800	1851.200
  532 --   533	1649.440	106.589	132.347	1466.400	1653.600	1778.400
  533 --   534	1607.840	171.849	213.378	1279.200	1664.000	1757.600
  534 --   535	1524.640	226.958	281.806	1258.400	1539.200	1809.600
  535 --   536	1616.160	65.972	81.916	1508.000	1632.800	1695.200
  536 --   537	1601.600	201.126	249.731	1383.200	1622.400	1924.000
  537 --   538	1716.000	43.132	53.555	1674.400	1705.600	1788.800
  538 --   539	1607.840	183.654	228.036	1435.200	1580.800	1955.200
  539 --   540	1661.920	78.491	97.459	1560.000	1632.800	1788.800
  540 --   541	1578.720	107.759	133.801	1372.800	1612.000	1664.000
  541 --   542	1489.280	140.211	174.095	1362.400	1435.200	1757.600
  542 --   543	1612.000	199.832	248.124	1404.000	1539.200	1986.400
  543 --   544	1645.280	139.593	173.327	1456.000	1726.400	1788.800
  544 --   545	1537.120	115.884	143.889	1424.800	1466.400	1716.000
  545 --   546	1618.240	71.025	88.189	1476.800	1653.600	1664.000
  546 --   547	1433.120	117.920	146.417	1279.200	1393.600	1632.800
  547 --   548	1599.520	149.471	185.593	1476.800	1549.600	1892.800
  548 --   549	1668.160	119.414	148.273	1528.800	1653.600	1820.000
  549 --   550	1645.280	87.607	108.779	1570.400	1580.800	1757.600
  550 --   551	1770.080	157.504	195.567	1508.000	1778.400	1986.400
  551 --   552	1551.680	199.875	248.177	1227.200	1664.000	1757.600
  552 --   553	1584.960	147.900	183.642	1476.800	1476.800	1851.200
  553 --   554	1620.320	130.129	161.576	1424.800	1622.400	1820.000
  554 --   555	1555.840	153.074	190.067	1362.400	1487.200	1799.200
  555 --   556	1622.400	112.397	139.559	1487.200	1632.800	1809.600
  556 --   557	1528.800	147.812	183.533	1289.600	1612.000	1674.400
  557 --   558	1626.560	269.004	334.013	1352.000	1591.200	2132.000
  558 --   559	1587.040	149.210	185.269	1414.400	1528.800	1851.200
  559 --   560	1670.240	169.568	210.546	1456.000	1664.000	1965.600
  560 --   561	1697.280	199.007	247.100	1445.600	1601.600	1976.000
  561 --   562	1566.240	74.008	91.893	1487.200	1549.600	1705.600
  562 --   563	1489.280	214.190	265.951	1154.400	1487.200	1736.800
  563 --   564	1595.360	135.536	168.290	1404.000	1632.800	1768.000
  564 --   565	1618.240	61.913	76.875	1497.600	1653.600	1664.000
  565 --   566	1560.000	158.681	197.028	1300.000	1560.000	1799.200
  566 --   567	1755.520	141.593	175.811	1560.000	1840.800	1913.600
  567 --   568	1462.240	57.568	71.480	1362.400	1456.000	1528.800
  568 --   569	1541.280	123.300	153.098	1404.000	1476.800	1747.200
  569 --   570	1628.640	116.294	144.398	1497.600	1570.400	1778.400
  570 --   571	1653.600	172.527	214.221	1456.000	1664.000	1913.600
  571 --   572	1641.120	128.960	160.125	1435.200	1622.400	1788.800
  572 --   573	1501.760	147.753	183.460	1289.600	1456.000	1736.800
  573 --   574	1653.600	201.341	249.998	1279.200	1695.200	1872.000
  574 --   575	1678.560	157.943	196.112	1549.600	1560.000	1924.000
  575 --   576	1645.280	62.539	77.652	1580.800	1622.400	1757.600
  576 --   577	1543.360	156.291	194.061	1393.600	1487.200	1820.000
  577 --   578	1605.760	114.985	142.772	1404.000	1632.800	1757.600
  578 --   579	1605.760	174.844	217.097	1424.800	1497.600	1861.600
  579 --   580	1549.600	107.880	133.950	1435.200	1508.000	1716.000
  580 --   581	1616.160	69.174	85.890	1508.000	1612.000	1695.200
  581 --   582	1630.720	75.111	93.262	1518.400	1622.400	1747.200
  582 --   583	1518.400	83.200	103.306	1414.400	1497.600	1643.200
  583 --   584	1574.560	229.046	284.398	1216.800	1622.400	1924.000
  584 --   585	1545.440	160.119	198.815	1300.000	1549.600	1799.200
  585 --   586	1626.560	104.125	129.288	1424.800	1664.000	1726.400
  586 --   587	1647.360	237.667	295.102	1362.400	1549.600	2059.200
  587 --   588	1549.600	83.460	103.629	1424.800	1539.200	1684.800
  588 --   589	1435.200	172.653	214.376	1300.000	1352.000	1768.000
  589 --   590	1614.080	160.767	199.618	1435.200	1539.200	1882.400
  590 --   591	1568.320	174.695	216.913	1341.600	1684.800	1757.600
  591 --   592	1582.880	290.039	360.131	1289.600	1476.800	2132.000
  592 --   593	1626.560	258.757	321.290	1185.600	1632.800	1924.000
  593 --   594	1643.200	199.832	248.124	1320.800	1653.600	1934.400
  594 --   595	1695.200	175.264	217.619	1539.200	1622.400	2017.600
  595 --   596	1643.200	172.653	214.376	1476.800	1591.200	1976.000
  596 --   597	1620.320	112.666	139.893	1456.000	1612.000	1799.200
  597 --   598	1480.960	100.316	124.558	1383.200	1456.000	1674.400
  598 --   599	1672.320	188.398	233.927	1424.800	1664.000	1903.200
  599 --   600	1580.800	129.395	160.666	1362.400	1580.800	1768.000
    0 --   600	1590.455	32.966	40.933	1528.297	1599.780	1621.689