Interval	Avg	Std	CI=0.95	Min	Median	Max
    0 --     1	0.577	0.885	1.099	0.000	0.000	2.286
    1 --     2	3.776	2.234	2.773	1.354	2.857	7.333
    2 --     3	7.083	3.056	3.795	2.000	8.667	10.000
    3 --     4	9.642	3.095	3.843	3.958	10.000	12.871
    4 --     5	10.747	2.785	3.458	5.427	11.589	13.072
    5 --     6	10.979	1.000	1.242	9.569	10.731	12.492
    6 --     7	10.829	1.498	1.860	8.786	10.614	13.295
    7 --     8	10.994	0.866	1.075	9.995	10.721	12.099
    8 --     9	12.766	2.182	2.710	10.319	12.705	16.698
    9 --    10	13.829	2.855	3.545	10.532	12.616	18.383
   10 --    11	13.827	2.376	2.951	10.836	13.699	17.487
   11 --    12	13.841	1.762	2.188	11.267	14.089	16.641
   12 --    13	13.246	1.285	1.595	11.824	12.744	15.614
   13 --    14	13.833	1.549	1.924	12.174	13.419	16.779
   14 --    15	14.119	1.672	2.076	11.594	14.806	16.185
   15 --    16	13.821	1.846	2.292	11.618	13.884	16.809
   16 --    17	14.140	1.760	2.186	11.294	13.945	16.544
   17 --    18	14.957	2.313	2.872	12.667	14.995	19.022
   18 --    19	15.252	3.364	4.177	10.830	13.936	19.715
   19 --    20	14.872	3.189	3.960	10.706	14.586	18.818
   20 --    21	15.004	2.020	2.508	12.973	13.643	17.814
   21 --    22	14.764	1.855	2.304	12.443	14.230	16.945
   22 --    23	14.344	1.914	2.377	12.416	13.169	17.358
   23 --    24	13.524	2.086	2.590	11.341	12.317	16.837
   24 --    25	12.751	2.463	3.058	10.386	11.361	16.994
   25 --    26	12.591	3.145	3.905	9.908	11.522	18.530
   26 --    27	12.237	2.991	3.714	9.093	11.809	17.841
   27 --    28	12.343	2.846	3.534	8.256	12.458	16.834
   28 --    29	12.192	3.007	3.733	7.363	11.766	15.740
   29 --    30	12.118	3.060	3.799	6.784	11.817	15.440
   30 --    31	12.360	2.662	3.305	7.934	12.324	16.049
   31 --    32	13.741	2.647	3.287	10.812	13.907	18.092
   32 --    33	14.580	3.030	3.762	10.340	14.982	19.257
   33 --    34	15.771	3.642	4.522	10.600	16.982	19.970
   34 --    35	16.114	4.768	5.921	9.924	16.699	22.304
   35 --    36	15.639	4.601	5.713	9.770	16.066	22.217
   36 --    37	16.120	4.867	6.043	9.019	14.990	22.862
   37 --    38	16.588	4.987	6.192	8.907	15.688	22.512
   38 --    39	16.906	5.351	6.644	9.068	15.113	23.642
   39 --    40	16.838	5.561	6.905	9.193	14.703	24.619
   40 --    41	17.020	4.588	5.696	11.423	16.543	23.715
   41 --    42	17.689	4.518	5.610	12.032	18.284	24.758
   42 --    43	18.885	5.545	6.885	11.070	19.513	27.805
   43 --    44	19.051	5.997	7.446	10.729	18.885	29.264
   44 --    45	19.577	6.423	7.975	11.142	17.619	30.550
   45 --    46	19.425	7.027	8.725	10.173	16.753	30.979
   46 --    47	18.732	7.076	8.786	9.084	16.838	30.158
   47 --    48	19.148	6.806	8.450	9.791	17.509	30.621
   48 --    49	19.862	5.794	7.195	12.406	18.950	30.173
   49 --    50	20.184	5.919	7.349	11.464	19.853	30.077
   50 --    51	20.350	6.842	8.496	10.319	19.588	31.784
   51 --    52	20.209	6.560	8.146	10.507	19.490	31.081
   52 --    53	20.580	6.677	8.290	11.001	20.018	31.756
   53 --    54	20.571	6.551	8.134	11.292	21.490	31.260
   54 --    55	20.859	6.534	8.113	12.018	20.753	32.051
   55 --    56	21.673	6.202	7.700	12.456	22.292	31.609
   56 --    57	21.825	5.926	7.358	12.778	22.642	30.448
   57 --    58	22.624	5.724	7.107	14.888	23.214	31.866
   58 --    59	23.233	4.856	6.029	15.731	22.702	30.728
   59 --    60	22.297	5.622	6.981	13.042	21.963	30.537
   60 --    61	22.607	5.743	7.131	13.572	21.728	30.906
   61 --    62	23.274	5.723	7.107	13.838	22.625	31.195
   62 --    63	24.558	4.617	5.733	17.267	24.282	31.357
   63 --    64	25.668	4.552	5.652	18.537	25.000	32.029
   64 --    65	25.850	4.598	5.709	19.101	25.601	31.643
   65 --    66	25.389	4.754	5.902	18.662	25.096	31.913
   66 --    67	24.573	4.637	5.758	17.398	23.728	30.839
   67 --    68	24.841	4.522	5.614	18.774	24.530	31.964
   68 --    69	24.415	4.101	5.092	19.111	25.448	30.793
   69 --    70	24.887	4.980	6.183	17.782	26.613	31.285
   70 --    71	25.610	5.395	6.698	17.129	28.505	30.824
   71 --    72	25.782	4.511	5.602	18.666	29.051	29.783
   72 --    73	26.176	4.366	5.421	19.143	28.095	31.046
   73 --    74	25.630	4.294	5.332	18.515	27.037	29.944
   74 --    75	25.769	4.185	5.196	18.808	25.928	30.165
   75 --    76	25.120	4.207	5.223	18.516	24.925	29.821
   76 --    77	25.288	4.449	5.524	18.390	26.893	30.389
   77 --    78	26.115	4.442	5.515	20.738	27.386	31.166
   78 --    79	25.413	4.819	5.983	19.476	26.555	30.987
   79 --    80	25.327	5.151	6.396	19.425	25.463	31.090
   80 --    81	25.172	4.868	6.045	18.207	24.476	30.735
   81 --    82	24.782	4.933	6.125	18.349	23.578	31.203
   82 --    83	25.285	4.384	5.443	20.114	22.719	30.602
   83 --    84	24.909	5.059	6.282	19.155	22.066	31.817
   84 --    85	24.524	5.125	6.364	18.334	22.614	32.147
   85 --    86	24.431	5.416	6.725	17.573	23.569	31.229
   86 --    87	23.938	4.655	5.780	18.817	22.354	30.307
   87 --    88	24.716	4.876	6.054	19.246	22.958	31.201
   88 --    89	25.088	4.677	5.807	19.172	24.423	31.631
   89 --    90	25.463	4.366	5.421	21.116	23.783	32.043
   90 --    91	25.940	4.458	5.535	21.635	23.471	32.618
   91 --    92	26.397	3.991	4.956	22.254	24.382	31.790
   92 --    93	26.609	3.680	4.569	22.647	24.184	31.470
   93 --    94	26.727	3.411	4.235	21.214	26.038	30.351
   94 --    95	26.800	3.398	4.219	22.145	25.228	31.138
   95 --    96	27.131	3.886	4.826	23.406	24.810	33.095
   96 --    97	26.966	3.677	4.566	23.294	26.130	32.864
   97 --    98	28.039	2.667	3.312	25.192	26.678	31.985
   98 --    99	28.261	2.782	3.454	24.181	29.251	32.203
   99 --   100	27.890	3.169	3.935	22.993	29.188	32.072
  100 --   101	27.719	3.354	4.165	22.692	28.616	31.382
  101 --   102	27.451	2.956	3.670	23.404	27.143	31.089
  102 --   103	28.359	3.062	3.801	22.769	28.889	31.230
  103 --   104	29.041	3.376	4.192	22.658	30.137	32.316
  104 --   105	29.505	4.007	4.975	22.138	30.037	34.316
  105 --   106	29.179	4.610	5.724	20.748	30.397	34.813
  106 --   107	28.352	4.647	5.770	19.929	29.036	33.782
  107 --   108	28.285	3.927	4.877	21.491	29.824	33.090
  108 --   109	28.377	2.965	3.681	23.691	29.369	32.321
  109 --   110	28.567	2.053	2.550	25.217	28.726	31.163
  110 --   111	28.760	2.643	3.282	24.552	29.048	32.742
  111 --   112	29.287	2.696	3.348	24.203	30.341	32.057
  112 --   113	29.760	2.192	2.722	26.237	29.541	32.606
  113 --   114	29.272	2.358	2.928	25.562	29.251	32.799
  114 --   115	29.161	2.818	3.499	24.555	30.327	32.465
  115 --   116	28.641	2.918	3.624	23.381	30.004	31.828
  116 --   117	27.899	2.871	3.564	22.548	28.990	30.461
  117 --   118	27.676	3.085	3.831	22.060	29.710	30.198
  118 --   119	27.572	2.793	3.467	22.465	28.787	30.458
  119 --   120	28.365	3.490	4.333	21.669	29.087	31.305
  120 --   121	28.924	3.662	4.547	21.665	30.341	31.637
  121 --   122	29.218	2.638	3.276	24.241	30.019	32.025
  122 --   123	29.050	2.286	2.839	24.724	29.350	31.099
  123 --   124	29.238	2.820	3.502	23.717	30.335	31.677
  124 --   125	28.427	3.024	3.755	22.547	29.593	30.935
  125 --   126	28.266	3.420	4.247	21.462	29.998	30.398
  126 --   127	28.377	3.899	4.842	20.748	29.647	31.428
  127 --   128	28.277	3.028	3.760	22.287	29.301	30.327
  128 --   129	28.492	3.567	4.429	21.706	29.174	32.177
  129 --   130	28.083	3.719	4.617	21.067	28.816	31.958
  130 --   131	28.303	3.602	4.473	21.967	28.845	33.085
  131 --   132	28.505	4.298	5.337	20.702	29.760	33.758
  132 --   133	27.984	4.125	5.122	20.256	29.215	32.566
  133 --   134	27.374	3.596	4.465	20.727	28.044	31.615
  134 --   135	27.476	3.976	4.937	19.996	28.231	31.889
  135 --   136	28.121	4.088	5.076	20.319	30.115	31.633
  136 --   137	28.217	3.634	4.512	21.114	29.568	31.270
  137 --   138	27.755	3.498	4.343	20.877	28.942	30.376
  138 --   139	27.762	3.538	4.393	20.974	29.441	30.430
  139 --   140	28.603	3.403	4.226	22.663	29.777	32.375
  140 --   141	29.151	2.243	2.785	25.684	29.339	31.628
  141 --   142	28.854	2.732	3.392	24.904	30.149	32.189
  142 --   143	28.855	1.923	2.387	26.306	29.899	31.186
  143 --   144	29.126	1.427	1.772	26.830	30.081	30.407
  144 --   145	28.828	1.822	2.262	25.794	30.059	30.357
  145 --   146	29.299	1.807	2.243	26.598	29.298	32.059
  146 --   147	29.055	1.964	2.438	26.216	29.813	31.820
  147 --   148	29.333	2.524	3.134	25.183	28.815	32.358
  148 --   149	29.473	1.646	2.043	26.371	29.980	30.936
  149 --   150	30.690	1.431	1.776	27.968	30.924	31.895
  150 --   151	32.000	0.984	1.222	31.164	31.625	33.927
  151 --   152	31.774	1.131	1.405	30.444	32.267	33.371
  152 --   153	31.490	0.500	0.621	30.966	31.351	32.285
  153 --   154	31.084	0.374	0.465	30.598	31.358	31.419
  154 --   155	30.644	0.402	0.499	29.972	30.722	31.186
  155 --   156	30.730	1.021	1.268	29.137	30.725	32.361
  156 --   157	30.596	0.573	0.712	29.668	30.619	31.274
  157 --   158	30.602	0.640	0.795	29.836	30.668	31.701
  158 --   159	30.785	0.786	0.976	29.494	30.734	31.949
  159 --   160	30.344	0.919	1.141	28.591	30.580	31.262
  160 --   161	30.462	1.114	1.384	29.106	31.110	31.816
  161 --   162	30.439	1.016	1.261	28.689	30.507	31.709
  162 --   163	30.695	1.510	1.875	27.745	31.271	32.047
  163 --   164	30.088	1.643	2.041	26.835	30.769	31.231
  164 --   165	29.950	2.054	2.551	25.965	30.471	31.582
  165 --   166	29.715	1.891	2.348	26.025	30.486	31.331
  166 --   167	29.179	1.777	2.207	25.669	29.940	30.402
  167 --   168	29.162	2.085	2.589	25.133	29.880	31.102
  168 --   169	29.450	2.219	2.755	25.390	30.024	31.745
  169 --   170	29.206	2.228	2.767	24.927	29.989	31.349
  170 --   171	29.600	2.301	2.857	25.337	29.737	31.745
  171 --   172	30.001	1.862	2.312	26.306	30.848	31.302
  172 --   173	29.961	2.370	2.943	25.366	31.236	31.842
  173 --   174	29.714	2.005	2.489	26.154	30.661	31.898
  174 --   175	29.707	2.396	2.974	25.124	31.198	31.365
  175 --   176	29.143	2.328	2.891	24.629	30.308	30.957
  176 --   177	29.252	2.739	3.401	24.596	30.058	32.747
  177 --   178	29.062	2.576	3.198	24.372	30.108	31.566
  178 --   179	28.795	2.765	3.434	23.839	29.192	32.353
  179 --   180	28.891	3.270	4.060	22.584	29.599	31.924
  180 --   181	29.016	2.201	2.733	24.830	29.590	30.832
  181 --   182	28.277	2.034	2.525	24.570	28.604	30.430
  182 --   183	28.314	1.778	2.208	24.772	29.146	29.415
  183 --   184	28.429	2.000	2.483	25.382	28.178	31.666
  184 --   185	28.204	2.331	2.894	24.238	28.962	31.333
  185 --   186	28.173	2.665	3.309	23.335	28.419	30.869
  186 --   187	27.537	2.430	3.017	23.054	27.679	29.917
  187 --   188	27.511	2.152	2.672	23.229	28.558	28.835
  188 --   189	28.106	2.877	3.572	22.639	29.679	30.332
  189 --   190	29.004	2.003	2.487	25.370	30.121	30.842
  190 --   191	29.092	2.449	3.041	24.254	29.929	30.831
  191 --   192	29.136	3.433	4.262	23.080	29.831	33.558
  192 --   193	29.056	3.519	4.369	22.338	29.969	32.720
  193 --   194	28.198	3.179	3.947	22.169	29.037	31.583
  194 --   195	27.743	3.044	3.780	21.932	28.521	30.745
  195 --   196	26.736	2.802	3.479	21.391	27.560	29.217
  196 --   197	26.451	3.105	3.856	20.963	26.830	30.162
  197 --   198	27.208	3.569	4.431	20.855	27.314	31.510
  198 --   199	28.560	2.312	2.870	25.520	27.479	31.351
  199 --   200	28.175	2.487	3.088	24.240	28.544	30.853
  200 --   201	27.891	2.267	2.815	23.490	28.575	29.765
  201 --   202	27.680	2.832	3.516	22.551	28.580	30.509
  202 --   203	28.368	3.783	4.697	21.417	30.275	32.019
  203 --   204	28.948	3.547	4.405	23.243	30.563	33.105
  204 --   205	28.666	2.954	3.667	24.278	29.719	31.929
  205 --   206	28.130	2.894	3.594	24.173	29.647	31.345
  206 --   207	28.078	2.872	3.566	24.228	29.614	30.898
  207 --   208	28.562	2.475	3.073	25.341	30.412	30.846
  208 --   209	28.196	2.073	2.574	25.103	29.709	30.058
  209 --   210	28.745	2.381	2.956	25.330	30.229	31.208
  210 --   211	28.362	2.921	3.627	24.316	29.982	31.575
  211 --   212	27.901	3.142	3.902	23.450	29.319	31.105
  212 --   213	27.899	3.356	4.167	22.341	28.892	31.836
  213 --   214	28.036	3.969	4.928	21.120	29.203	32.618
  214 --   215	28.409	4.479	5.562	20.084	30.103	32.128
  215 --   216	27.815	4.528	5.623	19.314	30.809	31.084
  216 --   217	27.801	4.609	5.722	19.568	29.512	32.261
  217 --   218	28.294	4.096	5.086	20.440	30.765	31.329
  218 --   219	27.995	3.966	4.925	20.447	29.818	31.740
  219 --   220	28.654	4.311	5.353	20.105	30.537	31.443
  220 --   221	28.223	4.218	5.238	19.980	30.038	31.854
  221 --   222	27.943	3.962	4.920	20.400	29.090	31.284
  222 --   223	28.238	3.563	4.425	21.797	29.889	31.758
  223 --   224	27.801	2.630	3.266	23.579	28.758	30.361
  224 --   225	28.493	2.610	3.241	24.995	30.103	30.953
  225 --   226	28.266	1.815	2.254	25.718	29.066	30.343
  226 --   227	27.958	2.344	2.911	24.985	29.392	30.238
  227 --   228	27.850	3.288	4.083	23.550	29.687	31.482
  228 --   229	27.812	4.078	5.064	22.794	30.196	32.707
  229 --   230	28.614	3.156	3.919	23.992	30.173	32.064
  230 --   231	29.156	2.062	2.561	25.527	29.875	31.355
  231 --   232	29.023	2.563	3.183	24.774	30.406	31.882
  232 --   233	28.673	2.608	3.238	24.688	29.939	31.406
  233 --   234	28.618	2.781	3.453	25.027	29.762	31.657
  234 --   235	28.596	2.969	3.686	24.182	30.801	31.265
  235 --   236	28.232	2.511	3.118	24.874	29.675	30.959
  236 --   237	28.715	2.389	2.966	25.159	30.193	30.893
  237 --   238	28.460	2.056	2.553	25.728	29.627	30.942
  238 --   239	28.415	2.195	2.725	25.098	29.816	30.515
  239 --   240	29.041	2.950	3.663	24.139	30.776	31.815
  240 --   241	28.516	2.977	3.697	23.393	30.195	31.538
  241 --   242	29.006	3.690	4.582	22.316	29.951	32.710
  242 --   243	28.679	3.887	4.827	21.218	30.772	31.608
  243 --   244	28.265	4.338	5.387	20.111	30.698	32.116
  244 --   245	28.762	3.931	4.881	22.011	30.757	32.899
  245 --   246	28.027	3.567	4.429	22.319	29.736	31.613
  246 --   247	28.356	3.424	4.251	23.651	30.620	31.749
  247 --   248	28.046	2.907	3.610	23.876	29.641	31.085
  248 --   249	27.645	2.528	3.139	24.144	28.876	30.353
  249 --   250	28.005	2.704	3.357	23.549	29.268	31.184
  250 --   251	27.920	2.662	3.306	22.794	28.610	30.007
  251 --   252	27.948	2.448	3.039	23.294	28.765	30.547
  252 --   253	28.612	3.574	4.438	21.754	30.000	31.907
  253 --   254	28.104	3.933	4.884	20.556	28.907	31.846
  254 --   255	28.446	4.371	5.428	19.873	29.990	32.233
  255 --   256	28.820	3.172	3.938	22.666	29.618	31.721
  256 --   257	29.251	2.686	3.335	23.973	30.568	31.099
  257 --   258	30.022	0.877	1.089	28.446	30.315	30.987
  258 --   259	30.211	1.508	1.873	27.611	30.223	31.855
  259 --   260	30.608	2.041	2.534	26.664	31.342	32.573
  260 --   261	30.138	2.169	2.693	25.953	31.544	31.562
  261 --   262	30.091	1.826	2.268	26.685	30.953	31.887
  262 --   263	30.101	1.719	2.135	26.722	30.766	31.553
  263 --   264	30.354	0.693	0.861	29.549	30.312	31.308
  264 --   265	30.266	0.789	0.979	28.785	30.693	30.938
  265 --   266	29.984	1.268	1.575	27.786	30.545	31.490
  266 --   267	29.883	1.788	2.220	26.628	30.817	31.637
  267 --   268	29.939	2.355	2.924	25.620	30.209	32.364
  268 --   269	29.691	2.844	3.532	24.563	29.975	33.025
  269 --   270	29.460	3.101	3.850	23.742	29.761	32.697
  270 --   271	28.671	2.939	3.650	23.136	29.443	31.635
  271 --   272	28.228	3.151	3.912	22.241	28.920	31.046
  272 --   273	28.213	2.958	3.673	22.408	29.486	30.539
  273 --   274	28.458	3.254	4.040	22.062	29.640	30.909
  274 --   275	28.984	3.273	4.065	22.632	29.938	31.628
  275 --   276	29.689	2.163	2.686	25.501	30.597	31.533
  276 --   277	29.355	2.394	2.972	24.592	30.532	30.884
  277 --   278	28.732	2.617	3.249	23.622	29.585	30.740
  278 --   279	28.575	2.839	3.525	22.998	29.650	30.911
  279 --   280	28.413	3.291	4.086	22.080	29.410	31.680
  280 --   281	27.953	3.091	3.838	21.938	28.809	30.700
  281 --   282	28.539	3.067	3.808	22.721	29.904	31.284
  282 --   283	28.970	3.113	3.865	23.237	30.200	32.396
  283 --   284	28.882	3.251	4.037	22.875	29.409	32.573
  284 --   285	29.267	3.194	3.966	22.991	30.308	31.909
  285 --   286	29.291	2.130	2.645	25.181	29.940	31.185
  286 --   287	29.354	1.634	2.028	26.347	29.613	31.194
  287 --   288	30.292	1.270	1.577	28.805	29.924	32.542
  288 --   289	30.252	1.461	1.814	28.341	29.806	32.273
  289 --   290	29.939	1.482	1.841	27.961	29.673	32.012
  290 --   291	29.311	1.451	1.801	27.552	28.689	31.610
  291 --   292	29.300	1.365	1.694	27.609	29.279	31.536
  292 --   293	28.923	1.411	1.752	27.071	28.737	31.446
  293 --   294	28.878	1.186	1.473	26.928	28.837	30.537
  294 --   295	28.881	1.634	2.029	26.310	28.566	30.807
  295 --   296	28.836	1.483	1.842	26.542	29.167	30.625
  296 --   297	29.659	0.921	1.144	28.138	29.927	30.819
  297 --   298	29.902	1.452	1.802	27.502	29.724	31.815
  298 --   299	29.513	1.771	2.199	26.489	29.995	31.451
  299 --   300	29.760	1.997	2.480	26.223	29.848	32.185
  300 --   301	30.053	1.195	1.484	28.606	29.654	31.501
  301 --   302	30.342	1.977	2.454	28.336	29.782	34.019
  302 --   303	30.725	2.005	2.489	27.321	30.834	33.612
  303 --   304	29.980	2.051	2.547	26.436	30.391	32.584
  304 --   305	29.805	2.315	2.874	25.513	30.433	32.407
  305 --   306	29.851	1.953	2.425	26.486	30.062	32.535
  306 --   307	29.897	1.525	1.894	27.442	30.036	31.910
  307 --   308	29.951	1.299	1.612	27.818	29.808	31.799
  308 --   309	29.842	1.587	1.970	27.455	29.958	32.398
  309 --   310	30.399	1.549	1.923	28.040	30.066	32.325
  310 --   311	30.200	1.335	1.658	28.339	30.152	32.361
  311 --   312	30.344	0.952	1.182	29.227	30.065	31.488
  312 --   313	30.569	1.273	1.580	28.149	30.958	31.874
  313 --   314	29.838	1.503	1.866	27.042	30.323	31.306
  314 --   315	29.962	1.504	1.867	27.046	30.356	31.266
  315 --   316	29.700	1.140	1.415	27.510	30.019	30.638
  316 --   317	30.253	1.624	2.017	27.291	30.352	32.076
  317 --   318	30.465	1.569	1.948	27.709	30.645	32.119
  318 --   319	30.763	1.815	2.254	27.845	31.958	32.508
  319 --   320	31.111	2.014	2.501	28.237	31.811	34.047
  320 --   321	30.616	1.606	1.995	28.316	30.929	33.048
  321 --   322	30.497	1.817	2.256	27.340	31.497	32.095
  322 --   323	30.240	1.155	1.434	28.000	30.880	31.066
  323 --   324	29.809	1.151	1.430	27.621	30.085	30.855
  324 --   325	29.947	1.291	1.603	27.697	30.463	31.424
  325 --   326	30.057	0.847	1.052	28.465	30.305	30.885
  326 --   327	30.354	0.981	1.218	29.439	29.997	32.173
  327 --   328	30.726	0.728	0.904	29.690	30.620	31.909
  328 --   329	30.996	0.638	0.792	30.276	30.607	31.871
  329 --   330	31.567	0.353	0.438	31.032	31.649	32.089
  330 --   331	31.626	0.579	0.719	30.961	31.497	32.612
  331 --   332	31.421	0.506	0.628	30.778	31.740	31.923
  332 --   333	31.553	0.506	0.629	30.955	31.365	32.469
  333 --   334	30.865	0.496	0.616	30.152	30.749	31.486
  334 --   335	31.055	0.896	1.112	30.036	30.709	32.558
  335 --   336	30.535	0.678	0.842	29.755	30.412	31.666
  336 --   337	29.969	1.194	1.482	28.708	29.592	32.193
  337 --   338	30.315	1.402	1.740	27.784	30.584	31.956
  338 --   339	30.168	1.446	1.795	27.810	30.072	31.755
  339 --   340	30.025	1.397	1.735	27.787	30.414	31.905
  340 --   341	30.146	1.841	2.285	26.608	30.778	31.642
  341 --   342	30.673	1.754	2.178	27.518	31.460	32.668
  342 --   343	30.542	0.958	1.189	29.200	30.295	31.644
  343 --   344	30.446	0.927	1.151	28.929	30.563	31.405
  344 --   345	31.179	0.481	0.597	30.520	31.008	31.745
  345 --   346	30.183	0.491	0.610	29.421	30.427	30.753
  346 --   347	29.987	0.617	0.766	28.923	30.064	30.669
  347 --   348	30.450	0.991	1.231	28.912	30.594	31.884
  348 --   349	30.186	0.934	1.160	29.227	29.961	31.967
  349 --   350	31.449	1.048	1.301	30.594	30.923	33.449
  350 --   351	31.239	1.335	1.657	29.761	31.232	33.535
  351 --   352	30.705	1.546	1.919	28.612	31.385	32.471
  352 --   353	30.710	0.755	0.937	29.800	30.883	31.531
  353 --   354	30.451	0.794	0.986	29.199	30.534	31.617
  354 --   355	29.989	0.906	1.125	28.846	30.099	31.014
  355 --   356	29.489	0.923	1.146	27.966	29.831	30.457
  356 --   357	29.586	1.354	1.681	27.848	29.310	31.244
  357 --   358	29.262	0.871	1.081	28.271	28.758	30.596
  358 --   359	29.709	1.412	1.753	27.642	29.876	31.932
  359 --   360	30.074	1.638	2.034	27.197	30.012	32.126
  360 --   361	30.591	1.110	1.379	28.899	31.428	31.565
  361 --   362	31.229	0.686	0.852	30.631	30.883	32.549
  362 --   363	30.860	0.663	0.824	29.810	31.272	31.465
  363 --   364	30.510	1.116	1.386	28.800	30.655	31.784
  364 --   365	30.701	0.876	1.088	29.585	30.920	31.733
  365 --   366	30.093	0.719	0.893	28.811	30.131	30.880
  366 --   367	30.139	1.334	1.656	27.940	30.981	31.362
  367 --   368	29.181	1.179	1.464	26.840	29.736	29.936
  368 --   369	29.556	1.968	2.444	25.690	30.159	31.112
  369 --   370	29.622	1.513	1.878	26.698	29.964	31.003
  370 --   371	29.713	1.226	1.523	28.140	29.175	31.450
  371 --   372	29.809	1.485	1.843	27.662	29.447	32.187
  372 --   373	29.655	0.900	1.118	28.641	29.143	30.936
  373 --   374	29.689	1.106	1.374	28.267	29.449	31.288
  374 --   375	29.809	0.847	1.051	28.568	30.119	30.753
  375 --   376	30.208	0.838	1.040	28.857	30.283	31.269
  376 --   377	30.237	1.683	2.089	27.788	30.328	32.851
  377 --   378	30.650	1.724	2.141	28.659	30.049	33.787
  378 --   379	30.749	1.344	1.669	29.383	30.593	33.188
  379 --   380	30.925	1.006	1.249	29.501	30.809	32.138
  380 --   381	31.435	1.309	1.625	29.120	31.550	33.134
  381 --   382	31.299	0.962	1.194	30.124	31.579	32.556
  382 --   383	30.943	1.151	1.429	28.988	30.876	32.225
  383 --   384	31.017	0.371	0.461	30.487	30.956	31.511
  384 --   385	30.699	0.419	0.521	29.997	30.907	31.085
  385 --   386	29.788	0.792	0.983	28.587	29.730	30.835
  386 --   387	29.823	0.769	0.955	28.695	29.769	30.910
  387 --   388	29.969	0.683	0.847	28.640	30.318	30.466
  388 --   389	30.079	0.547	0.679	29.444	29.807	30.737
  389 --   390	30.496	0.995	1.235	28.748	30.429	31.601
  390 --   391	30.659	1.316	1.635	28.103	31.140	31.790
  391 --   392	31.262	1.642	2.039	28.436	31.859	33.249
  392 --   393	31.143	1.171	1.453	29.398	31.044	32.777
  393 --   394	31.015	1.087	1.350	29.193	30.974	32.329
  394 --   395	30.853	0.676	0.840	29.557	30.991	31.403
  395 --   396	30.870	1.289	1.601	28.425	31.381	32.056
  396 --   397	30.351	1.545	1.918	27.361	30.895	31.830
  397 --   398	30.189	0.581	0.721	29.232	30.450	30.921
  398 --   399	30.242	0.848	1.053	29.417	29.680	31.382
  399 --   400	30.252	0.397	0.493	29.747	30.095	30.878
  400 --   401	30.430	1.020	1.266	28.987	30.387	32.126
  401 --   402	29.991	0.649	0.806	28.903	30.098	30.860
  402 --   403	30.589	1.160	1.441	28.715	30.602	31.936
  403 --   404	30.561	1.314	1.632	28.766	30.925	32.147
  404 --   405	30.648	1.162	1.443	28.765	30.875	32.324
  405 --   406	30.762	0.739	0.917	29.374	30.888	31.530
  406 --   407	30.316	0.582	0.723	29.746	29.938	31.058
  407 --   408	30.393	0.734	0.912	29.595	30.231	31.756
  408 --   409	30.254	0.322	0.400	29.891	30.058	30.648
  409 --   410	30.954	0.646	0.802	29.815	30.914	31.689
  410 --   411	31.433	1.675	2.080	28.738	31.990	33.784
  411 --   412	30.860	1.453	1.804	29.088	30.881	33.234
  412 --   413	30.861	1.187	1.474	29.027	30.786	32.273
  413 --   414	30.499	1.012	1.257	29.303	30.989	31.848
  414 --   415	31.021	0.723	0.898	30.080	31.123	32.084
  415 --   416	31.407	0.702	0.872	30.349	31.360	32.448
  416 --   417	31.084	0.428	0.531	30.612	31.021	31.772
  417 --   418	31.606	0.816	1.014	30.480	31.408	32.688
  418 --   419	30.951	0.629	0.781	29.975	30.937	31.878
  419 --   420	31.285	1.056	1.311	29.990	31.521	32.729
  420 --   421	31.165	0.514	0.638	30.654	30.892	31.983
  421 --   422	31.005	0.780	0.969	30.098	30.798	32.172
  422 --   423	31.124	0.483	0.600	30.824	30.863	32.082
  423 --   424	31.360	0.797	0.990	30.576	31.009	32.470
  424 --   425	31.610	0.511	0.635	31.077	31.343	32.275
  425 --   426	31.075	0.607	0.754	30.258	30.901	31.882
  426 --   427	30.659	0.409	0.508	30.065	30.910	31.034
  427 --   428	31.023	0.687	0.853	29.880	31.392	31.771
  428 --   429	30.804	0.877	1.089	29.884	30.576	31.990
  429 --   430	31.360	0.836	1.038	29.939	31.585	32.172
  430 --   431	30.850	1.116	1.386	28.809	31.382	31.796
  431 --   432	31.473	1.143	1.419	29.970	31.466	33.288
  432 --   433	31.559	1.285	1.596	29.027	31.982	32.445
  433 --   434	31.290	0.791	0.983	30.087	31.428	32.511
  434 --   435	31.516	0.868	1.078	30.340	32.057	32.454
  435 --   436	30.980	0.647	0.803	29.796	31.107	31.580
  436 --   437	30.451	0.520	0.646	29.648	30.375	31.273
  437 --   438	31.002	0.905	1.123	30.261	30.675	32.728
  438 --   439	30.635	0.919	1.141	29.708	30.248	32.025
  439 --   440	30.860	1.419	1.761	29.087	30.831	33.115
  440 --   441	30.992	0.681	0.846	30.133	30.817	32.178
  441 --   442	31.002	1.174	1.458	29.697	30.770	32.483
  442 --   443	31.149	0.488	0.606	30.447	31.119	31.877
  443 --   444	31.230	0.958	1.189	29.661	31.262	32.223
  444 --   445	31.097	0.557	0.692	30.247	31.172	31.946
  445 --   446	30.744	0.939	1.166	29.844	30.737	32.434
  446 --   447	30.986	0.854	1.061	29.825	31.045	32.038
  447 --   448	30.890	0.894	1.110	29.944	30.856	32.316
  448 --   449	30.589	0.726	0.902	29.840	30.352	31.758
  449 --   450	31.324	0.502	0.623	30.484	31.504	31.832
  450 --   451	31.193	0.715	0.888	29.952	31.413	31.933
  451 --   452	31.078	1.345	1.670	29.044	32.080	32.258
  452 --   453	31.059	0.909	1.129	29.397	31.522	31.870
  453 --   454	30.593	1.162	1.443	28.383	30.899	31.561
  454 --   455	30.320	1.650	2.049	27.127	30.795	31.880
  455 --   456	30.003	1.442	1.790	27.235	30.576	31.127
  456 --   457	29.601	1.065	1.322	27.612	29.794	30.821
  457 --   458	29.807	1.895	2.352	26.753	30.341	32.036
  458 --   459	29.731	1.444	1.793	27.139	29.984	31.607
  459 --   460	30.516	1.370	1.701	28.333	31.123	32.016
  460 --   461	30.035	1.433	1.780	27.459	30.126	31.699
  461 --   462	30.331	1.701	2.112	27.404	30.845	32.233
  462 --   463	30.892	2.156	2.677	27.346	31.177	33.982
  463 --   464	30.181	2.056	2.553	26.616	30.582	32.995
  464 --   465	30.724	1.254	1.557	28.318	31.181	31.912
  465 --   466	30.767	0.487	0.604	29.967	30.948	31.391
  466 --   467	30.332	0.928	1.152	29.340	29.880	32.012
  467 --   468	30.232	0.634	0.787	29.229	30.188	31.216
  468 --   469	29.899	0.696	0.865	28.619	30.123	30.686
  469 --   470	29.865	1.128	1.401	27.768	30.109	31.187
  470 --   471	30.022	1.970	2.447	26.651	30.334	32.076
  471 --   472	29.890	2.003	2.487	25.908	30.721	31.281
  472 --   473	30.615	1.980	2.458	26.736	31.614	32.102
  473 --   474	29.991	2.202	2.734	25.635	30.946	31.546
  474 --   475	29.948	2.625	3.260	24.893	31.216	32.162
  475 --   476	29.265	2.698	3.350	23.976	30.222	31.506
  476 --   477	28.813	3.277	4.069	22.385	29.809	31.287
  477 --   478	28.850	3.546	4.402	21.875	30.078	31.768
  478 --   479	28.644	3.512	4.361	21.704	30.251	31.233
  479 --   480	29.202	3.411	4.236	22.575	30.129	31.868
  480 --   481	28.685	3.135	3.892	22.561	30.499	30.737
  481 --   482	28.214	3.605	4.476	21.057	29.573	30.756
  482 --   483	28.004	3.710	4.606	20.664	29.530	30.492
  483 --   484	27.183	3.832	4.758	19.568	28.798	29.664
  484 --   485	27.883	3.772	4.683	20.421	29.326	30.735
  485 --   486	27.824	3.721	4.620	20.839	28.852	31.665
  486 --   487	27.585	3.759	4.668	20.588	28.729	31.865
  487 --   488	27.944	4.310	5.352	19.540	30.073	31.530
  488 --   489	27.744	3.628	4.505	20.957	29.041	31.663
  489 --   490	28.365	2.852	3.541	23.170	28.881	31.546
  490 --   491	28.528	2.988	3.710	22.714	29.379	30.795
  491 --   492	28.734	3.521	4.372	21.700	30.524	30.723
  492 --   493	29.548	2.544	3.159	24.517	30.537	31.534
  493 --   494	29.036	2.847	3.535	23.493	30.405	31.064
  494 --   495	29.381	2.848	3.536	23.730	30.693	31.158
  495 --   496	29.131	2.550	3.166	24.072	30.452	30.728
  496 --   497	28.413	3.097	3.845	22.547	29.401	31.310
  497 --   498	28.455	3.386	4.204	21.826	30.195	30.825
  498 --   499	27.613	3.552	4.411	20.580	29.536	29.887
  499 --   500	27.906	4.123	5.119	19.770	30.223	30.602
  500 --   501	28.374	3.436	4.267	21.894	28.959	31.369
  501 --   502	29.055	2.310	2.868	25.247	30.239	31.656
  502 --   503	29.343	2.372	2.945	25.234	29.533	31.859
  503 --   504	29.059	1.869	2.320	25.827	29.762	30.854
  504 --   505	28.873	2.417	3.001	24.459	29.478	31.459
  505 --   506	28.818	2.750	3.415	23.768	30.301	31.250
  506 --   507	28.931	1.065	1.322	27.035	28.987	29.948
  507 --   508	29.614	1.374	1.705	27.582	29.884	31.204
  508 --   509	28.680	1.472	1.828	26.723	29.078	30.630
  509 --   510	28.572	2.112	2.623	25.851	29.368	31.250
  510 --   511	28.687	1.789	2.221	25.928	29.215	31.031
  511 --   512	28.717	1.748	2.171	25.851	28.991	31.260
  512 --   513	28.644	2.178	2.704	24.852	29.248	30.980
  513 --   514	28.538	2.507	3.113	23.897	28.791	31.233
  514 --   515	28.648	3.020	3.749	22.974	29.427	31.735
  515 --   516	28.664	3.449	4.282	21.859	30.201	31.176
  516 --   517	28.275	3.437	4.268	21.512	29.694	30.976
  517 --   518	28.899	3.740	4.644	21.512	30.444	31.824
  518 --   519	28.680	4.001	4.967	21.102	29.719	32.910
  519 --   520	28.837	4.217	5.236	20.642	30.198	32.663
  520 --   521	29.346	3.092	3.839	23.441	30.229	31.904
  521 --   522	29.008	3.388	4.207	22.756	30.452	32.614
  522 --   523	29.093	3.376	4.192	22.445	30.297	31.546
  523 --   524	28.969	3.399	4.221	22.421	30.120	32.297
  524 --   525	29.471	3.016	3.745	23.598	30.304	31.907
  525 --   526	29.353	2.101	2.608	25.235	30.343	30.940
  526 --   527	29.104	1.950	2.421	25.559	29.841	31.133
  527 --   528	29.140	2.045	2.539	25.116	29.906	30.737
  528 --   529	29.600	1.519	1.886	26.831	29.776	31.099
  529 --   530	30.073	1.494	1.855	27.135	30.613	31.186
  530 --   531	30.041	1.516	1.883	27.295	30.160	31.460
  531 --   532	30.075	0.782	0.971	28.906	30.412	30.888
  532 --   533	30.520	0.678	0.842	29.707	30.398	31.483
  533 --   534	29.818	0.569	0.707	28.747	30.044	30.401
  534 --   535	29.661	0.697	0.866	28.689	29.390	30.470
  535 --   536	30.048	1.206	1.498	27.659	30.567	30.935
  536 --   537	29.808	1.899	2.358	26.543	30.139	31.837
  537 --   538	30.012	1.707	2.119	26.814	30.647	31.857
  538 --   539	29.567	1.652	2.051	26.546	29.657	31.363
  539 --   540	29.874	1.659	2.060	27.146	30.030	32.061
  540 --   541	29.460	1.518	1.885	26.684	29.915	31.278
  541 --   542	29.018	1.669	2.072	26.132	29.313	30.790
  542 --   543	29.406	1.512	1.877	26.774	29.745	30.843
  543 --   544	29.483	1.167	1.449	28.138	29.428	31.040
  544 --   545	29.397	1.015	1.261	27.622	29.828	30.587
  545 --   546	29.603	1.531	1.902	27.787	29.141	31.870
  546 --   547	29.258	1.423	1.767	26.735	29.701	31.027
  547 --   548	29.350	1.571	1.951	26.751	29.657	31.323
  548 --   549	29.775	1.588	1.972	27.179	29.920	31.490
  549 --   550	30.165	1.713	2.127	26.983	30.619	32.171
  550 --   551	30.555	1.413	1.755	27.803	31.105	31.695
  551 --   552	30.577	0.935	1.161	28.746	31.014	31.347
  552 --   553	30.883	1.362	1.691	28.216	31.480	32.021
  553 --   554	30.120	1.159	1.439	27.869	30.494	31.155
  554 --   555	30.162	1.829	2.271	26.810	31.038	31.802
  555 --   556	29.496	1.916	2.380	26.064	30.542	31.479
  556 --   557	28.959	2.291	2.844	24.822	29.361	31.897
  557 --   558	28.776	2.598	3.226	23.815	30.127	31.052
  558 --   559	28.092	2.590	3.216	23.000	29.278	29.849
  559 --   560	28.698	1.898	2.357	25.000	29.355	30.229
  560 --   561	28.644	2.306	2.863	24.796	29.257	31.441
  561 --   562	28.348	2.356	2.925	23.963	28.915	31.085
  562 --   563	28.691	2.935	3.644	23.092	29.934	31.622
  563 --   564	27.883	3.017	3.746	22.012	29.026	30.541
  564 --   565	28.175	3.235	4.017	21.928	29.814	30.496
  565 --   566	28.142	3.193	3.965	21.912	29.652	30.540
  566 --   567	28.039	3.124	3.879	22.078	29.351	31.116
  567 --   568	29.310	2.763	3.430	23.955	30.214	31.578
  568 --   569	28.942	2.558	3.176	24.088	29.543	31.481
  569 --   570	29.376	2.818	3.500	23.887	30.450	31.747
  570 --   571	28.965	2.982	3.702	23.120	30.650	30.957
  571 --   572	29.217	3.229	4.010	23.063	30.772	32.118
  572 --   573	29.516	2.697	3.349	24.191	30.652	31.493
  573 --   574	28.899	3.055	3.793	22.802	30.326	30.806
  574 --   575	29.222	3.615	4.489	22.034	30.971	31.519
  575 --   576	29.101	3.958	4.915	21.393	30.703	32.642
  576 --   577	29.091	2.925	3.632	23.541	30.173	31.587
  577 --   578	29.432	3.018	3.747	24.227	30.572	32.402
  578 --   579	29.357	2.157	2.678	26.437	30.629	31.361
  579 --   580	29.294	2.052	2.548	26.099	30.332	31.212
  580 --   581	29.175	2.595	3.223	25.181	31.146	31.374
  581 --   582	28.787	2.387	2.964	24.300	30.273	30.679
  582 --   583	28.343	2.635	3.272	23.714	29.397	30.835
  583 --   584	27.557	2.858	3.549	22.717	28.391	30.439
  584 --   585	27.173	3.606	4.477	21.553	27.228	31.525
  585 --   586	26.419	3.727	4.627	20.691	26.141	30.577
  586 --   587	26.249	4.493	5.579	19.654	25.266	32.065
  587 --   588	26.174	4.888	6.070	18.557	25.156	32.382
  588 --   589	25.916	5.118	6.354	17.570	27.080	32.356
  589 --   590	25.508	5.611	6.967	16.565	26.290	32.487
  590 --   591	25.213	5.859	7.275	15.691	28.164	31.575
  591 --   592	25.332	6.633	8.236	14.815	28.888	31.610
  592 --   593	25.319	7.400	9.189	13.750	30.585	31.493
  593 --   594	24.355	7.462	9.265	12.604	29.526	30.674
  594 --   595	23.841	7.903	9.812	11.606	29.256	30.576
  595 --   596	23.886	8.728	10.837	10.691	30.273	31.820
  596 --   597	23.386	9.114	11.316	9.693	30.450	31.045
  597 --   598	22.802	9.365	11.629	8.618	29.482	31.081
  598 --   599	22.124	9.667	12.004	7.618	28.835	31.465
  599 --   600	22.273	10.615	13.180	6.702	29.811	31.880
    0 --   600	27.703	0.995	1.235	26.160	27.500	28.808