Interval	Avg	Std	CI=0.95	Min	Median	Max
    0 --     1	0.200	0.400	0.497	0.000	0.000	1.000
    1 --     2	2.494	2.417	3.002	0.000	1.806	7.125
    2 --     3	5.565	3.162	3.926	2.010	5.979	11.000
    3 --     4	9.268	2.696	3.348	5.637	9.946	13.457
    4 --     5	11.232	1.650	2.048	8.667	11.830	12.967
    5 --     6	11.351	0.786	0.976	10.000	11.821	12.114
    6 --     7	12.446	1.620	2.012	10.181	12.101	15.135
    7 --     8	13.519	2.478	3.076	9.443	13.230	16.844
    8 --     9	13.877	2.865	3.558	9.693	15.341	17.421
    9 --    10	14.545	2.534	3.146	9.639	15.758	16.587
   10 --    11	14.420	1.494	1.855	12.317	14.476	16.736
   11 --    12	14.315	1.497	1.859	12.525	13.645	16.523
   12 --    13	14.198	1.340	1.664	12.475	15.082	15.476
   13 --    14	13.603	1.171	1.454	11.430	14.079	14.641
   14 --    15	14.228	0.716	0.889	13.025	14.232	15.181
   15 --    16	14.359	1.943	2.412	12.108	13.567	17.884
   16 --    17	13.697	2.046	2.540	11.255	13.308	17.478
   17 --    18	13.586	2.352	2.921	10.057	13.507	17.399
   18 --    19	13.788	2.877	3.573	9.357	13.332	17.473
   19 --    20	14.694	3.032	3.765	11.365	13.154	18.353
   20 --    21	15.059	3.858	4.790	10.413	15.376	20.155
   21 --    22	15.728	3.283	4.077	11.640	16.284	20.653
   22 --    23	15.308	2.609	3.239	12.596	15.446	19.666
   23 --    24	14.789	2.237	2.778	12.202	14.310	18.633
   24 --    25	14.458	2.699	3.351	11.446	13.556	19.449
   25 --    26	14.230	3.276	4.068	12.024	12.275	20.575
   26 --    27	14.066	3.851	4.782	11.104	11.581	21.219
   27 --    28	14.386	4.220	5.240	10.429	12.232	20.657
   28 --    29	14.141	4.164	5.170	9.346	14.788	19.688
   29 --    30	13.271	4.166	5.173	8.231	14.450	18.654
   30 --    31	13.106	4.121	5.117	7.730	15.608	17.404
   31 --    32	13.585	5.258	6.529	6.779	14.624	20.981
   32 --    33	13.266	5.710	7.089	5.564	13.584	22.040
   33 --    34	12.872	5.656	7.023	4.684	14.037	20.767
   34 --    35	12.758	5.976	7.421	4.329	14.207	19.945
   35 --    36	14.232	6.195	7.692	4.179	17.061	21.327
   36 --    37	15.649	6.838	8.490	3.405	16.741	23.506
   37 --    38	16.634	6.509	8.083	5.021	18.672	24.320
   38 --    39	17.138	6.996	8.686	4.785	18.977	25.950
   39 --    40	17.403	7.233	8.981	3.994	19.127	25.831
   40 --    41	17.481	6.758	8.391	5.320	19.197	25.917
   41 --    42	17.607	7.497	9.309	4.448	19.385	27.568
   42 --    43	17.635	7.188	8.926	5.496	18.309	27.614
   43 --    44	17.331	6.971	8.655	6.393	17.344	28.029
   44 --    45	17.553	6.350	7.885	8.085	17.344	27.918
   45 --    46	18.620	4.909	6.096	11.694	18.098	27.057
   46 --    47	20.062	4.287	5.322	14.982	19.046	28.002
   47 --    48	20.989	5.569	6.915	14.420	19.986	30.963
   48 --    49	20.456	5.364	6.661	13.461	19.282	29.954
   49 --    50	19.500	5.165	6.413	13.267	18.177	28.870
   50 --    51	19.948	4.634	5.754	16.885	17.484	29.117
   51 --    52	20.885	4.259	5.288	16.358	19.836	28.913
   52 --    53	21.525	4.966	6.166	15.292	20.791	30.136
   53 --    54	21.764	6.040	7.499	14.248	20.516	32.658
   54 --    55	21.477	6.242	7.751	13.212	20.069	32.081
   55 --    56	20.787	6.421	7.973	12.582	18.758	31.334
   56 --    57	20.229	7.124	8.845	11.437	17.709	32.413
   57 --    58	19.785	7.117	8.837	10.304	17.735	31.619
   58 --    59	19.516	6.989	8.678	10.190	16.709	30.207
   59 --    60	21.088	8.070	10.020	10.145	18.127	31.557
   60 --    61	21.041	8.703	10.806	9.318	18.536	32.723
   61 --    62	20.009	9.173	11.390	8.039	17.471	32.381
   62 --    63	19.542	8.918	11.073	7.246	18.005	31.211
   63 --    64	19.490	9.110	11.312	6.391	17.628	32.096
   64 --    65	19.015	9.104	11.304	5.327	16.472	31.257
   65 --    66	19.026	9.950	12.354	4.439	15.723	31.616
   66 --    67	18.575	10.142	12.592	3.342	15.482	31.261
   67 --    68	18.062	10.810	13.423	2.171	16.462	30.122
   68 --    69	20.825	10.265	12.745	7.666	17.836	33.061
   69 --    70	21.792	9.389	11.658	8.355	18.502	32.511
   70 --    71	21.088	9.495	11.789	7.310	17.856	31.991
   71 --    72	21.132	9.416	11.692	6.684	19.536	32.262
   72 --    73	20.700	8.885	11.033	7.022	20.181	31.477
   73 --    74	20.521	9.263	11.501	6.266	19.141	31.640
   74 --    75	21.101	9.401	11.673	5.261	20.382	31.374
   75 --    76	20.698	9.231	11.462	4.185	21.759	29.402
   76 --    77	20.249	9.381	11.648	3.424	22.458	29.334
   77 --    78	19.745	9.562	11.873	3.062	21.231	30.044
   78 --    79	19.735	9.046	11.232	4.681	20.524	30.587
   79 --    80	20.033	8.328	10.340	7.813	19.126	31.187
   80 --    81	20.548	9.293	11.539	7.426	19.570	32.461
   81 --    82	20.641	9.550	11.857	6.425	21.440	31.556
   82 --    83	21.326	8.562	10.632	9.822	20.389	31.037
   83 --    84	22.106	7.958	9.881	10.264	19.400	31.384
   84 --    85	21.718	7.847	9.743	9.931	19.070	30.950
   85 --    86	23.020	7.253	9.006	12.572	23.361	31.359
   86 --    87	23.002	8.012	9.949	11.435	24.011	32.161
   87 --    88	22.728	8.486	10.537	10.520	23.180	33.921
   88 --    89	23.427	7.293	9.055	12.983	22.452	32.206
   89 --    90	22.728	6.567	8.154	14.530	20.800	31.145
   90 --    91	22.914	6.096	7.570	15.508	22.927	29.979
   91 --    92	23.166	6.119	7.598	14.855	22.948	30.534
   92 --    93	23.641	5.926	7.358	15.324	22.096	31.253
   93 --    94	23.303	6.440	7.997	14.267	21.487	32.020
   94 --    95	23.510	6.823	8.471	13.427	24.425	30.948
   95 --    96	23.304	7.006	8.699	12.394	25.475	30.552
   96 --    97	23.839	6.471	8.034	13.295	24.821	31.054
   97 --    98	24.987	4.960	6.158	17.136	25.368	30.168
   98 --    99	25.386	4.665	5.792	19.075	24.709	31.522
   99 --   100	25.241	4.653	5.777	19.925	23.477	31.285
  100 --   101	26.232	4.289	5.325	21.344	25.708	31.377
  101 --   102	26.709	4.554	5.654	20.172	29.247	31.145
  102 --   103	26.348	4.116	5.111	21.015	28.577	30.893
  103 --   104	25.844	4.641	5.763	20.250	27.719	30.590
  104 --   105	26.160	4.742	5.888	20.113	26.560	31.490
  105 --   106	26.286	4.203	5.219	20.417	27.837	30.523
  106 --   107	26.160	4.558	5.660	19.371	28.300	31.130
  107 --   108	25.930	4.770	5.922	18.254	27.751	30.560
  108 --   109	26.119	3.872	4.808	19.179	26.646	29.803
  109 --   110	27.002	3.169	3.935	21.450	28.423	30.746
  110 --   111	26.813	3.276	4.068	21.343	27.285	31.631
  111 --   112	25.992	3.192	3.963	20.399	26.259	30.346
  112 --   113	26.009	3.981	4.943	19.331	25.800	31.433
  113 --   114	27.031	3.672	4.559	20.865	27.242	31.026
  114 --   115	27.988	1.632	2.027	25.709	27.965	29.855
  115 --   116	28.886	1.873	2.326	26.116	28.472	31.063
  116 --   117	29.507	2.203	2.736	26.572	29.148	32.226
  117 --   118	28.841	1.769	2.196	26.529	28.421	31.373
  118 --   119	29.127	2.282	2.833	26.067	28.788	32.089
  119 --   120	29.556	1.716	2.131	27.404	30.398	31.549
  120 --   121	30.092	2.094	2.600	26.727	31.406	32.099
  121 --   122	29.425	1.921	2.385	26.606	30.552	31.270
  122 --   123	28.724	1.729	2.146	26.320	29.924	30.315
  123 --   124	29.433	1.763	2.189	27.173	30.563	31.311
  124 --   125	29.903	0.848	1.053	28.641	29.929	31.292
  125 --   126	30.132	1.389	1.725	27.992	30.809	31.691
  126 --   127	29.553	1.409	1.749	27.033	29.585	31.304
  127 --   128	29.360	1.460	1.813	27.150	29.014	31.168
  128 --   129	29.236	1.619	2.010	27.002	30.102	31.263
  129 --   130	29.202	1.378	1.711	26.704	29.845	30.421
  130 --   131	28.878	1.830	2.272	25.561	30.010	30.417
  131 --   132	29.107	2.271	2.820	24.997	30.362	31.233
  132 --   133	29.683	2.451	3.043	24.821	30.647	31.331
  133 --   134	30.268	2.623	3.257	25.210	31.251	32.523
  134 --   135	29.839	2.967	3.684	24.610	29.876	32.739
  135 --   136	29.605	3.183	3.953	23.549	30.232	32.643
  136 --   137	29.061	2.676	3.322	23.932	29.863	31.544
  137 --   138	29.708	1.702	2.114	26.563	29.963	31.661
  138 --   139	30.395	0.795	0.987	29.468	30.008	31.721
  139 --   140	29.666	0.648	0.804	29.016	29.414	30.706
  140 --   141	29.435	1.281	1.591	28.057	29.462	31.494
  141 --   142	29.113	1.647	2.045	27.044	30.079	30.701
  142 --   143	28.628	1.828	2.270	25.854	29.170	30.780
  143 --   144	29.279	1.511	1.876	27.058	29.964	30.882
  144 --   145	28.523	1.110	1.378	26.430	28.661	29.621
  145 --   146	28.817	1.502	1.865	26.354	29.831	30.097
  146 --   147	29.395	0.935	1.161	27.599	29.777	30.162
  147 --   148	29.740	0.848	1.052	28.327	30.370	30.422
  148 --   149	29.968	1.466	1.820	27.916	29.821	32.035
  149 --   150	30.712	1.887	2.343	28.618	30.556	34.127
  150 --   151	30.501	1.822	2.263	27.823	30.736	33.173
  151 --   152	30.323	1.526	1.895	27.791	30.846	32.040
  152 --   153	30.297	1.527	1.896	27.443	30.709	32.040
  153 --   154	30.104	1.805	2.241	26.897	30.305	32.115
  154 --   155	29.556	1.647	2.046	26.488	30.295	30.972
  155 --   156	29.439	2.369	2.941	25.382	29.648	32.802
  156 --   157	29.245	1.974	2.451	25.803	29.340	31.203
  157 --   158	30.461	1.276	1.585	28.719	30.157	32.025
  158 --   159	30.438	1.006	1.250	28.691	30.443	31.727
  159 --   160	30.310	1.848	2.295	28.357	30.055	33.768
  160 --   161	29.783	1.727	2.144	28.226	28.849	32.592
  161 --   162	29.294	1.624	2.016	27.289	28.625	31.661
  162 --   163	28.939	1.414	1.756	27.542	27.968	30.824
  163 --   164	29.186	1.576	1.957	27.666	28.862	31.977
  164 --   165	28.573	1.618	2.008	26.676	28.308	31.418
  165 --   166	28.443	1.671	2.075	26.336	29.465	30.348
  166 --   167	27.711	1.530	1.900	25.327	28.357	29.208
  167 --   168	27.790	1.813	2.251	24.460	28.335	29.382
  168 --   169	28.533	2.741	3.403	23.576	29.238	31.603
  169 --   170	28.850	2.357	2.927	24.489	29.435	31.662
  170 --   171	28.720	1.868	2.319	25.509	29.467	30.907
  171 --   172	29.066	2.096	2.602	25.126	29.743	31.366
  172 --   173	28.859	2.366	2.937	24.196	29.744	30.477
  173 --   174	28.479	2.760	3.427	23.244	29.513	30.668
  174 --   175	29.389	2.543	3.157	24.577	30.344	32.051
  175 --   176	30.298	2.546	3.161	25.377	31.508	32.430
  176 --   177	29.266	2.555	3.172	24.333	30.473	31.339
  177 --   178	29.431	3.036	3.770	23.483	30.286	31.858
  178 --   179	28.827	3.255	4.042	22.449	30.466	31.176
  179 --   180	28.461	3.673	4.561	21.185	29.859	31.164
  180 --   181	28.174	3.459	4.295	21.481	29.283	30.843
  181 --   182	28.324	3.524	4.375	21.530	30.287	31.101
  182 --   183	27.953	3.810	4.730	20.552	29.487	30.791
  183 --   184	27.827	4.379	5.437	19.569	29.219	31.876
  184 --   185	27.832	5.028	6.243	18.480	29.342	32.683
  185 --   186	27.946	4.636	5.756	18.841	29.613	31.666
  186 --   187	28.331	3.888	4.828	20.739	29.552	31.747
  187 --   188	27.997	3.836	4.764	20.795	28.500	31.659
  188 --   189	26.993	3.755	4.662	20.023	27.391	30.820
  189 --   190	26.907	3.575	4.439	20.141	28.016	29.889
  190 --   191	26.775	3.767	4.678	19.934	27.470	30.771
  191 --   192	26.849	4.258	5.287	18.932	28.360	30.974
  192 --   193	27.474	4.865	6.041	18.862	30.214	32.044
  193 --   194	27.035	4.654	5.778	19.195	29.657	31.702
  194 --   195	26.910	4.046	5.024	20.896	29.333	30.655
  195 --   196	27.075	3.066	3.807	22.611	29.346	29.929
  196 --   197	27.260	3.516	4.365	22.624	29.314	30.973
  197 --   198	26.969	3.055	3.794	22.501	28.133	30.050
  198 --   199	26.188	3.124	3.879	21.443	28.196	29.081
  199 --   200	26.136	3.867	4.802	20.609	28.466	29.764
  200 --   201	25.559	3.685	4.575	19.567	27.474	29.273
  201 --   202	25.651	4.313	5.355	18.357	27.325	29.939
  202 --   203	26.212	4.739	5.884	17.886	28.973	30.887
  203 --   204	26.470	3.936	4.888	19.519	28.175	30.371
  204 --   205	26.991	3.376	4.192	21.605	27.817	30.636
  205 --   206	27.785	2.913	3.617	23.725	27.160	31.097
  206 --   207	27.649	2.877	3.572	22.653	27.598	30.538
  207 --   208	27.449	3.727	4.628	21.242	26.802	31.718
  208 --   209	26.863	3.924	4.872	19.806	27.363	31.201
  209 --   210	26.683	3.447	4.280	20.422	27.131	30.526
  210 --   211	27.748	3.590	4.457	20.744	29.521	30.455
  211 --   212	27.471	3.762	4.671	20.086	28.667	30.492
  212 --   213	28.091	3.293	4.089	22.086	28.351	31.834
  213 --   214	28.518	3.442	4.274	21.940	29.545	31.635
  214 --   215	28.818	3.019	3.749	23.416	30.546	31.288
  215 --   216	29.398	3.044	3.780	23.723	31.337	31.809
  216 --   217	28.962	3.381	4.198	22.742	31.258	31.514
  217 --   218	29.277	3.475	4.314	22.857	31.338	32.176
  218 --   219	29.707	3.214	3.990	24.502	31.330	33.575
  219 --   220	29.546	2.865	3.557	25.992	30.273	34.047
  220 --   221	29.698	3.215	3.992	25.004	30.708	34.461
  221 --   222	29.878	2.356	2.925	26.398	30.281	33.594
  222 --   223	30.417	1.439	1.787	28.217	30.534	32.660
  223 --   224	29.967	1.590	1.975	27.351	30.474	31.633
  224 --   225	29.502	1.745	2.167	26.362	29.641	31.568
  225 --   226	29.014	2.079	2.581	25.185	29.468	30.977
  226 --   227	29.174	2.545	3.160	24.407	30.417	31.252
  227 --   228	29.809	1.939	2.407	26.291	30.806	31.838
  228 --   229	29.092	2.131	2.645	25.001	29.662	31.222
  229 --   230	28.080	2.107	2.616	23.951	28.753	29.893
  230 --   231	27.849	1.830	2.273	24.766	28.021	30.525
  231 --   232	27.712	2.270	2.819	24.180	27.199	30.370
  232 --   233	28.160	2.071	2.572	24.980	27.806	30.711
  233 --   234	28.154	1.637	2.033	25.450	28.375	30.225
  234 --   235	28.155	1.830	2.272	24.883	28.171	30.218
  235 --   236	28.186	1.365	1.695	26.419	27.875	30.079
  236 --   237	28.896	1.915	2.377	26.166	29.172	31.225
  237 --   238	28.433	2.232	2.771	25.887	28.879	31.733
  238 --   239	29.220	1.264	1.570	27.409	29.270	31.307
  239 --   240	29.645	0.893	1.108	28.609	29.180	30.993
  240 --   241	29.214	1.357	1.685	27.952	28.398	31.389
  241 --   242	28.739	1.238	1.537	26.628	28.735	30.435
  242 --   243	28.843	1.258	1.562	27.318	28.280	30.792
  243 --   244	28.247	1.309	1.626	26.881	27.490	30.474
  244 --   245	27.846	1.362	1.691	26.210	27.503	29.596
  245 --   246	28.060	2.153	2.674	25.009	29.224	30.574
  246 --   247	27.173	2.218	2.754	23.878	28.493	29.724
  247 --   248	27.137	1.692	2.100	24.606	27.568	29.173
  248 --   249	26.763	1.677	2.083	24.726	26.611	29.394
  249 --   250	26.331	1.527	1.897	24.183	26.857	28.403
  250 --   251	26.643	1.006	1.249	25.727	26.500	28.540
  251 --   252	26.658	1.448	1.798	24.849	26.403	28.432
  252 --   253	26.500	1.351	1.678	24.572	27.422	27.787
  253 --   254	26.249	1.428	1.773	24.664	26.442	28.638
  254 --   255	26.282	2.414	2.997	23.803	25.555	30.910
  255 --   256	25.891	2.608	3.239	24.188	24.854	31.083
  256 --   257	25.054	2.515	3.123	23.438	23.885	30.064
  257 --   258	24.732	2.729	3.388	22.554	23.229	29.950
  258 --   259	24.294	2.933	3.642	21.895	23.565	29.862
  259 --   260	23.917	2.664	3.307	21.581	23.123	29.011
  260 --   261	24.259	2.770	3.439	22.235	23.123	29.740
  261 --   262	24.620	2.924	3.631	21.255	23.533	29.982
  262 --   263	25.113	3.503	4.350	20.409	25.151	30.939
  263 --   264	25.367	4.417	5.484	19.489	25.708	32.162
  264 --   265	24.678	4.709	5.847	18.290	25.230	31.945
  265 --   266	24.131	5.035	6.252	17.122	25.330	31.088
  266 --   267	23.269	5.030	6.245	16.207	24.531	30.101
  267 --   268	22.523	4.759	5.909	16.089	23.744	29.017
  268 --   269	23.185	4.583	5.691	17.388	24.719	30.151
  269 --   270	23.102	4.094	5.084	18.312	23.915	28.932
  270 --   271	23.382	3.623	4.499	18.696	24.860	28.120
  271 --   272	23.834	4.026	4.999	18.461	24.978	28.350
  272 --   273	24.550	3.603	4.473	18.751	25.529	29.108
  273 --   274	25.154	4.290	5.326	18.720	26.580	31.113
  274 --   275	24.538	4.192	5.205	18.348	25.741	30.358
  275 --   276	24.624	4.641	5.763	18.597	24.739	32.302
  276 --   277	24.369	4.103	5.094	19.812	23.900	31.401
  277 --   278	24.454	3.989	4.953	20.216	24.495	31.311
  278 --   279	24.597	3.894	4.835	20.874	23.889	31.391
  279 --   280	24.773	3.289	4.084	20.903	23.062	30.042
  280 --   281	24.639	3.635	4.513	21.072	23.026	30.958
  281 --   282	24.254	3.927	4.877	20.360	22.628	30.526
  282 --   283	23.532	3.697	4.590	19.384	22.628	29.316
  283 --   284	23.601	4.215	5.234	18.733	23.920	30.525
  284 --   285	24.102	4.191	5.203	19.200	24.647	30.819
  285 --   286	24.762	4.479	5.562	19.076	26.059	31.541
  286 --   287	24.454	3.878	4.816	19.719	25.681	30.331
  287 --   288	24.826	2.646	3.285	21.892	24.781	29.170
  288 --   289	24.584	3.541	4.397	20.490	25.571	30.193
  289 --   290	24.689	4.308	5.350	19.609	24.575	29.860
  290 --   291	25.020	3.875	4.811	21.045	23.593	30.418
  291 --   292	24.921	3.953	4.909	21.053	22.656	31.183
  292 --   293	24.753	4.192	5.205	21.187	21.973	31.985
  293 --   294	24.891	3.490	4.333	21.817	23.524	31.311
  294 --   295	25.367	3.138	3.896	20.774	24.513	30.267
  295 --   296	25.907	2.855	3.545	23.765	24.435	31.485
  296 --   297	26.234	2.206	2.739	24.547	24.766	30.277
  297 --   298	25.973	2.662	3.305	23.673	24.533	30.777
  298 --   299	26.298	3.408	4.231	22.840	24.701	31.976
  299 --   300	26.014	3.340	4.148	22.385	25.469	31.135
  300 --   301	25.606	3.786	4.702	21.280	24.419	32.024
  301 --   302	25.246	3.910	4.856	20.453	23.534	31.562
  302 --   303	25.778	3.366	4.179	22.642	23.777	31.692
  303 --   304	26.743	2.495	3.098	23.884	26.061	31.387
  304 --   305	26.517	2.263	2.810	23.135	26.420	30.273
  305 --   306	26.926	3.174	3.941	22.055	26.783	31.041
  306 --   307	27.449	4.113	5.106	22.541	26.449	33.903
  307 --   308	27.347	3.988	4.951	23.429	25.198	32.919
  308 --   309	27.779	3.347	4.156	23.740	26.345	32.091
  309 --   310	27.967	3.178	3.945	22.995	27.248	31.981
  310 --   311	27.956	3.794	4.711	21.809	27.468	32.378
  311 --   312	27.271	4.017	4.988	20.868	26.583	31.730
  312 --   313	26.836	4.113	5.107	20.122	26.103	31.608
  313 --   314	26.113	4.341	5.391	18.812	25.521	31.221
  314 --   315	25.853	4.410	5.476	17.861	27.507	30.435
  315 --   316	26.155	5.060	6.283	17.047	28.676	31.172
  316 --   317	25.703	5.071	6.296	16.381	28.541	30.172
  317 --   318	27.003	4.101	5.092	19.590	29.003	30.628
  318 --   319	27.152	4.340	5.389	19.762	28.412	32.537
  319 --   320	26.266	4.174	5.183	19.163	27.417	31.130
  320 --   321	26.297	4.393	5.454	19.656	26.199	31.516
  321 --   322	25.968	5.011	6.223	18.550	26.097	31.493
  322 --   323	25.910	5.377	6.677	17.845	26.878	32.362
  323 --   324	25.832	5.506	6.836	17.396	27.524	31.480
  324 --   325	24.914	5.372	6.671	16.808	26.375	30.394
  325 --   326	24.464	5.458	6.778	16.544	25.960	30.548
  326 --   327	24.114	5.773	7.168	15.643	27.001	30.403
  327 --   328	23.757	5.934	7.368	15.586	27.359	30.389
  328 --   329	24.277	5.664	7.033	16.018	27.151	30.488
  329 --   330	25.271	4.846	6.018	17.461	27.331	30.172
  330 --   331	25.117	4.726	5.868	18.517	26.941	30.484
  331 --   332	25.328	5.363	6.659	17.511	28.904	30.102
  332 --   333	25.864	6.322	7.850	16.681	29.643	31.844
  333 --   334	25.076	6.579	8.169	15.740	28.689	31.491
  334 --   335	25.274	6.893	8.559	15.488	30.001	31.932
  335 --   336	25.758	6.473	8.037	16.769	28.764	33.680
  336 --   337	25.761	5.164	6.412	19.664	28.281	32.440
  337 --   338	26.402	4.319	5.363	20.360	28.828	31.532
  338 --   339	25.693	4.389	5.450	19.340	27.928	30.454
  339 --   340	25.390	4.826	5.993	18.434	28.591	30.012
  340 --   341	25.196	5.395	6.699	17.512	28.418	30.243
  341 --   342	24.237	5.482	6.806	16.522	27.657	29.495
  342 --   343	23.615	5.812	7.217	15.551	27.252	29.330
  343 --   344	23.932	6.259	7.771	15.171	28.230	29.540
  344 --   345	23.699	6.134	7.616	13.987	28.028	28.855
  345 --   346	24.138	6.241	7.749	14.526	28.313	29.532
  346 --   347	24.507	6.349	7.883	15.864	28.426	30.710
  347 --   348	24.131	6.635	8.238	15.359	28.854	29.974
  348 --   349	23.418	6.854	8.511	14.772	27.893	30.451
  349 --   350	22.724	6.835	8.487	13.640	26.732	29.661
  350 --   351	22.513	7.392	9.178	12.898	25.857	30.508
  351 --   352	21.854	7.114	8.833	12.080	25.633	29.395
  352 --   353	21.989	7.313	9.080	11.691	26.021	29.597
  353 --   354	22.351	7.701	9.561	11.777	26.568	31.162
  354 --   355	21.963	7.623	9.466	11.933	26.069	30.924
  355 --   356	22.269	7.429	9.225	13.206	26.110	31.504
  356 --   357	21.991	7.116	8.835	11.937	25.857	30.369
  357 --   358	22.563	6.297	7.819	13.424	24.808	30.438
  358 --   359	22.492	6.324	7.852	13.877	23.702	30.288
  359 --   360	22.078	5.996	7.445	12.962	22.833	29.405
  360 --   361	21.554	6.602	8.197	11.756	22.481	29.959
  361 --   362	21.557	7.248	9.000	10.921	23.488	29.780
  362 --   363	21.185	7.639	9.485	9.890	23.002	29.160
  363 --   364	21.246	8.200	10.182	8.899	22.466	30.116
  364 --   365	20.726	8.021	9.959	7.756	22.736	29.164
  365 --   366	21.230	8.228	10.217	6.881	22.070	30.105
  366 --   367	21.776	8.110	10.070	7.951	24.210	30.793
  367 --   368	21.553	8.235	10.225	7.661	25.323	30.670
  368 --   369	21.340	7.903	9.813	8.524	25.576	30.461
  369 --   370	21.921	7.157	8.886	11.524	25.468	29.447
  370 --   371	22.133	6.867	8.526	12.239	24.211	30.255
  371 --   372	22.249	6.853	8.509	11.360	25.615	29.334
  372 --   373	23.561	6.213	7.715	12.470	26.599	29.187
  373 --   374	24.435	5.745	7.134	14.130	27.542	29.640
  374 --   375	24.600	5.966	7.407	14.537	26.543	30.805
  375 --   376	25.084	6.687	8.304	13.542	27.536	31.666
  376 --   377	24.386	6.560	8.145	12.890	26.440	30.561
  377 --   378	24.165	6.529	8.107	12.418	25.733	30.222
  378 --   379	24.069	7.360	9.139	11.424	25.506	31.707
  379 --   380	24.376	7.894	9.801	10.857	25.149	32.318
  380 --   381	24.554	7.702	9.564	11.025	25.467	32.868
  381 --   382	24.775	6.680	8.294	12.770	26.172	31.788
  382 --   383	24.915	6.024	7.480	14.143	25.757	32.057
  383 --   384	24.651	5.970	7.413	14.159	26.194	31.843
  384 --   385	24.354	6.040	7.500	13.519	26.954	30.447
  385 --   386	24.150	6.807	8.452	12.342	27.463	31.830
  386 --   387	23.730	6.746	8.376	11.612	27.203	30.763
  387 --   388	23.857	6.366	7.904	12.657	26.206	30.526
  388 --   389	24.063	5.967	7.409	13.751	25.456	30.755
  389 --   390	24.048	5.046	6.265	15.232	24.291	29.654
  390 --   391	24.657	4.424	5.493	17.549	23.634	30.120
  391 --   392	23.911	4.545	5.644	16.511	23.213	29.755
  392 --   393	23.727	4.681	5.812	15.356	24.172	29.080
  393 --   394	24.209	5.969	7.412	13.295	25.314	30.537
  394 --   395	25.378	5.764	7.157	14.583	27.207	31.356
  395 --   396	26.320	5.201	6.458	16.968	27.133	31.807
  396 --   397	26.887	5.663	7.032	16.790	30.106	32.127
  397 --   398	26.447	5.520	6.854	16.867	29.634	31.165
  398 --   399	25.515	5.690	7.064	15.872	28.377	30.848
  399 --   400	25.373	6.003	7.453	14.975	27.465	31.097
  400 --   401	24.971	5.924	7.356	14.810	26.556	30.786
  401 --   402	24.885	6.488	8.056	14.042	26.818	32.070
  402 --   403	24.890	6.906	8.575	13.008	28.628	31.947
  403 --   404	24.938	7.160	8.890	12.991	28.332	32.740
  404 --   405	24.361	6.954	8.635	12.382	27.301	32.255
  405 --   406	24.231	6.979	8.666	12.536	26.571	32.185
  406 --   407	24.707	6.607	8.203	14.066	28.248	32.151
  407 --   408	25.004	5.748	7.137	15.137	28.242	31.068
  408 --   409	25.383	5.085	6.314	16.642	27.404	31.024
  409 --   410	24.666	5.448	6.765	15.383	26.467	31.387
  410 --   411	23.920	5.567	6.913	14.636	25.413	30.067
  411 --   412	24.298	6.032	7.490	14.689	25.294	30.863
  412 --   413	25.009	6.069	7.536	15.338	26.035	31.863
  413 --   414	24.757	6.557	8.141	15.187	24.761	33.710
  414 --   415	25.215	5.729	7.113	17.047	25.370	33.501
  415 --   416	25.330	5.359	6.655	17.299	26.663	32.392
  416 --   417	25.598	5.191	6.446	17.376	28.636	31.360
  417 --   418	25.330	5.233	6.497	17.333	28.624	30.575
  418 --   419	25.098	5.636	6.998	16.786	28.778	30.859
  419 --   420	24.732	5.373	6.671	17.757	27.868	30.756
  420 --   421	25.946	5.444	6.760	18.145	27.771	32.571
  421 --   422	26.432	4.792	5.950	19.595	28.778	31.769
  422 --   423	26.395	4.990	6.196	19.535	30.071	30.963
  423 --   424	26.553	4.986	6.192	20.133	29.852	31.187
  424 --   425	26.779	4.285	5.320	20.994	29.245	30.961
  425 --   426	26.704	4.235	5.259	20.208	29.606	30.526
  426 --   427	27.597	4.073	5.058	22.444	30.062	31.887
  427 --   428	26.900	4.038	5.013	21.364	28.746	32.069
  428 --   429	26.385	4.152	5.155	20.418	28.995	30.898
  429 --   430	26.467	5.114	6.350	19.530	30.008	30.995
  430 --   431	26.689	4.791	5.949	19.185	29.109	31.995
  431 --   432	27.539	4.885	6.065	19.528	29.900	32.995
  432 --   433	27.637	4.958	6.157	19.346	29.395	33.617
  433 --   434	28.097	4.327	5.373	21.228	29.540	33.578
  434 --   435	27.926	4.011	4.981	20.976	29.590	32.816
  435 --   436	27.504	3.589	4.457	21.053	28.784	31.796
  436 --   437	27.352	3.385	4.203	21.100	28.434	30.950
  437 --   438	26.909	3.435	4.265	20.333	28.750	29.848
  438 --   439	27.200	3.377	4.194	20.757	27.712	30.143
  439 --   440	28.096	3.422	4.249	22.243	29.863	31.919
  440 --   441	29.421	3.341	4.149	24.304	31.072	32.586
  441 --   442	30.431	3.582	4.447	24.481	32.474	33.871
  442 --   443	29.892	3.939	4.891	23.306	32.011	33.843
  443 --   444	30.116	3.443	4.275	24.398	32.129	33.761
  444 --   445	29.218	3.665	4.550	23.175	31.101	32.758
  445 --   446	28.162	3.593	4.461	22.293	30.102	31.741
  446 --   447	27.608	3.936	4.887	21.127	30.082	31.101
  447 --   448	27.146	3.992	4.957	20.887	29.514	31.395
  448 --   449	27.752	3.390	4.209	22.855	29.953	30.863
  449 --   450	27.757	3.096	3.845	23.681	29.509	31.152
  450 --   451	27.503	3.160	3.923	23.217	29.873	30.291
  451 --   452	28.351	3.084	3.829	23.976	29.477	31.539
  452 --   453	28.422	3.568	4.430	23.284	30.222	32.145
  453 --   454	28.735	2.712	3.368	24.981	29.266	31.764
  454 --   455	28.420	1.987	2.467	25.381	29.057	30.647
  455 --   456	28.740	2.612	3.243	24.937	30.439	31.437
  456 --   457	28.525	2.415	2.999	25.185	30.205	30.718
  457 --   458	28.167	2.402	2.983	24.744	29.125	30.880
  458 --   459	28.404	2.120	2.632	25.735	28.147	31.071
  459 --   460	27.768	1.814	2.253	25.467	27.476	30.263
  460 --   461	27.300	2.256	2.802	24.324	27.764	30.279
  461 --   462	26.909	2.825	3.507	22.971	27.605	29.884
  462 --   463	26.693	2.902	3.604	23.127	28.686	29.250
  463 --   464	27.077	3.572	4.435	22.711	29.471	30.933
  464 --   465	26.850	2.884	3.581	23.315	28.372	29.819
  465 --   466	27.102	3.049	3.786	22.204	28.395	30.538
  466 --   467	27.748	2.496	3.099	23.874	28.767	30.174
  467 --   468	27.701	2.510	3.117	24.195	28.755	30.616
  468 --   469	27.232	2.474	3.072	24.387	27.508	30.210
  469 --   470	26.623	2.387	2.964	23.467	26.534	29.569
  470 --   471	26.584	2.762	3.429	23.326	25.842	30.370
  471 --   472	27.409	1.988	2.469	24.779	26.666	30.007
  472 --   473	27.123	2.402	2.982	23.344	27.208	30.678
  473 --   474	27.037	3.218	3.995	23.020	26.718	32.800
  474 --   475	27.318	2.648	3.288	25.104	26.470	32.499
  475 --   476	27.000	2.410	2.992	24.648	26.156	31.510
  476 --   477	26.146	2.413	2.996	23.300	25.830	30.441
  477 --   478	25.282	2.793	3.468	22.433	24.792	30.469
  478 --   479	25.574	2.773	3.443	23.202	24.437	30.634
  479 --   480	25.112	2.646	3.285	22.476	23.490	29.476
  480 --   481	24.853	3.349	4.158	22.100	22.437	30.625
  481 --   482	25.749	3.664	4.549	21.361	24.480	31.958
  482 --   483	26.273	2.838	3.524	23.274	26.381	31.347
  483 --   484	26.721	2.928	3.636	23.110	25.653	31.792
  484 --   485	26.005	2.480	3.080	22.066	26.471	29.687
  485 --   486	26.197	2.823	3.505	21.178	26.950	29.692
  486 --   487	25.358	3.060	3.800	20.306	25.735	29.770
  487 --   488	24.803	3.252	4.037	19.205	25.042	28.982
  488 --   489	26.122	3.872	4.808	19.549	27.748	30.888
  489 --   490	25.492	3.696	4.589	19.565	26.854	30.123
  490 --   491	25.658	4.076	5.061	18.904	28.024	30.127
  491 --   492	26.558	3.198	3.971	22.403	26.957	30.902
  492 --   493	26.993	2.618	3.251	24.018	27.340	30.819
  493 --   494	26.800	2.317	2.878	24.099	27.534	29.936
  494 --   495	27.419	3.399	4.221	23.053	29.416	30.555
  495 --   496	27.516	3.479	4.319	23.043	29.645	31.123
  496 --   497	27.850	3.443	4.275	23.636	29.068	32.453
  497 --   498	28.221	3.985	4.948	22.629	30.632	32.441
  498 --   499	28.480	4.089	5.077	22.514	30.478	33.043
  499 --   500	29.004	3.655	4.539	24.662	29.184	34.993
  500 --   501	28.477	3.353	4.163	25.083	28.156	34.400
  501 --   502	27.874	2.985	3.707	24.876	27.646	33.220
  502 --   503	28.061	2.925	3.632	24.721	27.437	32.187
  503 --   504	27.676	2.889	3.587	24.631	26.614	31.227
  504 --   505	27.790	2.919	3.625	24.078	27.422	32.047
  505 --   506	28.577	2.377	2.951	24.664	29.055	31.261
  506 --   507	28.829	2.794	3.469	24.790	28.115	32.443
  507 --   508	29.094	3.419	4.245	23.812	29.315	33.843
  508 --   509	28.951	3.303	4.101	24.501	28.744	33.381
  509 --   510	28.382	3.042	3.778	25.093	27.922	32.488
  510 --   511	27.591	2.881	3.577	24.044	27.114	31.461
  511 --   512	27.577	3.382	4.199	23.082	30.002	30.938
  512 --   513	28.553	3.455	4.290	22.915	30.478	32.214
  513 --   514	28.469	2.967	3.684	24.566	29.857	31.959
  514 --   515	28.566	2.499	3.103	25.027	29.904	31.036
  515 --   516	28.338	2.028	2.519	25.051	29.060	30.367
  516 --   517	28.379	3.136	3.894	24.420	27.897	32.831
  517 --   518	28.905	2.430	3.018	26.351	27.454	31.984
  518 --   519	28.523	2.382	2.957	25.827	27.593	32.255
  519 --   520	28.756	3.039	3.774	24.236	28.012	32.542
  520 --   521	29.235	2.745	3.409	25.416	28.423	33.435
  521 --   522	29.520	2.796	3.472	26.609	27.943	33.882
  522 --   523	28.966	2.939	3.650	25.997	27.419	32.795
  523 --   524	28.477	2.952	3.665	25.360	26.706	32.315
  524 --   525	28.376	2.850	3.539	25.800	26.678	32.673
  525 --   526	28.862	1.785	2.216	26.142	28.447	31.504
  526 --   527	29.449	1.531	1.900	26.689	29.597	31.094
  527 --   528	28.817	1.977	2.455	25.616	28.575	31.718
  528 --   529	28.609	2.372	2.946	24.585	29.372	31.192
  529 --   530	28.746	3.141	3.900	23.622	30.228	31.627
  530 --   531	28.086	3.080	3.825	22.386	29.572	30.588
  531 --   532	28.382	2.875	3.570	23.529	29.562	31.616
  532 --   533	28.135	1.839	2.283	24.927	28.611	30.468
  533 --   534	27.650	1.589	1.973	25.327	28.150	29.940
  534 --   535	27.530	2.151	2.671	24.666	28.373	30.644
  535 --   536	27.045	2.165	2.688	24.141	28.459	29.351
  536 --   537	26.997	2.424	3.010	23.614	28.082	29.801
  537 --   538	26.802	2.504	3.109	23.397	28.398	29.591
  538 --   539	27.050	2.198	2.730	24.297	27.172	30.335
  539 --   540	27.584	2.043	2.537	25.056	26.809	30.335
  540 --   541	27.385	2.753	3.419	24.888	25.959	32.255
  541 --   542	26.783	2.753	3.419	24.291	25.279	31.795
  542 --   543	26.665	2.471	3.068	23.851	25.205	30.387
  543 --   544	27.037	2.125	2.639	24.945	26.009	30.988
  544 --   545	27.151	1.876	2.329	24.945	26.605	30.356
  545 --   546	27.378	2.307	2.864	24.339	26.389	30.805
  546 --   547	27.273	3.267	4.057	23.088	25.881	31.455
  547 --   548	26.738	3.061	3.801	22.829	26.620	30.695
  548 --   549	26.583	2.489	3.090	23.610	25.816	30.277
  549 --   550	26.354	3.228	4.008	22.532	25.363	30.530
  550 --   551	26.290	4.181	5.192	21.452	24.588	31.744
  551 --   552	25.716	4.007	4.975	20.281	24.200	31.105
  552 --   553	25.272	3.828	4.753	19.450	24.692	30.225
  553 --   554	24.601	4.197	5.212	18.852	23.542	30.761
  554 --   555	25.244	3.863	4.797	18.492	26.004	29.410
  555 --   556	26.279	3.379	4.195	19.783	27.196	29.622
  556 --   557	26.366	3.209	3.984	20.179	27.546	29.478
  557 --   558	27.258	3.011	3.739	22.335	27.310	31.312
  558 --   559	27.600	2.462	3.057	24.117	28.005	31.010
  559 --   560	27.989	2.188	2.716	25.633	27.064	31.273
  560 --   561	28.035	2.047	2.542	25.644	28.461	30.782
  561 --   562	27.994	2.108	2.617	24.422	28.714	30.017
  562 --   563	28.252	2.377	2.951	23.960	29.141	30.772
  563 --   564	28.724	3.152	3.914	23.023	29.221	32.727
  564 --   565	29.315	3.199	3.972	23.225	29.981	32.484
  565 --   566	29.691	2.795	3.470	24.326	30.616	32.263
  566 --   567	29.297	3.124	3.878	23.573	30.545	32.522
  567 --   568	29.159	3.224	4.004	23.083	30.405	32.127
  568 --   569	29.317	3.427	4.255	23.083	30.481	32.685
  569 --   570	29.300	2.777	3.448	24.194	29.440	31.956
  570 --   571	29.782	2.499	3.103	25.541	30.256	32.222
  571 --   572	29.887	1.810	2.247	27.783	30.043	32.087
  572 --   573	29.767	1.883	2.338	27.130	30.635	31.878
  573 --   574	28.898	1.864	2.315	25.736	30.134	30.665
  574 --   575	29.016	1.604	1.991	27.032	29.271	30.956
  575 --   576	28.790	2.014	2.501	25.691	28.965	31.692
  576 --   577	28.536	2.157	2.679	25.749	29.082	31.875
  577 --   578	28.278	2.520	3.130	25.343	29.081	31.916
  578 --   579	28.544	1.898	2.357	25.877	29.408	30.806
  579 --   580	29.304	2.861	3.552	25.590	31.003	32.259
  580 --   581	29.907	3.023	3.753	25.526	31.176	33.345
  581 --   582	29.986	2.295	2.849	25.631	30.699	32.096
  582 --   583	29.870	1.518	1.885	27.235	30.875	31.138
  583 --   584	29.880	1.722	2.138	27.120	29.925	31.690
  584 --   585	29.852	2.190	2.719	26.086	29.975	32.663
  585 --   586	29.360	2.335	2.900	25.352	30.080	31.588
  586 --   587	29.061	2.839	3.526	24.229	29.660	31.913
  587 --   588	29.308	2.592	3.218	25.151	31.077	31.570
  588 --   589	28.973	2.993	3.716	23.351	30.702	31.351
  589 --   590	29.096	3.636	4.514	22.477	30.245	32.701
  590 --   591	29.298	3.512	4.361	22.354	30.739	31.789
  591 --   592	28.884	2.676	3.323	23.679	30.214	31.017
  592 --   593	29.427	1.527	1.896	27.000	30.072	31.148
  593 --   594	29.686	0.749	0.930	28.354	30.048	30.341
  594 --   595	30.085	0.554	0.687	29.279	30.253	30.867
  595 --   596	29.646	0.619	0.768	28.487	29.986	30.124
  596 --   597	29.495	1.160	1.441	27.571	29.303	30.858
  597 --   598	29.509	1.750	2.173	26.789	30.406	31.439
  598 --   599	29.627	2.190	2.719	25.834	31.072	31.562
  599 --   600	30.027	2.135	2.650	26.728	31.162	32.226
    0 --   600	25.419	1.752	2.175	22.558	25.506	28.058