Interval	Avg	Std	CI=0.95	Min	Median	Max
    0 --     1	0.000	0.000	0.000	0.000	0.000	0.000
    1 --     2	1.030	1.607	1.995	0.000	0.000	4.148
    2 --     3	3.260	3.344	4.152	1.208	1.833	9.927
    3 --     4	4.790	4.959	6.158	1.917	2.000	14.645
    4 --     5	5.982	4.695	5.829	2.000	3.938	14.467
    5 --     6	7.080	4.728	5.870	2.000	4.000	13.655
    6 --     7	8.547	4.292	5.329	3.875	7.942	14.165
    7 --     8	8.532	3.620	4.495	4.000	10.000	12.509
    8 --     9	8.999	2.403	2.984	5.708	9.931	11.953
    9 --    10	9.640	2.505	3.110	6.000	9.738	13.554
   10 --    11	11.280	3.747	4.653	6.000	11.418	17.271
   11 --    12	12.808	4.253	5.281	7.875	11.433	20.659
   12 --    13	12.585	4.344	5.394	8.000	10.260	20.292
   13 --    14	12.843	4.537	5.633	8.285	11.496	21.441
   14 --    15	12.854	4.068	5.051	9.181	10.873	20.503
   15 --    16	13.781	3.491	4.335	10.763	13.007	20.378
   16 --    17	14.863	2.973	3.692	10.964	14.722	19.539
   17 --    18	13.974	2.261	2.807	11.256	13.301	17.177
   18 --    19	13.358	2.543	3.158	9.944	12.975	17.086
   19 --    20	12.724	2.133	2.648	10.459	11.995	15.425
   20 --    21	12.525	1.983	2.463	10.214	12.181	15.130
   21 --    22	12.551	2.035	2.527	10.377	11.665	15.130
   22 --    23	12.220	2.496	3.099	9.727	11.243	15.297
   23 --    24	11.804	2.621	3.255	8.696	11.689	14.880
   24 --    25	11.907	2.012	2.498	9.355	11.450	14.517
   25 --    26	11.774	1.523	1.891	10.266	11.064	13.858
   26 --    27	11.123	1.407	1.747	9.631	10.193	12.864
   27 --    28	10.963	1.608	1.997	9.000	10.131	13.059
   28 --    29	10.875	2.352	2.920	7.592	10.327	13.701
   29 --    30	10.253	3.379	4.195	6.333	10.410	14.243
   30 --    31	9.775	3.685	4.576	5.217	10.708	14.377
   31 --    32	9.209	2.743	3.406	4.514	10.595	12.023
   32 --    33	9.697	2.493	3.095	4.780	10.937	11.384
   33 --    34	9.639	2.743	3.406	4.446	10.787	12.145
   34 --    35	9.649	3.055	3.793	3.987	10.335	12.676
   35 --    36	9.669	3.833	4.759	2.693	10.499	13.492
   36 --    37	9.459	4.317	5.360	1.728	9.539	14.686
   37 --    38	9.478	2.997	3.722	5.378	9.189	14.686
   38 --    39	9.129	3.576	4.441	4.558	8.544	15.533
   39 --    40	9.257	3.031	3.763	7.378	7.593	15.254
   40 --    41	9.046	2.615	3.247	6.695	7.938	14.009
   41 --    42	10.366	3.059	3.798	5.387	11.012	14.823
   42 --    43	10.725	4.075	5.060	4.625	10.889	16.622
   43 --    44	10.535	4.971	6.172	2.811	10.131	18.219
   44 --    45	9.913	5.586	6.936	2.317	9.296	19.400
   45 --    46	10.444	5.660	7.028	2.317	10.165	19.942
   46 --    47	11.339	6.151	7.637	4.317	11.144	21.186
   47 --    48	13.234	7.335	9.108	5.586	13.362	25.858
   48 --    49	14.319	6.778	8.417	7.128	14.725	26.193
   49 --    50	14.062	6.650	8.257	7.679	13.617	26.184
   50 --    51	14.173	6.346	7.880	8.426	12.359	26.400
   51 --    52	14.681	6.604	8.200	8.462	12.817	27.398
   52 --    53	14.466	7.030	8.729	6.451	13.522	27.400
   53 --    54	15.113	7.417	9.210	5.940	14.596	28.188
   54 --    55	16.212	8.306	10.313	4.910	17.164	29.861
   55 --    56	17.624	8.978	11.148	6.368	17.009	33.573
   56 --    57	17.576	9.759	12.118	6.910	15.814	35.938
   57 --    58	17.460	9.831	12.207	6.910	15.237	35.979
   58 --    59	17.512	9.125	11.330	8.910	14.805	35.030
   59 --    60	17.606	7.874	9.777	11.310	14.536	33.038
   60 --    61	18.327	7.118	8.838	13.064	15.710	32.405
   61 --    62	18.268	6.843	8.497	12.565	16.053	31.706
   62 --    63	18.337	7.833	9.727	11.164	15.433	33.609
   63 --    64	17.884	8.140	10.107	10.470	14.599	33.706
   64 --    65	18.316	8.357	10.377	9.762	14.553	33.654
   65 --    66	18.973	8.621	10.705	9.562	15.012	32.869
   66 --    67	19.085	8.153	10.123	10.562	15.262	32.070
   67 --    68	19.943	7.413	9.204	12.541	15.512	31.860
   68 --    69	20.116	7.057	8.763	14.310	15.295	31.901
   69 --    70	19.066	7.577	9.408	11.888	14.174	31.969
   70 --    71	18.791	8.306	10.313	10.874	13.713	32.943
   71 --    72	18.740	8.441	10.480	10.323	13.806	32.085
   72 --    73	18.449	8.301	10.308	10.218	12.825	30.200
   73 --    74	19.015	7.840	9.734	11.876	13.852	30.615
   74 --    75	19.906	7.389	9.175	12.479	17.572	31.395
   75 --    76	20.131	7.680	9.535	12.688	17.739	32.988
   76 --    77	20.303	7.114	8.833	13.593	17.333	32.802
   77 --    78	20.102	6.543	8.125	12.601	17.534	31.445
   78 --    79	19.547	6.838	8.490	11.420	16.638	30.608
   79 --    80	18.877	6.784	8.424	10.420	15.827	28.547
   80 --    81	19.118	7.452	9.253	10.534	15.587	30.047
   81 --    82	19.612	8.537	10.600	10.534	15.232	32.813
   82 --    83	20.474	8.814	10.944	10.804	15.699	34.364
   83 --    84	20.534	8.378	10.403	11.922	15.394	33.337
   84 --    85	20.263	8.070	10.020	12.781	14.510	32.303
   85 --    86	19.864	7.887	9.794	11.430	15.613	31.750
   86 --    87	18.864	7.980	9.909	10.585	14.747	30.742
   87 --    88	19.306	8.622	10.706	10.585	14.841	32.669
   88 --    89	20.107	8.967	11.134	10.585	14.828	34.002
   89 --    90	21.127	9.184	11.404	10.793	16.853	34.649
   90 --    91	21.745	8.767	10.886	11.710	18.599	33.953
   91 --    92	23.359	8.036	9.978	15.421	18.997	33.172
   92 --    93	24.298	8.654	10.745	14.612	20.585	37.179
   93 --    94	23.965	9.323	11.576	13.334	20.317	38.355
   94 --    95	23.533	9.262	11.500	13.614	19.317	37.989
   95 --    96	24.393	7.477	9.285	16.793	19.879	35.741
   96 --    97	25.781	6.821	8.470	17.737	27.968	34.631
   97 --    98	25.453	6.824	8.473	16.838	28.197	34.453
   98 --    99	25.488	6.483	8.050	17.068	28.406	33.922
   99 --   100	26.481	5.694	7.070	18.831	28.598	32.891
  100 --   101	27.944	4.970	6.171	21.109	27.875	34.611
  101 --   102	27.486	4.436	5.507	22.080	26.372	34.266
  102 --   103	26.950	4.708	5.846	20.871	26.040	33.425
  103 --   104	27.138	5.163	6.410	20.059	28.129	33.675
  104 --   105	26.899	5.438	6.752	19.319	28.017	34.342
  105 --   106	26.736	5.861	7.277	18.452	27.535	34.206
  106 --   107	26.910	6.355	7.891	17.930	26.653	34.423
  107 --   108	26.962	5.559	6.903	18.805	25.872	33.948
  108 --   109	26.428	5.408	6.715	17.944	25.628	33.040
  109 --   110	25.798	5.650	7.015	16.128	25.259	32.065
  110 --   111	26.883	3.253	4.039	21.566	26.211	30.935
  111 --   112	28.123	1.588	1.972	25.083	28.724	29.511
  112 --   113	28.381	1.614	2.004	25.599	28.634	30.646
  113 --   114	28.192	2.036	2.528	24.695	28.718	30.661
  114 --   115	27.431	2.085	2.589	23.710	28.670	29.343
  115 --   116	26.728	2.315	2.875	22.374	28.131	28.566
  116 --   117	26.432	2.439	3.029	21.703	27.680	28.222
  117 --   118	27.104	2.900	3.600	21.607	28.226	30.030
  118 --   119	28.390	3.323	4.126	23.205	27.789	32.013
  119 --   120	29.676	4.216	5.235	23.524	30.845	34.676
  120 --   121	29.528	4.722	5.863	22.878	32.153	34.141
  121 --   122	29.777	4.870	6.047	23.524	32.931	34.905
  122 --   123	29.576	4.983	6.187	21.607	31.348	36.155
  123 --   124	30.186	4.080	5.066	22.722	31.108	35.225
  124 --   125	29.392	3.864	4.798	22.274	30.471	33.252
  125 --   126	28.914	4.185	5.196	21.223	31.046	32.471
  126 --   127	28.892	4.367	5.422	21.007	30.000	33.471
  127 --   128	29.239	4.856	6.030	20.534	29.268	34.471
  128 --   129	29.353	4.833	6.001	20.576	30.609	34.053
  129 --   130	29.691	4.470	5.550	20.993	31.425	33.323
  130 --   131	29.088	4.137	5.137	20.993	30.288	32.621
  131 --   132	28.798	4.000	4.966	20.956	31.210	31.341
  132 --   133	28.521	4.618	5.735	19.728	29.745	33.448
  133 --   134	28.057	4.711	5.850	19.171	29.449	33.248
  134 --   135	27.287	5.011	6.222	17.599	29.061	31.851
  135 --   136	27.730	5.563	6.908	17.189	29.061	33.093
  136 --   137	28.069	5.860	7.276	17.114	29.582	34.648
  137 --   138	29.156	6.227	7.732	17.114	30.913	34.940
  138 --   139	29.514	6.285	7.804	17.114	32.453	34.313
  139 --   140	28.653	6.093	7.566	16.519	31.302	32.721
  140 --   141	28.566	7.058	8.764	14.475	31.930	32.811
  141 --   142	28.692	7.672	9.526	13.581	31.835	34.960
  142 --   143	28.224	7.846	9.742	13.149	30.661	36.205
  143 --   144	28.519	7.911	9.823	13.149	31.006	35.633
  144 --   145	29.590	8.203	10.185	13.316	32.683	34.930
  145 --   146	30.015	8.048	9.993	13.941	33.830	34.591
  146 --   147	29.801	7.796	9.680	14.232	33.425	34.316
  147 --   148	29.129	7.263	9.019	14.649	32.481	33.578
  148 --   149	28.525	6.728	8.354	15.149	31.462	32.956
  149 --   150	28.909	6.010	7.463	16.899	31.669	32.269
  150 --   151	28.640	5.930	7.363	17.149	30.826	34.269
  151 --   152	28.784	5.786	7.184	17.816	30.011	34.182
  152 --   153	28.909	5.359	6.654	18.733	30.977	33.423
  153 --   154	29.015	5.193	6.448	19.087	32.177	32.681
  154 --   155	28.913	4.256	5.284	20.649	30.317	32.699
  155 --   156	28.679	3.816	4.739	21.149	30.226	31.600
  156 --   157	28.622	3.757	4.664	21.149	30.434	30.928
  157 --   158	29.020	4.208	5.225	20.911	30.418	32.553
  158 --   159	29.438	5.073	6.300	19.666	31.323	34.095
  159 --   160	29.604	5.555	6.898	18.706	31.562	34.326
  160 --   161	29.689	5.748	7.137	18.623	32.892	34.062
  161 --   162	29.799	5.771	7.165	18.831	32.777	34.441
  162 --   163	29.665	5.831	7.241	19.039	31.294	36.226
  163 --   164	29.230	5.571	6.917	19.289	30.468	36.136
  164 --   165	29.031	4.691	5.825	20.928	29.608	35.624
  165 --   166	29.941	4.755	5.905	21.039	30.962	34.466
  166 --   167	30.073	5.347	6.639	19.628	31.789	34.270
  167 --   168	29.753	5.173	6.424	19.622	32.176	33.508
  168 --   169	29.017	5.475	6.798	18.195	32.011	32.405
  169 --   170	29.010	5.572	6.918	18.212	31.172	33.707
  170 --   171	28.705	5.309	6.592	18.671	29.490	34.143
  171 --   172	28.816	5.035	6.252	19.198	30.941	33.614
  172 --   173	29.522	5.138	6.380	19.337	31.409	32.961
  173 --   174	29.758	5.161	6.408	19.504	32.219	33.234
  174 --   175	29.482	4.639	5.761	20.379	31.282	33.409
  175 --   176	29.143	4.519	5.611	20.671	30.137	34.211
  176 --   177	29.687	4.820	5.985	21.337	30.318	36.421
  177 --   178	30.662	5.175	6.425	21.337	31.742	36.920
  178 --   179	30.413	5.127	6.366	21.004	32.826	35.855
  179 --   180	29.884	5.227	6.490	20.056	31.807	34.509
  180 --   181	29.655	5.350	6.643	19.254	31.344	33.987
  181 --   182	29.145	5.663	7.032	17.945	31.193	33.153
  182 --   183	28.881	4.914	6.101	19.112	30.904	32.160
  183 --   184	28.885	4.065	5.048	20.904	30.094	32.160
  184 --   185	28.808	3.844	4.773	21.454	30.107	32.160
  185 --   186	30.569	2.811	3.490	26.966	29.248	34.160
  186 --   187	30.982	2.437	3.026	28.749	29.473	34.005
  187 --   188	30.237	2.576	3.199	26.787	30.773	33.092
  188 --   189	29.635	2.700	3.352	26.036	31.021	32.889
  189 --   190	29.255	3.014	3.742	25.601	30.427	32.880
  190 --   191	29.086	2.663	3.307	25.576	29.659	31.990
  191 --   192	30.523	1.341	1.665	28.660	30.926	32.217
  192 --   193	30.654	1.762	2.188	28.647	29.764	33.659
  193 --   194	30.406	2.504	3.109	27.630	29.307	33.641
  194 --   195	31.001	2.918	3.624	27.097	30.865	35.510
  195 --   196	30.054	3.382	4.199	25.603	30.865	35.023
  196 --   197	29.364	3.359	4.171	24.601	30.716	34.048
  197 --   198	29.126	3.068	3.809	24.503	29.783	32.654
  198 --   199	30.101	2.872	3.567	26.670	31.231	33.865
  199 --   200	31.160	2.514	3.122	28.292	31.209	34.654
  200 --   201	31.067	2.535	3.148	26.809	31.120	34.036
  201 --   202	31.470	2.896	3.596	25.714	33.111	33.123
  202 --   203	31.058	3.346	4.155	24.931	31.444	34.804
  203 --   204	30.349	3.202	3.976	24.962	30.180	34.093
  204 --   205	30.422	2.022	2.510	27.520	30.121	32.837
  205 --   206	31.464	0.803	0.997	30.556	31.013	32.642
  206 --   207	31.739	1.775	2.204	30.349	30.556	34.954
  207 --   208	32.341	2.011	2.497	29.139	33.003	35.183
  208 --   209	33.112	1.937	2.405	29.598	33.901	34.953
  209 --   210	33.397	2.105	2.613	30.670	33.901	36.514
  210 --   211	33.225	1.829	2.270	30.439	33.043	36.084
  211 --   212	32.475	1.856	2.304	29.281	32.663	34.873
  212 --   213	31.664	1.881	2.335	28.243	31.980	33.874
  213 --   214	31.572	1.585	1.969	29.157	31.182	33.879
  214 --   215	31.864	1.622	2.014	29.900	32.138	34.383
  215 --   216	31.080	1.695	2.104	29.282	30.397	33.684
  216 --   217	30.495	1.329	1.650	28.653	30.776	32.270
  217 --   218	31.192	1.545	1.919	29.180	31.636	33.558
  218 --   219	31.224	1.969	2.444	29.322	30.653	35.017
  219 --   220	31.914	2.037	2.529	29.656	31.599	35.540
  220 --   221	32.820	1.692	2.100	30.364	32.648	35.063
  221 --   222	33.289	1.122	1.393	31.850	33.956	34.427
  222 --   223	33.275	0.807	1.002	31.882	33.432	34.328
  223 --   224	32.447	1.300	1.614	30.133	32.730	33.699
  224 --   225	31.416	1.032	1.282	29.659	31.407	32.689
  225 --   226	30.827	0.570	0.707	30.135	30.654	31.617
  226 --   227	30.669	1.416	1.758	29.409	30.135	33.358
  227 --   228	31.367	1.478	1.835	29.197	31.135	33.358
  228 --   229	32.183	1.357	1.685	29.628	32.546	33.451
  229 --   230	32.935	1.818	2.257	30.885	32.624	35.593
  230 --   231	33.242	2.617	3.249	30.302	32.933	37.944
  231 --   232	32.129	2.838	3.524	28.480	31.520	36.966
  232 --   233	31.762	2.433	3.021	28.595	31.204	35.859
  233 --   234	31.465	2.364	2.936	29.427	30.541	35.814
  234 --   235	31.538	2.180	2.707	29.427	30.200	35.025
  235 --   236	31.665	2.304	2.861	29.311	30.908	35.739
  236 --   237	32.271	2.015	2.502	29.311	32.283	35.495
  237 --   238	31.921	1.564	1.942	29.686	31.585	34.512
  238 --   239	32.597	1.796	2.230	30.006	32.423	35.033
  239 --   240	32.930	2.526	3.136	29.727	31.846	36.337
  240 --   241	33.105	2.231	2.771	29.944	32.520	36.080
  241 --   242	33.679	2.378	2.953	29.828	33.770	37.302
  242 --   243	33.718	2.727	3.387	29.151	33.499	36.844
  243 --   244	32.795	2.382	2.958	29.023	32.913	36.479
  244 --   245	31.693	1.983	2.463	28.419	32.054	33.992
  245 --   246	31.338	1.724	2.140	28.530	32.054	33.294
  246 --   247	31.409	2.123	2.636	28.445	32.452	33.846
  247 --   248	31.095	2.277	2.827	27.566	32.427	33.694
  248 --   249	30.735	2.066	2.565	27.138	30.605	33.048
  249 --   250	31.260	1.862	2.312	27.922	31.561	33.670
  250 --   251	31.281	2.707	3.361	26.529	31.254	34.392
  251 --   252	30.708	2.929	3.637	25.681	31.421	33.704
  252 --   253	30.664	2.877	3.572	25.961	31.546	33.904
  253 --   254	30.308	2.738	3.400	25.579	31.528	33.018
  254 --   255	30.933	3.267	4.056	25.673	31.695	35.250
  255 --   256	31.216	2.253	2.797	28.003	31.434	34.710
  256 --   257	31.238	1.291	1.602	29.485	31.157	33.264
  257 --   258	31.387	1.580	1.962	28.468	32.271	32.726
  258 --   259	31.490	2.005	2.490	27.783	31.703	33.372
  259 --   260	32.149	2.605	3.235	27.480	32.703	35.434
  260 --   261	31.778	2.770	3.439	26.882	32.269	35.431
  261 --   262	31.082	2.822	3.504	25.872	31.804	34.062
  262 --   263	31.140	3.129	3.885	26.020	31.351	35.303
  263 --   264	31.241	2.922	3.628	28.264	31.195	36.538
  264 --   265	31.172	2.154	2.674	28.903	30.845	35.096
  265 --   266	31.493	2.071	2.571	28.723	31.494	34.164
  266 --   267	31.532	2.120	2.632	27.769	32.844	33.364
  267 --   268	31.708	2.525	3.135	26.859	32.844	33.787
  268 --   269	32.466	3.169	3.935	26.215	33.649	34.613
  269 --   270	32.196	3.623	4.498	25.508	33.951	35.364
  270 --   271	32.498	2.453	3.046	28.893	32.765	35.348
  271 --   272	32.174	2.109	2.618	29.229	31.757	34.719
  272 --   273	31.052	1.292	1.604	29.738	30.704	33.340
  273 --   274	31.191	0.726	0.902	30.540	30.823	32.572
  274 --   275	31.293	1.008	1.252	29.833	31.520	32.781
  275 --   276	30.930	1.057	1.312	29.690	31.006	32.781
  276 --   277	31.070	1.380	1.714	29.699	30.539	33.698
  277 --   278	31.371	2.051	2.546	28.899	31.021	34.773
  278 --   279	31.734	2.827	3.510	28.120	31.594	36.781
  279 --   280	32.358	2.895	3.594	27.844	33.021	36.573
  280 --   281	33.084	2.320	2.881	30.171	33.105	36.480
  281 --   282	32.767	1.655	2.054	30.716	33.328	34.455
  282 --   283	32.506	1.939	2.407	29.781	33.328	34.909
  283 --   284	32.350	1.007	1.250	30.946	32.727	33.373
  284 --   285	32.362	1.048	1.301	30.336	32.727	33.328
  285 --   286	31.826	1.568	1.947	29.328	32.727	33.361
  286 --   287	31.168	1.510	1.875	28.329	32.084	32.410
  287 --   288	30.508	1.263	1.569	28.232	31.049	31.753
  288 --   289	30.471	1.153	1.431	29.566	29.795	32.656
  289 --   290	30.778	1.649	2.048	28.987	31.050	33.552
  290 --   291	31.289	1.991	2.472	28.806	31.184	34.656
  291 --   292	31.580	1.603	1.991	29.964	31.160	34.649
  292 --   293	32.063	1.669	2.072	29.571	32.651	33.827
  293 --   294	32.072	1.772	2.200	29.264	32.812	34.212
  294 --   295	31.543	1.552	1.927	29.095	32.165	33.044
  295 --   296	30.902	0.254	0.316	30.524	30.934	31.309
  296 --   297	31.612	1.624	2.017	29.813	30.874	33.591
  297 --   298	31.986	1.236	1.534	30.066	31.646	33.590
  298 --   299	31.847	1.090	1.354	30.108	31.813	33.533
  299 --   300	31.367	0.613	0.761	30.420	31.587	32.097
  300 --   301	31.514	0.553	0.687	30.607	31.636	32.135
  301 --   302	31.279	1.372	1.704	30.054	30.235	33.205
  302 --   303	32.025	1.911	2.373	29.421	31.236	34.775
  303 --   304	33.761	1.643	2.040	31.348	33.267	36.108
  304 --   305	34.325	1.653	2.053	31.348	34.414	36.081
  305 --   306	34.071	1.050	1.303	32.840	34.081	35.540
  306 --   307	33.294	0.640	0.795	32.174	33.297	33.997
  307 --   308	32.542	0.672	0.834	31.468	32.717	33.408
  308 --   309	31.207	0.598	0.742	30.175	31.309	32.039
  309 --   310	31.350	1.006	1.250	29.845	31.274	32.577
  310 --   311	32.357	1.014	1.260	30.528	32.498	33.309
  311 --   312	33.394	0.549	0.682	32.883	33.265	34.449
  312 --   313	33.316	0.838	1.040	32.320	33.127	34.399
  313 --   314	32.307	0.826	1.026	31.288	32.671	33.321
  314 --   315	31.368	0.749	0.930	30.477	31.058	32.402
  315 --   316	30.249	0.520	0.645	29.302	30.357	30.814
  316 --   317	30.594	0.997	1.237	29.302	30.286	32.278
  317 --   318	32.056	1.524	1.892	30.011	32.941	33.611
  318 --   319	33.124	1.731	2.150	30.917	34.176	34.937
  319 --   320	32.817	1.320	1.639	31.302	32.556	35.117
  320 --   321	32.668	1.129	1.402	31.302	32.393	34.555
  321 --   322	32.437	1.132	1.406	31.367	31.844	33.945
  322 --   323	32.332	1.314	1.632	30.192	32.327	34.205
  323 --   324	32.177	1.427	1.772	30.788	31.521	34.341
  324 --   325	31.954	1.418	1.761	30.142	31.866	33.721
  325 --   326	33.088	1.468	1.823	30.666	33.852	34.674
  326 --   327	33.267	1.578	1.959	30.666	33.833	35.368
  327 --   328	33.126	1.379	1.713	31.180	33.226	35.180
  328 --   329	33.152	1.186	1.472	31.577	32.812	34.591
  329 --   330	31.781	1.356	1.684	30.192	31.950	33.373
  330 --   331	31.246	1.878	2.331	29.321	30.881	34.347
  331 --   332	31.543	2.066	2.565	29.000	30.881	35.259
  332 --   333	31.563	1.926	2.391	29.000	31.455	34.954
  333 --   334	31.565	1.825	2.266	29.000	31.314	34.680
  334 --   335	32.016	1.709	2.122	29.875	31.465	34.239
  335 --   336	32.253	1.744	2.165	30.274	32.381	34.838
  336 --   337	32.636	2.062	2.560	29.859	32.922	35.380
  337 --   338	32.708	2.394	2.972	29.258	32.922	36.062
  338 --   339	32.993	2.049	2.544	31.000	32.419	36.881
  339 --   340	33.217	1.752	2.176	31.693	32.922	36.550
  340 --   341	33.148	1.556	1.932	31.139	32.617	35.746
  341 --   342	33.147	1.343	1.667	31.543	33.139	34.922
  342 --   343	32.390	1.800	2.234	30.257	33.138	34.621
  343 --   344	32.044	1.596	1.981	30.069	32.959	33.932
  344 --   345	31.540	1.469	1.824	29.322	31.910	33.103
  345 --   346	31.479	1.278	1.586	29.363	32.139	32.943
  346 --   347	31.643	1.829	2.270	29.405	31.354	34.608
  347 --   348	31.215	1.703	2.114	29.613	30.714	34.497
  348 --   349	31.981	0.913	1.134	30.890	31.683	33.585
  349 --   350	32.757	1.269	1.576	30.733	32.876	34.718
  350 --   351	33.156	1.762	2.187	30.858	32.717	35.863
  351 --   352	32.801	2.861	3.552	30.198	31.108	37.405
  352 --   353	32.686	2.554	3.171	29.004	31.906	36.550
  353 --   354	32.436	2.158	2.680	29.004	32.406	35.705
  354 --   355	32.575	1.977	2.455	29.129	32.468	34.989
  355 --   356	32.138	1.207	1.499	30.087	32.550	33.306
  356 --   357	31.839	0.948	1.177	30.563	32.087	33.202
  357 --   358	31.747	1.020	1.267	30.365	32.035	33.131
  358 --   359	32.521	1.834	2.277	30.362	32.825	35.004
  359 --   360	32.028	2.127	2.641	29.631	31.408	34.852
  360 --   361	31.294	1.663	2.064	28.783	31.657	33.177
  361 --   362	31.776	1.604	1.992	29.810	32.259	34.063
  362 --   363	31.733	1.487	1.846	30.453	31.139	34.495
  363 --   364	32.357	1.803	2.239	29.950	31.555	34.477
  364 --   365	32.877	1.372	1.704	31.357	32.131	35.028
  365 --   366	33.811	1.879	2.333	31.695	33.298	37.139
  366 --   367	34.416	1.442	1.790	33.098	33.831	37.129
  367 --   368	33.752	1.763	2.189	31.704	33.406	36.721
  368 --   369	32.892	1.549	1.924	31.173	32.617	35.579
  369 --   370	32.343	1.404	1.743	30.599	31.804	34.616
  370 --   371	31.442	1.551	1.925	29.412	30.896	33.439
  371 --   372	30.470	1.384	1.719	28.774	30.197	32.924
  372 --   373	30.358	1.390	1.726	28.594	30.137	32.870
  373 --   374	30.282	1.584	1.966	28.404	30.610	32.540
  374 --   375	30.549	1.588	1.972	28.404	31.346	32.261
  375 --   376	30.570	1.125	1.397	29.043	30.312	32.261
  376 --   377	31.427	1.509	1.873	30.363	30.404	34.261
  377 --   378	31.751	1.391	1.727	30.594	30.883	34.246
  378 --   379	31.784	1.167	1.449	30.129	31.988	33.604
  379 --   380	31.403	1.225	1.520	29.904	31.573	33.026
  380 --   381	30.874	1.750	2.173	29.034	30.593	33.532
  381 --   382	31.360	2.456	3.050	28.527	30.298	34.994
  382 --   383	32.355	2.839	3.525	28.527	32.298	36.594
  383 --   384	32.897	2.713	3.368	28.694	33.936	36.474
  384 --   385	32.666	2.348	2.916	29.027	33.303	35.633
  385 --   386	32.100	1.505	1.869	29.694	32.265	33.691
  386 --   387	31.877	0.879	1.091	30.527	32.246	32.925
  387 --   388	31.415	1.250	1.552	29.578	31.442	32.794
  388 --   389	31.620	0.859	1.067	30.815	31.382	33.225
  389 --   390	32.225	1.757	2.181	29.508	32.302	34.531
  390 --   391	32.034	1.639	2.035	30.529	31.173	34.794
  391 --   392	31.920	1.629	2.023	30.369	31.494	35.035
  392 --   393	31.473	1.982	2.461	29.701	30.753	35.347
  393 --   394	30.551	1.628	2.022	28.973	29.630	33.522
  394 --   395	30.260	1.743	2.164	28.535	29.311	32.813
  395 --   396	30.821	2.280	2.831	28.764	29.311	34.348
  396 --   397	31.159	2.368	2.940	28.573	29.769	35.020
  397 --   398	31.402	1.779	2.209	29.073	30.778	34.078
  398 --   399	32.625	1.766	2.192	29.573	32.774	34.717
  399 --   400	34.487	2.084	2.588	31.503	34.707	37.910
  400 --   401	34.584	1.725	2.142	33.053	34.241	37.910
  401 --   402	34.185	2.143	2.661	31.954	33.239	37.766
  402 --   403	33.485	2.383	2.958	30.137	32.983	36.290
  403 --   404	33.135	2.000	2.483	30.786	32.808	35.690
  404 --   405	32.359	1.673	2.078	30.145	32.119	34.849
  405 --   406	32.607	1.418	1.761	30.916	32.948	34.119
  406 --   407	32.744	1.156	1.435	30.916	32.918	34.074
  407 --   408	33.423	1.126	1.399	32.045	32.916	35.265
  408 --   409	33.360	1.362	1.692	31.811	32.916	35.693
  409 --   410	32.546	1.325	1.645	30.556	32.789	34.588
  410 --   411	31.379	1.550	1.925	29.633	31.338	33.628
  411 --   412	31.072	1.666	2.069	29.475	30.697	33.989
  412 --   413	31.575	1.745	2.167	30.056	30.850	34.837
  413 --   414	32.431	2.370	2.943	28.783	32.475	36.045
  414 --   415	33.151	2.586	3.211	28.783	33.204	36.013
  415 --   416	33.301	1.995	2.477	30.231	33.502	35.399
  416 --   417	33.148	1.437	1.785	31.294	32.648	35.071
  417 --   418	32.525	2.059	2.556	29.395	32.766	35.502
  418 --   419	32.425	2.134	2.649	29.016	32.698	35.286
  419 --   420	32.529	1.206	1.497	30.613	32.940	33.912
  420 --   421	32.377	1.176	1.461	31.002	32.155	34.245
  421 --   422	32.175	1.210	1.502	31.146	31.641	34.489
  422 --   423	32.320	1.327	1.648	30.619	31.622	34.002
  423 --   424	32.711	1.469	1.824	30.619	32.791	34.839
  424 --   425	33.516	1.535	1.906	31.192	33.564	35.622
  425 --   426	33.492	1.525	1.893	31.442	32.924	35.482
  426 --   427	33.307	1.162	1.443	31.998	33.192	34.852
  427 --   428	32.530	1.104	1.371	31.204	32.852	34.069
  428 --   429	32.159	0.771	0.957	31.058	31.976	33.401
  429 --   430	31.961	1.848	2.294	29.610	31.359	34.433
  430 --   431	32.925	1.601	1.988	30.364	32.628	34.683
  431 --   432	33.048	0.887	1.102	32.210	32.670	34.667
  432 --   433	32.915	1.028	1.277	31.691	32.720	34.485
  433 --   434	31.903	1.242	1.542	30.524	31.387	33.953
  434 --   435	31.125	1.170	1.453	29.502	30.994	33.043
  435 --   436	31.099	1.086	1.348	29.792	30.478	32.443
  436 --   437	31.764	0.760	0.944	30.868	31.554	32.929
  437 --   438	32.851	1.166	1.448	30.743	32.971	34.221
  438 --   439	33.123	1.302	1.616	30.690	33.304	34.272
  439 --   440	33.274	0.427	0.530	32.521	33.388	33.691
  440 --   441	33.174	0.510	0.633	32.540	33.128	34.016
  441 --   442	32.666	1.050	1.304	31.384	33.116	33.943
  442 --   443	32.138	1.448	1.798	30.610	31.582	34.513
  443 --   444	31.626	1.731	2.149	29.991	31.065	34.721
  444 --   445	30.779	2.212	2.747	28.636	29.860	34.918
  445 --   446	31.213	1.901	2.360	28.803	30.589	34.481
  446 --   447	31.520	1.410	1.751	29.178	31.609	33.087
  447 --   448	32.215	2.123	2.636	29.407	31.764	35.801
  448 --   449	32.428	1.800	2.235	30.636	31.760	35.752
  449 --   450	32.723	1.861	2.311	30.302	31.927	35.209
  450 --   451	32.567	1.610	1.999	29.843	32.574	34.703
  451 --   452	32.342	2.038	2.530	28.457	33.033	34.428
  452 --   453	32.772	2.839	3.525	28.353	32.333	36.741
  453 --   454	33.157	3.417	4.242	29.203	31.256	38.564
  454 --   455	33.827	2.829	3.513	31.159	32.590	38.288
  455 --   456	34.425	2.131	2.645	31.978	33.169	37.260
  456 --   457	34.148	2.220	2.757	31.978	33.169	37.593
  457 --   458	34.169	2.257	2.803	30.995	33.976	37.593
  458 --   459	32.873	2.184	2.711	29.869	33.385	35.815
  459 --   460	31.908	1.999	2.482	29.213	32.580	34.351
  460 --   461	31.362	2.322	2.883	28.392	31.439	34.351
  461 --   462	31.290	1.943	2.413	28.997	30.616	33.708
  462 --   463	31.619	1.300	1.614	30.030	31.445	33.458
  463 --   464	32.904	2.123	2.635	30.570	31.718	35.778
  464 --   465	33.204	2.083	2.586	30.174	32.896	35.582
  465 --   466	32.997	1.639	2.035	30.491	32.829	35.458
  466 --   467	33.184	1.463	1.816	31.406	32.988	35.167
  467 --   468	32.458	1.997	2.480	29.616	32.158	35.778
  468 --   469	32.188	2.090	2.595	28.609	32.519	35.020
  469 --   470	32.068	1.811	2.248	29.123	31.845	34.158
  470 --   471	32.880	0.927	1.151	31.649	32.504	34.158
  471 --   472	33.228	1.154	1.433	31.875	33.036	35.283
  472 --   473	33.492	1.599	1.986	31.480	33.440	35.910
  473 --   474	33.418	1.260	1.565	31.620	33.440	35.045
  474 --   475	33.201	1.461	1.814	30.354	33.662	34.428
  475 --   476	33.105	1.926	2.392	29.565	33.439	35.440
  476 --   477	32.537	2.081	2.585	29.001	32.675	35.440
  477 --   478	32.229	1.421	1.765	31.182	31.838	35.001
  478 --   479	31.759	1.507	1.871	29.477	32.593	33.271
  479 --   480	31.508	1.559	1.936	29.477	31.220	33.937
  480 --   481	31.455	1.428	1.774	29.477	31.220	33.911
  481 --   482	32.139	1.195	1.484	29.810	32.544	33.220
  482 --   483	31.855	1.002	1.245	30.775	31.610	33.220
  483 --   484	32.095	1.356	1.684	30.892	31.268	34.304
  484 --   485	32.437	1.738	2.159	29.410	32.477	34.443
  485 --   486	33.482	2.273	2.822	30.097	34.625	35.735
  486 --   487	33.173	2.823	3.505	28.885	34.102	36.441
  487 --   488	32.456	2.335	2.899	28.829	32.732	36.031
  488 --   489	31.982	1.775	2.204	28.829	32.384	34.201
  489 --   490	31.755	2.045	2.539	28.829	31.672	35.135
  490 --   491	31.531	1.578	1.959	29.329	31.672	33.971
  491 --   492	31.805	1.417	1.759	29.329	32.029	33.702
  492 --   493	32.431	1.721	2.137	29.975	32.255	34.461
  493 --   494	32.471	1.491	1.852	30.621	32.380	34.209
  494 --   495	32.743	1.275	1.583	30.829	33.004	34.230
  495 --   496	32.932	1.575	1.956	31.037	33.048	35.672
  496 --   497	32.741	1.515	1.881	31.246	32.340	35.500
  497 --   498	32.212	0.757	0.940	30.913	32.377	33.061
  498 --   499	31.736	1.133	1.407	30.171	31.311	33.323
  499 --   500	31.435	1.891	2.348	28.472	31.793	34.323
  500 --   501	31.743	1.693	2.102	29.638	31.834	34.271
  501 --   502	31.986	1.698	2.108	29.018	32.084	33.793
  502 --   503	32.404	1.990	2.470	28.950	33.597	34.242
  503 --   504	32.467	2.531	3.142	28.950	32.334	36.242
  504 --   505	32.045	3.082	3.827	29.408	29.681	36.242
  505 --   506	32.534	2.892	3.592	29.780	30.952	36.242
  506 --   507	32.725	2.070	2.571	30.158	31.681	35.745
  507 --   508	32.559	1.428	1.773	30.325	33.014	33.977
  508 --   509	32.311	1.057	1.312	30.880	31.861	33.553
  509 --   510	32.017	0.615	0.764	31.158	31.863	32.780
  510 --   511	31.660	0.490	0.609	30.744	31.771	32.113
  511 --   512	31.864	1.176	1.460	30.415	32.040	33.635
  512 --   513	31.995	2.471	3.068	28.846	32.821	35.635
  513 --   514	32.365	2.614	3.246	28.268	33.432	35.545
  514 --   515	32.701	2.302	2.859	28.810	33.925	35.271
  515 --   516	32.818	1.975	2.452	29.060	33.438	34.905
  516 --   517	32.994	2.327	2.889	29.060	32.669	35.391
  517 --   518	32.402	2.356	2.925	29.435	31.210	35.530
  518 --   519	32.066	2.295	2.849	29.643	31.376	35.571
  519 --   520	32.300	2.512	3.119	29.914	31.751	36.655
  520 --   521	31.392	2.528	3.139	27.559	31.831	35.064
  521 --   522	31.375	2.694	3.345	27.017	30.975	35.016
  522 --   523	31.277	2.640	3.278	26.754	31.658	33.960
  523 --   524	32.502	2.930	3.638	27.369	32.544	36.251
  524 --   525	33.222	2.574	3.197	28.754	34.070	36.258
  525 --   526	33.700	2.456	3.050	28.921	34.320	35.776
  526 --   527	33.336	1.791	2.224	30.004	33.828	35.079
  527 --   528	32.985	1.059	1.315	31.518	32.791	34.820
  528 --   529	33.368	1.287	1.598	31.850	33.030	34.987
  529 --   530	33.603	2.129	2.644	30.792	33.015	36.070
  530 --   531	34.235	3.402	4.224	30.239	32.563	40.004
  531 --   532	34.329	3.569	4.431	30.295	33.040	40.754
  532 --   533	34.241	3.583	4.449	29.137	34.119	40.256
  533 --   534	34.446	3.110	3.861	30.371	34.048	39.395
  534 --   535	34.526	1.971	2.447	31.760	35.017	37.384
  535 --   536	34.089	1.661	2.063	31.760	34.312	36.671
  536 --   537	33.668	1.105	1.372	32.667	33.333	35.670
  537 --   538	33.398	1.450	1.801	31.961	32.559	35.670
  538 --   539	33.163	2.108	2.618	30.683	31.961	35.750
  539 --   540	32.458	2.323	2.885	29.224	32.121	35.319
  540 --   541	31.420	2.007	2.492	28.239	32.788	33.325
  541 --   542	31.029	1.814	2.252	28.351	32.103	32.765
  542 --   543	30.527	1.307	1.623	28.909	31.302	31.961
  543 --   544	30.688	1.316	1.635	29.237	30.379	32.909
  544 --   545	31.681	1.594	1.980	29.580	31.677	33.961
  545 --   546	32.254	1.089	1.352	30.728	32.510	33.566
  546 --   547	32.539	0.434	0.539	31.857	32.513	33.191
  547 --   548	32.109	1.576	1.956	29.845	32.310	34.219
  548 --   549	32.302	2.195	2.725	29.642	31.845	35.094
  549 --   550	32.706	3.150	3.911	29.232	31.059	36.746
  550 --   551	32.684	3.277	4.069	29.419	31.059	37.228
  551 --   552	32.429	2.579	3.202	29.067	31.476	36.609
  552 --   553	32.736	1.764	2.190	29.650	33.005	35.125
  553 --   554	32.427	1.459	1.811	30.150	32.867	34.469
  554 --   555	32.743	1.160	1.441	30.900	33.322	33.809
  555 --   556	32.951	1.254	1.557	30.998	33.192	34.712
  556 --   557	33.329	1.981	2.459	29.709	33.509	35.189
  557 --   558	33.154	1.969	2.445	30.046	32.805	35.361
  558 --   559	32.906	1.870	2.322	30.054	32.884	35.382
  559 --   560	32.029	2.158	2.679	28.670	32.334	35.147
  560 --   561	31.060	1.733	2.152	29.024	30.896	33.604
  561 --   562	30.779	1.435	1.781	29.011	30.599	33.390
  562 --   563	31.006	1.588	1.971	28.918	30.670	33.041
  563 --   564	31.094	1.474	1.830	29.402	30.654	33.041
  564 --   565	32.195	2.086	2.591	29.980	31.668	34.999
  565 --   566	32.807	2.357	2.927	28.303	33.600	35.040
  566 --   567	32.909	2.614	3.245	27.782	34.151	34.918
  567 --   568	31.900	2.869	3.562	26.372	32.601	34.627
  568 --   569	30.977	2.837	3.522	25.564	31.750	33.784
  569 --   570	30.398	2.355	2.924	25.751	31.290	32.254
  570 --   571	30.920	2.138	2.654	27.314	31.472	33.701
  571 --   572	31.520	2.378	2.952	27.564	31.625	34.555
  572 --   573	31.535	1.376	1.709	29.564	31.183	33.623
  573 --   574	32.170	1.852	2.300	29.364	32.483	34.790
  574 --   575	32.413	2.527	3.137	28.341	32.682	35.290
  575 --   576	32.242	2.734	3.395	27.451	32.265	35.255
  576 --   577	31.880	2.871	3.565	26.759	32.974	34.909
  577 --   578	30.866	2.706	3.359	26.061	32.005	33.721
  578 --   579	30.233	2.150	2.669	26.797	30.016	32.994
  579 --   580	30.527	1.412	1.753	28.136	30.941	32.114
  580 --   581	31.656	1.085	1.347	29.727	32.187	32.818
  581 --   582	32.038	1.551	1.925	29.712	32.573	33.691
  582 --   583	32.488	1.812	2.250	29.605	32.543	34.816
  583 --   584	31.774	2.308	2.866	28.532	31.555	34.941
  584 --   585	30.798	2.452	3.045	27.338	30.311	34.940
  585 --   586	30.355	2.545	3.160	26.529	30.354	34.435
  586 --   587	29.870	2.739	3.401	25.759	29.023	33.376
  587 --   588	30.191	2.405	2.987	25.945	31.516	32.733
  588 --   589	30.682	1.979	2.457	27.153	31.137	33.023
  589 --   590	31.709	1.885	2.340	28.486	31.948	34.065
  590 --   591	32.979	1.534	1.905	31.153	32.324	34.979
  591 --   592	32.882	1.581	1.963	30.962	33.136	34.607
  592 --   593	32.387	1.280	1.589	30.864	32.978	34.053
  593 --   594	32.287	0.954	1.185	30.511	32.451	33.307
  594 --   595	31.148	1.147	1.424	30.064	30.505	32.832
  595 --   596	30.279	1.349	1.676	28.299	31.175	31.505
  596 --   597	30.532	1.870	2.322	28.317	30.528	33.838
  597 --   598	31.121	2.141	2.658	28.529	30.442	34.505
  598 --   599	31.542	1.806	2.243	29.113	30.831	34.437
  599 --   600	32.228	1.813	2.252	29.279	32.134	34.418
    0 --   600	28.754	1.361	1.690	26.939	28.207	30.777