Interval	Avg	Std	CI=0.95	Min	Median	Max
    0 --     1	0.003	0.001	0.001	0.002	0.003	0.004
    1 --     2	0.004	0.000	0.000	0.003	0.004	0.004
    2 --     3	0.004	0.001	0.001	0.003	0.004	0.005
    3 --     4	0.005	0.001	0.001	0.004	0.004	0.006
    4 --     5	0.005	0.001	0.001	0.004	0.005	0.007
    5 --     6	0.005	0.002	0.002	0.003	0.004	0.008
    6 --     7	0.004	0.001	0.002	0.003	0.003	0.006
    7 --     8	0.004	0.001	0.001	0.003	0.004	0.006
    8 --     9	0.005	0.002	0.003	0.003	0.004	0.008
    9 --    10	0.005	0.001	0.001	0.004	0.004	0.006
   10 --    11	0.005	0.001	0.002	0.003	0.004	0.007
   11 --    12	0.005	0.002	0.002	0.002	0.005	0.007
   12 --    13	0.004	0.001	0.001	0.003	0.004	0.005
   13 --    14	0.004	0.001	0.001	0.003	0.004	0.006
   14 --    15	0.004	0.002	0.002	0.003	0.003	0.007
   15 --    16	0.004	0.001	0.002	0.003	0.004	0.007
   16 --    17	0.004	0.001	0.002	0.003	0.004	0.007
   17 --    18	0.004	0.001	0.002	0.003	0.004	0.007
   18 --    19	0.004	0.001	0.001	0.003	0.004	0.005
   19 --    20	0.005	0.002	0.003	0.002	0.004	0.009
   20 --    21	0.004	0.001	0.001	0.003	0.004	0.005
   21 --    22	0.004	0.001	0.001	0.003	0.003	0.004
   22 --    23	0.004	0.000	0.001	0.003	0.003	0.004
   23 --    24	0.004	0.001	0.001	0.003	0.004	0.004
   24 --    25	0.004	0.001	0.001	0.003	0.003	0.004
   25 --    26	0.004	0.000	0.000	0.003	0.004	0.004
   26 --    27	0.004	0.002	0.002	0.003	0.004	0.007
   27 --    28	0.005	0.002	0.002	0.003	0.004	0.007
   28 --    29	0.005	0.001	0.002	0.003	0.004	0.007
   29 --    30	0.004	0.001	0.001	0.003	0.004	0.005
   30 --    31	0.004	0.001	0.001	0.004	0.004	0.005
   31 --    32	0.004	0.000	0.000	0.003	0.004	0.004
   32 --    33	0.005	0.001	0.001	0.004	0.004	0.006
   33 --    34	0.004	0.001	0.001	0.003	0.003	0.005
   34 --    35	0.004	0.001	0.002	0.003	0.003	0.006
   35 --    36	0.005	0.001	0.002	0.003	0.004	0.007
   36 --    37	0.004	0.001	0.001	0.003	0.005	0.005
   37 --    38	0.004	0.001	0.002	0.003	0.004	0.007
   38 --    39	0.005	0.002	0.003	0.002	0.004	0.009
   39 --    40	0.004	0.001	0.001	0.003	0.004	0.005
   40 --    41	0.004	0.001	0.001	0.003	0.004	0.005
   41 --    42	0.003	0.001	0.001	0.003	0.003	0.005
   42 --    43	0.004	0.001	0.001	0.003	0.004	0.006
   43 --    44	0.005	0.001	0.001	0.004	0.005	0.006
   44 --    45	0.004	0.001	0.001	0.003	0.003	0.006
   45 --    46	0.004	0.001	0.001	0.003	0.004	0.005
   46 --    47	0.004	0.001	0.001	0.003	0.003	0.005
   47 --    48	0.004	0.001	0.001	0.003	0.003	0.006
   48 --    49	0.004	0.001	0.001	0.003	0.004	0.006
   49 --    50	0.004	0.001	0.001	0.004	0.004	0.006
   50 --    51	0.004	0.000	0.001	0.003	0.004	0.004
   51 --    52	0.004	0.000	0.001	0.003	0.004	0.004
   52 --    53	0.004	0.001	0.001	0.003	0.003	0.005
   53 --    54	0.004	0.001	0.001	0.003	0.003	0.005
   54 --    55	0.004	0.001	0.001	0.003	0.004	0.006
   55 --    56	0.003	0.001	0.001	0.003	0.003	0.004
   56 --    57	0.004	0.000	0.000	0.003	0.004	0.004
   57 --    58	0.004	0.001	0.001	0.003	0.003	0.006
   58 --    59	0.004	0.001	0.001	0.003	0.004	0.005
   59 --    60	0.004	0.001	0.001	0.003	0.004	0.006
   60 --    61	0.004	0.001	0.001	0.003	0.005	0.006
   61 --    62	0.004	0.000	0.000	0.004	0.004	0.004
   62 --    63	0.004	0.001	0.001	0.003	0.004	0.005
   63 --    64	0.004	0.001	0.001	0.003	0.004	0.005
   64 --    65	0.004	0.001	0.001	0.003	0.004	0.005
   65 --    66	0.004	0.001	0.001	0.003	0.004	0.005
   66 --    67	0.004	0.002	0.002	0.003	0.003	0.007
   67 --    68	0.005	0.001	0.001	0.003	0.005	0.006
   68 --    69	0.004	0.002	0.003	0.003	0.003	0.009
   69 --    70	0.004	0.001	0.001	0.003	0.004	0.005
   70 --    71	0.003	0.001	0.001	0.003	0.003	0.004
   71 --    72	0.004	0.000	0.001	0.003	0.004	0.004
   72 --    73	0.004	0.001	0.001	0.002	0.004	0.006
   73 --    74	0.004	0.000	0.001	0.003	0.004	0.004
   74 --    75	0.004	0.001	0.002	0.003	0.004	0.007
   75 --    76	0.003	0.000	0.001	0.002	0.003	0.004
   76 --    77	0.004	0.001	0.001	0.003	0.004	0.004
   77 --    78	0.004	0.001	0.001	0.003	0.004	0.006
   78 --    79	0.004	0.001	0.002	0.003	0.003	0.006
   79 --    80	0.004	0.001	0.002	0.003	0.003	0.006
   80 --    81	0.004	0.001	0.001	0.003	0.003	0.006
   81 --    82	0.003	0.001	0.001	0.002	0.003	0.004
   82 --    83	0.004	0.001	0.001	0.002	0.004	0.005
   83 --    84	0.004	0.002	0.002	0.003	0.003	0.007
   84 --    85	0.004	0.001	0.002	0.002	0.003	0.006
   85 --    86	0.004	0.001	0.001	0.002	0.004	0.005
   86 --    87	0.004	0.001	0.001	0.003	0.004	0.005
   87 --    88	0.004	0.001	0.002	0.002	0.003	0.006
   88 --    89	0.004	0.001	0.001	0.003	0.003	0.005
   89 --    90	0.004	0.001	0.001	0.003	0.003	0.006
   90 --    91	0.004	0.001	0.001	0.003	0.004	0.005
   91 --    92	0.004	0.001	0.001	0.003	0.004	0.006
   92 --    93	0.004	0.002	0.002	0.002	0.003	0.007
   93 --    94	0.004	0.001	0.001	0.003	0.004	0.006
   94 --    95	0.004	0.002	0.003	0.003	0.003	0.009
   95 --    96	0.004	0.001	0.001	0.003	0.004	0.004
   96 --    97	0.004	0.001	0.001	0.003	0.003	0.005
   97 --    98	0.004	0.001	0.001	0.003	0.004	0.005
   98 --    99	0.003	0.001	0.001	0.003	0.003	0.005
   99 --   100	0.004	0.001	0.001	0.003	0.004	0.005
  100 --   101	0.004	0.001	0.001	0.002	0.004	0.006
  101 --   102	0.004	0.001	0.001	0.003	0.004	0.004
  102 --   103	0.004	0.001	0.002	0.002	0.003	0.005
  103 --   104	0.004	0.000	0.001	0.003	0.004	0.004
  104 --   105	0.004	0.001	0.002	0.003	0.004	0.006
  105 --   106	0.004	0.001	0.002	0.003	0.004	0.006
  106 --   107	0.004	0.001	0.001	0.003	0.003	0.006
  107 --   108	0.003	0.001	0.001	0.002	0.003	0.005
  108 --   109	0.004	0.000	0.001	0.003	0.004	0.004
  109 --   110	0.004	0.001	0.002	0.003	0.003	0.006
  110 --   111	0.003	0.001	0.001	0.002	0.003	0.005
  111 --   112	0.004	0.000	0.001	0.003	0.004	0.004
  112 --   113	0.004	0.001	0.001	0.003	0.003	0.005
  113 --   114	0.003	0.001	0.001	0.003	0.004	0.004
  114 --   115	0.004	0.001	0.001	0.003	0.004	0.006
  115 --   116	0.004	0.001	0.002	0.003	0.003	0.006
  116 --   117	0.004	0.001	0.001	0.002	0.004	0.005
  117 --   118	0.004	0.001	0.001	0.003	0.004	0.006
  118 --   119	0.003	0.001	0.001	0.002	0.003	0.004
  119 --   120	0.004	0.001	0.001	0.003	0.004	0.006
  120 --   121	0.004	0.001	0.001	0.003	0.003	0.006
  121 --   122	0.004	0.001	0.001	0.003	0.003	0.005
  122 --   123	0.004	0.001	0.002	0.003	0.003	0.006
  123 --   124	0.004	0.000	0.000	0.003	0.004	0.004
  124 --   125	0.003	0.000	0.000	0.003	0.003	0.004
  125 --   126	0.004	0.001	0.001	0.003	0.004	0.006
  126 --   127	0.004	0.001	0.001	0.002	0.004	0.005
  127 --   128	0.004	0.001	0.001	0.003	0.004	0.005
  128 --   129	0.004	0.001	0.001	0.003	0.004	0.005
  129 --   130	0.004	0.002	0.002	0.003	0.003	0.007
  130 --   131	0.004	0.001	0.002	0.003	0.003	0.006
  131 --   132	0.004	0.001	0.001	0.003	0.004	0.004
  132 --   133	0.004	0.001	0.001	0.003	0.003	0.005
  133 --   134	0.004	0.001	0.001	0.003	0.004	0.005
  134 --   135	0.004	0.001	0.001	0.003	0.004	0.005
  135 --   136	0.004	0.001	0.001	0.003	0.003	0.006
  136 --   137	0.004	0.002	0.003	0.003	0.003	0.009
  137 --   138	0.004	0.001	0.001	0.003	0.004	0.006
  138 --   139	0.003	0.001	0.001	0.002	0.003	0.005
  139 --   140	0.004	0.001	0.001	0.002	0.004	0.004
  140 --   141	0.003	0.000	0.000	0.003	0.003	0.003
  141 --   142	0.003	0.001	0.001	0.002	0.003	0.004
  142 --   143	0.004	0.001	0.001	0.003	0.003	0.005
  143 --   144	0.004	0.001	0.001	0.003	0.005	0.005
  144 --   145	0.003	0.001	0.001	0.003	0.003	0.005
  145 --   146	0.004	0.001	0.001	0.002	0.003	0.006
  146 --   147	0.004	0.001	0.001	0.003	0.004	0.005
  147 --   148	0.004	0.000	0.000	0.003	0.004	0.004
  148 --   149	0.004	0.001	0.001	0.003	0.003	0.006
  149 --   150	0.004	0.001	0.001	0.003	0.003	0.005
  150 --   151	0.004	0.001	0.001	0.003	0.004	0.005
  151 --   152	0.004	0.001	0.001	0.003	0.003	0.005
  152 --   153	0.004	0.001	0.002	0.003	0.004	0.006
  153 --   154	0.003	0.001	0.001	0.003	0.003	0.004
  154 --   155	0.004	0.001	0.002	0.003	0.004	0.007
  155 --   156	0.004	0.001	0.001	0.003	0.004	0.005
  156 --   157	0.004	0.000	0.000	0.003	0.004	0.004
  157 --   158	0.004	0.001	0.001	0.003	0.004	0.006
  158 --   159	0.003	0.001	0.001	0.003	0.003	0.004
  159 --   160	0.003	0.000	0.001	0.003	0.003	0.004
  160 --   161	0.004	0.001	0.001	0.003	0.004	0.005
  161 --   162	0.004	0.001	0.001	0.004	0.004	0.005
  162 --   163	0.004	0.001	0.001	0.003	0.003	0.006
  163 --   164	0.004	0.001	0.001	0.003	0.004	0.005
  164 --   165	0.004	0.001	0.002	0.003	0.003	0.006
  165 --   166	0.004	0.001	0.001	0.003	0.003	0.005
  166 --   167	0.004	0.001	0.001	0.003	0.004	0.006
  167 --   168	0.003	0.000	0.000	0.003	0.003	0.004
  168 --   169	0.003	0.001	0.001	0.003	0.003	0.004
  169 --   170	0.004	0.001	0.001	0.003	0.004	0.004
  170 --   171	0.003	0.000	0.000	0.003	0.004	0.004
  171 --   172	0.003	0.001	0.001	0.002	0.003	0.005
  172 --   173	0.004	0.001	0.001	0.003	0.004	0.006
  173 --   174	0.003	0.001	0.001	0.002	0.003	0.006
  174 --   175	0.004	0.001	0.001	0.003	0.004	0.006
  175 --   176	0.004	0.001	0.001	0.003	0.004	0.005
  176 --   177	0.003	0.000	0.001	0.002	0.004	0.004
  177 --   178	0.004	0.001	0.001	0.003	0.004	0.005
  178 --   179	0.004	0.001	0.002	0.002	0.004	0.006
  179 --   180	0.004	0.001	0.001	0.002	0.004	0.005
  180 --   181	0.004	0.001	0.001	0.003	0.004	0.006
  181 --   182	0.004	0.000	0.000	0.003	0.003	0.004
  182 --   183	0.003	0.001	0.001	0.002	0.003	0.004
  183 --   184	0.004	0.001	0.001	0.002	0.004	0.004
  184 --   185	0.004	0.001	0.001	0.003	0.003	0.005
  185 --   186	0.004	0.001	0.001	0.003	0.004	0.006
  186 --   187	0.004	0.001	0.001	0.002	0.004	0.006
  187 --   188	0.003	0.000	0.001	0.003	0.003	0.004
  188 --   189	0.004	0.001	0.001	0.002	0.004	0.005
  189 --   190	0.004	0.001	0.001	0.002	0.004	0.004
  190 --   191	0.003	0.000	0.000	0.003	0.003	0.004
  191 --   192	0.004	0.000	0.001	0.003	0.004	0.004
  192 --   193	0.004	0.001	0.001	0.003	0.004	0.006
  193 --   194	0.004	0.001	0.001	0.002	0.004	0.005
  194 --   195	0.003	0.001	0.001	0.003	0.004	0.004
  195 --   196	0.003	0.001	0.001	0.003	0.003	0.004
  196 --   197	0.003	0.000	0.001	0.003	0.003	0.004
  197 --   198	0.003	0.000	0.001	0.003	0.004	0.004
  198 --   199	0.004	0.001	0.001	0.003	0.003	0.004
  199 --   200	0.004	0.001	0.001	0.003	0.004	0.005
  200 --   201	0.004	0.001	0.001	0.003	0.004	0.005
  201 --   202	0.004	0.000	0.000	0.003	0.003	0.004
  202 --   203	0.003	0.001	0.001	0.003	0.003	0.005
  203 --   204	0.004	0.001	0.001	0.003	0.004	0.005
  204 --   205	0.004	0.001	0.001	0.003	0.003	0.006
  205 --   206	0.004	0.001	0.001	0.003	0.003	0.005
  206 --   207	0.004	0.001	0.001	0.003	0.004	0.005
  207 --   208	0.004	0.000	0.000	0.003	0.004	0.004
  208 --   209	0.004	0.000	0.000	0.003	0.004	0.004
  209 --   210	0.004	0.001	0.001	0.003	0.004	0.006
  210 --   211	0.003	0.000	0.001	0.003	0.003	0.004
  211 --   212	0.003	0.001	0.001	0.003	0.003	0.004
  212 --   213	0.004	0.001	0.001	0.003	0.004	0.005
  213 --   214	0.004	0.000	0.000	0.004	0.004	0.005
  214 --   215	0.004	0.000	0.000	0.003	0.004	0.004
  215 --   216	0.004	0.001	0.001	0.002	0.004	0.005
  216 --   217	0.004	0.001	0.001	0.003	0.004	0.005
  217 --   218	0.004	0.000	0.000	0.003	0.004	0.004
  218 --   219	0.004	0.001	0.001	0.003	0.004	0.005
  219 --   220	0.004	0.000	0.000	0.004	0.004	0.004
  220 --   221	0.004	0.001	0.001	0.003	0.004	0.005
  221 --   222	0.004	0.001	0.001	0.003	0.004	0.006
  222 --   223	0.004	0.001	0.001	0.003	0.003	0.005
  223 --   224	0.004	0.001	0.001	0.003	0.004	0.005
  224 --   225	0.004	0.001	0.001	0.003	0.004	0.006
  225 --   226	0.004	0.001	0.001	0.003	0.004	0.005
  226 --   227	0.004	0.001	0.001	0.003	0.003	0.005
  227 --   228	0.005	0.001	0.001	0.004	0.004	0.007
  228 --   229	0.004	0.001	0.001	0.003	0.004	0.006
  229 --   230	0.003	0.001	0.001	0.003	0.003	0.004
  230 --   231	0.005	0.002	0.002	0.003	0.004	0.008
  231 --   232	0.004	0.001	0.001	0.003	0.004	0.005
  232 --   233	0.004	0.001	0.001	0.003	0.003	0.006
  233 --   234	0.004	0.001	0.001	0.003	0.004	0.005
  234 --   235	0.004	0.000	0.000	0.003	0.004	0.005
  235 --   236	0.004	0.001	0.001	0.003	0.004	0.005
  236 --   237	0.004	0.000	0.001	0.003	0.004	0.005
  237 --   238	0.004	0.001	0.002	0.003	0.003	0.006
  238 --   239	0.005	0.001	0.001	0.003	0.004	0.007
  239 --   240	0.004	0.001	0.001	0.003	0.004	0.005
  240 --   241	0.004	0.000	0.000	0.003	0.004	0.004
  241 --   242	0.004	0.000	0.000	0.004	0.004	0.004
  242 --   243	0.004	0.001	0.001	0.003	0.004	0.006
  243 --   244	0.004	0.001	0.001	0.003	0.004	0.005
  244 --   245	0.004	0.001	0.001	0.003	0.004	0.006
  245 --   246	0.004	0.001	0.001	0.003	0.004	0.005
  246 --   247	0.003	0.000	0.000	0.003	0.003	0.004
  247 --   248	0.004	0.001	0.001	0.003	0.004	0.005
  248 --   249	0.003	0.000	0.001	0.003	0.003	0.004
  249 --   250	0.004	0.001	0.001	0.003	0.003	0.005
  250 --   251	0.004	0.001	0.001	0.003	0.005	0.005
  251 --   252	0.004	0.000	0.000	0.004	0.004	0.005
  252 --   253	0.004	0.001	0.001	0.003	0.004	0.005
  253 --   254	0.004	0.000	0.000	0.003	0.004	0.004
  254 --   255	0.004	0.001	0.001	0.003	0.004	0.005
  255 --   256	0.004	0.001	0.001	0.003	0.003	0.005
  256 --   257	0.004	0.001	0.001	0.003	0.003	0.006
  257 --   258	0.003	0.000	0.000	0.003	0.004	0.004
  258 --   259	0.003	0.000	0.000	0.003	0.003	0.004
  259 --   260	0.004	0.001	0.001	0.003	0.004	0.005
  260 --   261	0.004	0.000	0.000	0.003	0.003	0.004
  261 --   262	0.004	0.001	0.001	0.003	0.004	0.005
  262 --   263	0.004	0.001	0.001	0.003	0.004	0.005
  263 --   264	0.004	0.001	0.001	0.003	0.004	0.005
  264 --   265	0.004	0.001	0.001	0.003	0.004	0.005
  265 --   266	0.004	0.000	0.000	0.003	0.004	0.004
  266 --   267	0.003	0.000	0.001	0.003	0.003	0.004
  267 --   268	0.005	0.001	0.002	0.004	0.004	0.007
  268 --   269	0.004	0.001	0.001	0.003	0.003	0.005
  269 --   270	0.004	0.001	0.001	0.003	0.003	0.006
  270 --   271	0.004	0.001	0.001	0.003	0.004	0.005
  271 --   272	0.004	0.001	0.001	0.003	0.004	0.005
  272 --   273	0.004	0.001	0.001	0.003	0.004	0.007
  273 --   274	0.004	0.000	0.000	0.004	0.004	0.004
  274 --   275	0.004	0.001	0.001	0.003	0.004	0.006
  275 --   276	0.004	0.001	0.001	0.003	0.003	0.005
  276 --   277	0.004	0.001	0.001	0.003	0.004	0.004
  277 --   278	0.003	0.001	0.001	0.003	0.003	0.005
  278 --   279	0.004	0.001	0.002	0.003	0.003	0.007
  279 --   280	0.004	0.001	0.001	0.004	0.004	0.006
  280 --   281	0.004	0.001	0.002	0.003	0.004	0.007
  281 --   282	0.004	0.001	0.001	0.003	0.004	0.005
  282 --   283	0.004	0.002	0.002	0.003	0.004	0.007
  283 --   284	0.003	0.001	0.001	0.003	0.003	0.004
  284 --   285	0.004	0.001	0.001	0.003	0.003	0.006
  285 --   286	0.004	0.001	0.002	0.003	0.004	0.007
  286 --   287	0.004	0.000	0.001	0.003	0.004	0.004
  287 --   288	0.005	0.001	0.002	0.003	0.004	0.006
  288 --   289	0.004	0.001	0.002	0.003	0.004	0.007
  289 --   290	0.004	0.001	0.001	0.004	0.004	0.006
  290 --   291	0.005	0.002	0.003	0.003	0.004	0.009
  291 --   292	0.004	0.001	0.001	0.003	0.004	0.005
  292 --   293	0.004	0.001	0.002	0.003	0.004	0.007
  293 --   294	0.004	0.001	0.002	0.003	0.004	0.007
  294 --   295	0.004	0.001	0.001	0.003	0.004	0.005
  295 --   296	0.004	0.001	0.001	0.003	0.004	0.006
  296 --   297	0.004	0.001	0.001	0.003	0.004	0.005
  297 --   298	0.005	0.001	0.002	0.003	0.004	0.006
  298 --   299	0.004	0.001	0.001	0.003	0.004	0.005
  299 --   300	0.004	0.001	0.001	0.004	0.004	0.007
  300 --   301	0.004	0.001	0.001	0.003	0.004	0.006
  301 --   302	0.004	0.000	0.001	0.003	0.004	0.005
  302 --   303	0.005	0.002	0.002	0.003	0.004	0.008
  303 --   304	0.004	0.001	0.001	0.003	0.004	0.005
  304 --   305	0.004	0.001	0.001	0.003	0.004	0.005
  305 --   306	0.004	0.001	0.002	0.003	0.004	0.007
  306 --   307	0.004	0.001	0.001	0.003	0.004	0.005
  307 --   308	0.005	0.001	0.001	0.003	0.004	0.006
  308 --   309	0.005	0.001	0.001	0.004	0.004	0.006
  309 --   310	0.004	0.001	0.001	0.003	0.004	0.006
  310 --   311	0.005	0.002	0.002	0.003	0.004	0.008
  311 --   312	0.005	0.001	0.001	0.003	0.005	0.006
  312 --   313	0.004	0.001	0.002	0.003	0.004	0.007
  313 --   314	0.005	0.002	0.002	0.003	0.004	0.008
  314 --   315	0.004	0.001	0.001	0.003	0.004	0.005
  315 --   316	0.005	0.002	0.003	0.003	0.005	0.009
  316 --   317	0.005	0.002	0.003	0.003	0.004	0.010
  317 --   318	0.004	0.002	0.003	0.002	0.004	0.008
  318 --   319	0.004	0.001	0.001	0.003	0.004	0.006
  319 --   320	0.004	0.001	0.001	0.003	0.004	0.005
  320 --   321	0.004	0.002	0.002	0.002	0.004	0.008
  321 --   322	0.004	0.000	0.000	0.003	0.004	0.004
  322 --   323	0.004	0.001	0.001	0.003	0.004	0.006
  323 --   324	0.004	0.001	0.001	0.003	0.003	0.005
  324 --   325	0.004	0.001	0.001	0.003	0.004	0.005
  325 --   326	0.004	0.001	0.002	0.003	0.004	0.007
  326 --   327	0.004	0.001	0.001	0.003	0.004	0.005
  327 --   328	0.004	0.001	0.001	0.003	0.004	0.006
  328 --   329	0.004	0.000	0.001	0.003	0.004	0.004
  329 --   330	0.004	0.001	0.001	0.003	0.004	0.006
  330 --   331	0.005	0.002	0.002	0.003	0.004	0.008
  331 --   332	0.004	0.002	0.002	0.003	0.004	0.008
  332 --   333	0.005	0.002	0.003	0.003	0.003	0.008
  333 --   334	0.004	0.001	0.001	0.004	0.004	0.006
  334 --   335	0.004	0.001	0.001	0.003	0.005	0.005
  335 --   336	0.005	0.002	0.003	0.003	0.004	0.009
  336 --   337	0.005	0.001	0.001	0.004	0.005	0.006
  337 --   338	0.005	0.002	0.003	0.004	0.004	0.010
  338 --   339	0.004	0.001	0.001	0.002	0.004	0.005
  339 --   340	0.004	0.001	0.001	0.003	0.004	0.005
  340 --   341	0.004	0.002	0.002	0.003	0.003	0.008
  341 --   342	0.005	0.002	0.002	0.003	0.004	0.007
  342 --   343	0.004	0.000	0.000	0.003	0.004	0.004
  343 --   344	0.004	0.002	0.002	0.003	0.003	0.008
  344 --   345	0.004	0.001	0.001	0.003	0.003	0.006
  345 --   346	0.005	0.003	0.003	0.003	0.004	0.010
  346 --   347	0.004	0.002	0.002	0.003	0.004	0.008
  347 --   348	0.004	0.001	0.001	0.003	0.003	0.005
  348 --   349	0.004	0.001	0.001	0.003	0.003	0.006
  349 --   350	0.005	0.001	0.001	0.003	0.005	0.006
  350 --   351	0.004	0.001	0.001	0.003	0.004	0.006
  351 --   352	0.004	0.000	0.000	0.003	0.004	0.004
  352 --   353	0.004	0.000	0.001	0.003	0.004	0.004
  353 --   354	0.004	0.002	0.002	0.003	0.004	0.007
  354 --   355	0.004	0.002	0.002	0.003	0.003	0.007
  355 --   356	0.005	0.002	0.002	0.003	0.004	0.007
  356 --   357	0.004	0.001	0.001	0.003	0.004	0.005
  357 --   358	0.005	0.001	0.002	0.003	0.004	0.007
  358 --   359	0.004	0.000	0.001	0.003	0.003	0.004
  359 --   360	0.005	0.001	0.001	0.003	0.004	0.006
  360 --   361	0.004	0.001	0.001	0.003	0.004	0.005
  361 --   362	0.004	0.000	0.001	0.003	0.004	0.004
  362 --   363	0.005	0.001	0.002	0.003	0.004	0.006
  363 --   364	0.005	0.002	0.002	0.004	0.004	0.008
  364 --   365	0.005	0.001	0.002	0.003	0.004	0.007
  365 --   366	0.005	0.002	0.002	0.004	0.005	0.009
  366 --   367	0.005	0.001	0.002	0.003	0.004	0.007
  367 --   368	0.004	0.001	0.001	0.003	0.004	0.006
  368 --   369	0.004	0.001	0.001	0.004	0.004	0.007
  369 --   370	0.004	0.002	0.002	0.003	0.004	0.008
  370 --   371	0.004	0.001	0.002	0.002	0.004	0.006
  371 --   372	0.004	0.000	0.000	0.003	0.004	0.004
  372 --   373	0.004	0.001	0.002	0.003	0.003	0.007
  373 --   374	0.004	0.001	0.001	0.003	0.005	0.005
  374 --   375	0.004	0.001	0.001	0.003	0.004	0.005
  375 --   376	0.004	0.001	0.002	0.003	0.004	0.007
  376 --   377	0.004	0.001	0.001	0.003	0.004	0.004
  377 --   378	0.005	0.001	0.002	0.004	0.005	0.007
  378 --   379	0.004	0.000	0.000	0.003	0.004	0.004
  379 --   380	0.005	0.001	0.002	0.003	0.004	0.007
  380 --   381	0.004	0.001	0.001	0.003	0.004	0.005
  381 --   382	0.004	0.001	0.001	0.003	0.004	0.007
  382 --   383	0.004	0.001	0.001	0.003	0.004	0.006
  383 --   384	0.005	0.002	0.002	0.003	0.004	0.007
  384 --   385	0.004	0.001	0.001	0.003	0.004	0.005
  385 --   386	0.004	0.001	0.002	0.003	0.004	0.007
  386 --   387	0.004	0.001	0.001	0.003	0.004	0.006
  387 --   388	0.004	0.001	0.001	0.003	0.004	0.006
  388 --   389	0.003	0.001	0.001	0.003	0.003	0.004
  389 --   390	0.004	0.001	0.001	0.003	0.004	0.006
  390 --   391	0.004	0.001	0.001	0.003	0.004	0.006
  391 --   392	0.004	0.001	0.001	0.003	0.004	0.005
  392 --   393	0.004	0.001	0.002	0.003	0.004	0.007
  393 --   394	0.004	0.001	0.001	0.004	0.004	0.005
  394 --   395	0.005	0.000	0.001	0.004	0.005	0.005
  395 --   396	0.004	0.001	0.001	0.003	0.003	0.006
  396 --   397	0.004	0.001	0.001	0.003	0.004	0.005
  397 --   398	0.004	0.001	0.001	0.003	0.004	0.006
  398 --   399	0.005	0.001	0.002	0.003	0.004	0.007
  399 --   400	0.004	0.001	0.001	0.003	0.004	0.005
  400 --   401	0.005	0.002	0.002	0.003	0.005	0.008
  401 --   402	0.004	0.001	0.001	0.003	0.004	0.005
  402 --   403	0.004	0.001	0.001	0.003	0.003	0.005
  403 --   404	0.004	0.001	0.001	0.003	0.004	0.005
  404 --   405	0.004	0.000	0.000	0.004	0.004	0.004
  405 --   406	0.005	0.002	0.002	0.003	0.004	0.008
  406 --   407	0.004	0.000	0.001	0.003	0.004	0.005
  407 --   408	0.004	0.001	0.001	0.003	0.004	0.006
  408 --   409	0.004	0.001	0.001	0.003	0.004	0.005
  409 --   410	0.005	0.001	0.001	0.004	0.005	0.006
  410 --   411	0.005	0.001	0.001	0.003	0.004	0.006
  411 --   412	0.004	0.001	0.001	0.003	0.004	0.006
  412 --   413	0.004	0.001	0.001	0.003	0.004	0.006
  413 --   414	0.004	0.001	0.001	0.003	0.004	0.004
  414 --   415	0.004	0.001	0.001	0.003	0.004	0.006
  415 --   416	0.004	0.001	0.001	0.003	0.005	0.006
  416 --   417	0.004	0.001	0.001	0.003	0.004	0.006
  417 --   418	0.004	0.001	0.001	0.003	0.004	0.006
  418 --   419	0.005	0.001	0.001	0.003	0.005	0.005
  419 --   420	0.004	0.001	0.002	0.003	0.003	0.006
  420 --   421	0.004	0.000	0.000	0.003	0.004	0.004
  421 --   422	0.005	0.001	0.001	0.003	0.005	0.006
  422 --   423	0.004	0.001	0.001	0.003	0.004	0.006
  423 --   424	0.004	0.001	0.001	0.003	0.004	0.006
  424 --   425	0.004	0.001	0.001	0.003	0.004	0.005
  425 --   426	0.005	0.001	0.002	0.004	0.005	0.008
  426 --   427	0.004	0.001	0.001	0.003	0.004	0.006
  427 --   428	0.005	0.002	0.002	0.003	0.005	0.008
  428 --   429	0.004	0.001	0.001	0.003	0.005	0.005
  429 --   430	0.004	0.001	0.002	0.003	0.004	0.007
  430 --   431	0.005	0.001	0.002	0.003	0.004	0.006
  431 --   432	0.004	0.001	0.001	0.003	0.004	0.005
  432 --   433	0.004	0.001	0.002	0.003	0.003	0.006
  433 --   434	0.005	0.001	0.002	0.004	0.004	0.007
  434 --   435	0.004	0.001	0.001	0.003	0.004	0.006
  435 --   436	0.004	0.001	0.001	0.003	0.003	0.006
  436 --   437	0.004	0.001	0.001	0.003	0.004	0.005
  437 --   438	0.005	0.001	0.001	0.003	0.004	0.006
  438 --   439	0.004	0.001	0.001	0.003	0.004	0.005
  439 --   440	0.004	0.001	0.001	0.004	0.004	0.006
  440 --   441	0.005	0.002	0.002	0.003	0.004	0.007
  441 --   442	0.004	0.001	0.001	0.003	0.004	0.005
  442 --   443	0.004	0.001	0.001	0.004	0.004	0.005
  443 --   444	0.005	0.001	0.001	0.003	0.005	0.006
  444 --   445	0.004	0.001	0.002	0.003	0.004	0.006
  445 --   446	0.004	0.001	0.001	0.003	0.004	0.006
  446 --   447	0.005	0.002	0.002	0.003	0.004	0.007
  447 --   448	0.004	0.001	0.001	0.003	0.004	0.006
  448 --   449	0.004	0.001	0.001	0.003	0.003	0.005
  449 --   450	0.004	0.001	0.001	0.003	0.004	0.005
  450 --   451	0.005	0.001	0.002	0.003	0.004	0.007
  451 --   452	0.004	0.001	0.001	0.003	0.004	0.006
  452 --   453	0.004	0.001	0.001	0.003	0.004	0.006
  453 --   454	0.003	0.000	0.001	0.003	0.003	0.004
  454 --   455	0.004	0.001	0.001	0.004	0.004	0.005
  455 --   456	0.004	0.001	0.001	0.003	0.004	0.006
  456 --   457	0.004	0.001	0.001	0.003	0.004	0.006
  457 --   458	0.004	0.001	0.001	0.003	0.003	0.005
  458 --   459	0.004	0.001	0.001	0.003	0.003	0.004
  459 --   460	0.004	0.001	0.001	0.003	0.004	0.006
  460 --   461	0.004	0.000	0.000	0.003	0.004	0.004
  461 --   462	0.004	0.001	0.001	0.003	0.004	0.005
  462 --   463	0.004	0.001	0.001	0.003	0.004	0.005
  463 --   464	0.004	0.001	0.001	0.003	0.004	0.005
  464 --   465	0.004	0.001	0.001	0.003	0.003	0.006
  465 --   466	0.005	0.001	0.001	0.004	0.005	0.006
  466 --   467	0.004	0.000	0.001	0.003	0.004	0.005
  467 --   468	0.004	0.002	0.002	0.003	0.004	0.007
  468 --   469	0.004	0.001	0.001	0.003	0.004	0.004
  469 --   470	0.004	0.001	0.002	0.002	0.003	0.006
  470 --   471	0.005	0.001	0.001	0.003	0.005	0.006
  471 --   472	0.004	0.001	0.002	0.003	0.004	0.007
  472 --   473	0.005	0.001	0.002	0.003	0.005	0.007
  473 --   474	0.004	0.001	0.001	0.003	0.004	0.005
  474 --   475	0.004	0.001	0.002	0.003	0.004	0.007
  475 --   476	0.004	0.001	0.001	0.003	0.004	0.005
  476 --   477	0.004	0.001	0.001	0.003	0.004	0.006
  477 --   478	0.004	0.002	0.002	0.003	0.004	0.007
  478 --   479	0.004	0.001	0.001	0.003	0.004	0.006
  479 --   480	0.004	0.001	0.001	0.003	0.004	0.006
  480 --   481	0.004	0.000	0.000	0.004	0.004	0.004
  481 --   482	0.004	0.000	0.001	0.003	0.004	0.004
  482 --   483	0.004	0.001	0.001	0.003	0.004	0.005
  483 --   484	0.004	0.001	0.001	0.003	0.003	0.006
  484 --   485	0.004	0.001	0.001	0.003	0.004	0.006
  485 --   486	0.004	0.001	0.001	0.003	0.003	0.005
  486 --   487	0.005	0.001	0.002	0.003	0.005	0.007
  487 --   488	0.004	0.001	0.001	0.003	0.004	0.006
  488 --   489	0.004	0.001	0.001	0.003	0.004	0.005
  489 --   490	0.004	0.001	0.001	0.003	0.004	0.006
  490 --   491	0.004	0.001	0.002	0.003	0.004	0.006
  491 --   492	0.005	0.001	0.002	0.003	0.004	0.007
  492 --   493	0.005	0.002	0.002	0.003	0.004	0.008
  493 --   494	0.004	0.000	0.000	0.003	0.004	0.004
  494 --   495	0.004	0.001	0.002	0.003	0.004	0.006
  495 --   496	0.005	0.002	0.002	0.003	0.005	0.009
  496 --   497	0.004	0.001	0.001	0.003	0.004	0.005
  497 --   498	0.004	0.002	0.002	0.003	0.004	0.007
  498 --   499	0.004	0.001	0.001	0.003	0.004	0.006
  499 --   500	0.004	0.001	0.001	0.003	0.005	0.005
  500 --   501	0.004	0.001	0.001	0.003	0.004	0.005
  501 --   502	0.004	0.001	0.002	0.003	0.004	0.006
  502 --   503	0.005	0.001	0.002	0.003	0.005	0.007
  503 --   504	0.005	0.001	0.001	0.003	0.004	0.006
  504 --   505	0.005	0.002	0.002	0.003	0.004	0.007
  505 --   506	0.004	0.002	0.002	0.003	0.003	0.007
  506 --   507	0.005	0.001	0.001	0.003	0.005	0.006
  507 --   508	0.005	0.002	0.002	0.003	0.004	0.008
  508 --   509	0.004	0.000	0.000	0.004	0.004	0.004
  509 --   510	0.004	0.001	0.001	0.003	0.004	0.006
  510 --   511	0.004	0.000	0.001	0.003	0.004	0.004
  511 --   512	0.004	0.001	0.002	0.003	0.004	0.006
  512 --   513	0.004	0.001	0.002	0.003	0.004	0.006
  513 --   514	0.004	0.001	0.002	0.003	0.004	0.007
  514 --   515	0.004	0.001	0.001	0.003	0.004	0.005
  515 --   516	0.004	0.000	0.001	0.003	0.004	0.005
  516 --   517	0.003	0.000	0.000	0.003	0.003	0.004
  517 --   518	0.004	0.001	0.001	0.003	0.004	0.006
  518 --   519	0.004	0.001	0.001	0.003	0.004	0.006
  519 --   520	0.004	0.000	0.001	0.003	0.004	0.005
  520 --   521	0.004	0.001	0.001	0.003	0.004	0.005
  521 --   522	0.003	0.000	0.001	0.003	0.003	0.004
  522 --   523	0.005	0.001	0.001	0.004	0.004	0.006
  523 --   524	0.004	0.001	0.001	0.003	0.004	0.004
  524 --   525	0.004	0.001	0.001	0.003	0.004	0.006
  525 --   526	0.004	0.001	0.002	0.003	0.004	0.007
  526 --   527	0.004	0.001	0.001	0.003	0.004	0.005
  527 --   528	0.005	0.002	0.003	0.003	0.003	0.008
  528 --   529	0.004	0.001	0.001	0.003	0.004	0.005
  529 --   530	0.004	0.001	0.001	0.003	0.004	0.006
  530 --   531	0.004	0.000	0.001	0.004	0.004	0.005
  531 --   532	0.004	0.001	0.001	0.003	0.003	0.005
  532 --   533	0.005	0.001	0.002	0.003	0.004	0.006
  533 --   534	0.005	0.001	0.002	0.003	0.005	0.007
  534 --   535	0.005	0.002	0.003	0.003	0.004	0.008
  535 --   536	0.004	0.001	0.002	0.003	0.004	0.006
  536 --   537	0.004	0.001	0.002	0.003	0.004	0.007
  537 --   538	0.004	0.001	0.001	0.003	0.004	0.006
  538 --   539	0.004	0.001	0.001	0.003	0.004	0.005
  539 --   540	0.004	0.001	0.001	0.002	0.003	0.006
  540 --   541	0.005	0.002	0.002	0.003	0.004	0.007
  541 --   542	0.005	0.001	0.002	0.003	0.005	0.007
  542 --   543	0.005	0.001	0.002	0.003	0.004	0.007
  543 --   544	0.005	0.002	0.003	0.003	0.003	0.009
  544 --   545	0.004	0.001	0.001	0.004	0.004	0.006
  545 --   546	0.004	0.001	0.001	0.003	0.004	0.005
  546 --   547	0.003	0.000	0.000	0.003	0.003	0.004
  547 --   548	0.004	0.001	0.001	0.003	0.003	0.006
  548 --   549	0.003	0.000	0.001	0.003	0.003	0.004
  549 --   550	0.004	0.001	0.001	0.003	0.004	0.005
  550 --   551	0.004	0.001	0.001	0.003	0.004	0.007
  551 --   552	0.004	0.001	0.001	0.003	0.004	0.006
  552 --   553	0.005	0.001	0.002	0.004	0.004	0.007
  553 --   554	0.005	0.001	0.001	0.004	0.004	0.006
  554 --   555	0.004	0.001	0.001	0.003	0.004	0.007
  555 --   556	0.004	0.001	0.001	0.003	0.003	0.005
  556 --   557	0.004	0.000	0.001	0.003	0.004	0.004
  557 --   558	0.004	0.002	0.002	0.002	0.004	0.007
  558 --   559	0.004	0.000	0.001	0.003	0.004	0.005
  559 --   560	0.004	0.001	0.001	0.003	0.004	0.006
  560 --   561	0.004	0.001	0.002	0.003	0.004	0.007
  561 --   562	0.004	0.001	0.001	0.003	0.003	0.004
  562 --   563	0.003	0.000	0.000	0.003	0.003	0.004
  563 --   564	0.003	0.000	0.000	0.003	0.003	0.004
  564 --   565	0.004	0.000	0.001	0.003	0.004	0.005
  565 --   566	0.004	0.001	0.002	0.003	0.004	0.007
  566 --   567	0.004	0.000	0.000	0.003	0.004	0.004
  567 --   568	0.004	0.001	0.001	0.003	0.004	0.005
  568 --   569	0.003	0.000	0.000	0.003	0.003	0.004
  569 --   570	0.004	0.001	0.001	0.003	0.004	0.005
  570 --   571	0.004	0.001	0.001	0.003	0.003	0.005
  571 --   572	0.003	0.000	0.001	0.003	0.003	0.004
  572 --   573	0.004	0.001	0.001	0.003	0.004	0.005
  573 --   574	0.004	0.001	0.002	0.003	0.003	0.007
  574 --   575	0.004	0.001	0.001	0.003	0.004	0.006
  575 --   576	0.004	0.001	0.001	0.003	0.004	0.005
  576 --   577	0.004	0.001	0.001	0.003	0.004	0.005
  577 --   578	0.004	0.001	0.002	0.003	0.003	0.007
  578 --   579	0.004	0.000	0.000	0.003	0.004	0.004
  579 --   580	0.004	0.001	0.001	0.003	0.004	0.005
  580 --   581	0.004	0.001	0.001	0.003	0.004	0.006
  581 --   582	0.004	0.001	0.001	0.003	0.004	0.006
  582 --   583	0.005	0.002	0.002	0.003	0.004	0.007
  583 --   584	0.004	0.001	0.001	0.003	0.004	0.006
  584 --   585	0.004	0.000	0.000	0.004	0.004	0.005
  585 --   586	0.003	0.000	0.000	0.003	0.003	0.004
  586 --   587	0.004	0.001	0.001	0.003	0.004	0.005
  587 --   588	0.004	0.000	0.001	0.003	0.004	0.005
  588 --   589	0.004	0.001	0.001	0.002	0.004	0.005
  589 --   590	0.004	0.001	0.001	0.003	0.004	0.005
  590 --   591	0.004	0.001	0.001	0.003	0.003	0.005
  591 --   592	0.003	0.000	0.000	0.003	0.003	0.004
  592 --   593	0.004	0.000	0.001	0.003	0.003	0.004
  593 --   594	0.004	0.000	0.000	0.003	0.004	0.004
  594 --   595	0.003	0.001	0.001	0.003	0.003	0.004
  595 --   596	0.004	0.001	0.001	0.003	0.004	0.005
  596 --   597	0.003	0.001	0.001	0.003	0.003	0.005
  597 --   598	0.003	0.001	0.001	0.003	0.003	0.004
  598 --   599	0.003	0.000	0.000	0.002	0.003	0.003
  599 --   600	0.003	0.001	0.001	0.003	0.003	0.005
    0 --   600	0.004	0.001	0.001	0.004	0.004	0.005