0	0.001923
1	0.003006
2	0.002888
3	0.003799
4	0.004812
5	0.004010
6	0.003324
7	0.003529
8	0.002380
9	0.003664
10	0.003321
11	0.003735
12	0.003125
13	0.004100
14	0.004975
15	0.003606
16	0.003259
17	0.003741
18	0.003184
19	0.003340
20	0.003968
21	0.003547
22	0.003351
23	0.004057
24	0.003398
25	0.003305
26	0.002863
27	0.003415
28	0.003500
29	0.003920
30	0.003572
31	0.003477
32	0.004007
33	0.003518
34	0.003197
35	0.003297
36	0.004453
37	0.003358
38	0.003091
39	0.003839
40	0.003207
41	0.003717
42	0.003008
43	0.003738
44	0.004058
45	0.003360
46	0.003387
47	0.002434
48	0.003276
49	0.003625
50	0.003270
51	0.003378
52	0.002924
53	0.003946
54	0.003415
55	0.002782
56	0.003379
57	0.003180
58	0.002806
59	0.003323
60	0.003766
61	0.003601
62	0.002940
63	0.002468
64	0.003846
65	0.003658
66	0.003556
67	0.003624
68	0.003279
69	0.004125
70	0.003249
71	0.002763
72	0.003179
73	0.002943
74	0.003192
75	0.003701
76	0.003007
77	0.004568
78	0.002955
79	0.003807
80	0.003669
81	0.004242
82	0.003146
83	0.002379
84	0.002511
85	0.002455
86	0.002417
87	0.003236
88	0.003646
89	0.004743
90	0.003509
91	0.003483
92	0.003462
93	0.003448
94	0.002895
95	0.002395
96	0.003641
97	0.002873
98	0.003482
99	0.003104
100	0.002267
101	0.002917
102	0.003797
103	0.003414
104	0.003879
105	0.004007
106	0.003165
107	0.003281
108	0.003583
109	0.003193
110	0.003319
111	0.003128
112	0.004074
113	0.003434
114	0.004255
115	0.004599
116	0.004659
117	0.004026
118	0.003643
119	0.003411
120	0.003215
121	0.002256
122	0.002926
123	0.002706
124	0.003380
125	0.003881
126	0.004207
127	0.002605
128	0.002861
129	0.003319
130	0.003455
131	0.004106
132	0.003031
133	0.002653
134	0.003073
135	0.003766
136	0.003917
137	0.004123
138	0.003375
139	0.003383
140	0.002910
141	0.003924
142	0.003655
143	0.003011
144	0.002844
145	0.003389
146	0.003352
147	0.004078
148	0.002563
149	0.003067
150	0.002891
151	0.003054
152	0.004590
153	0.003068
154	0.003510
155	0.002376
156	0.002853
157	0.003386
158	0.003366
159	0.003846
160	0.002944
161	0.003353
162	0.003472
163	0.002934
164	0.004142
165	0.002607
166	0.002616
167	0.002591
168	0.003411
169	0.004000
170	0.003399
171	0.004616
172	0.004588
173	0.003473
174	0.003484
175	0.003616
176	0.003550
177	0.002494
178	0.002997
179	0.003034
180	0.002597
181	0.003063
182	0.003132
183	0.002361
184	0.003637
185	0.002850
186	0.003114
187	0.004407
188	0.004440
189	0.003899
190	0.003481
191	0.004594
192	0.003603
193	0.003984
194	0.003799
195	0.003267
196	0.002731
197	0.003037
198	0.003309
199	0.002434
200	0.002733
201	0.003612
202	0.003474
203	0.004905
204	0.002876
205	0.003603
206	0.003099
207	0.002932
208	0.002892
209	0.003611
210	0.003148
211	0.002831
212	0.003076
213	0.003774
214	0.003430
215	0.003177
216	0.003322
217	0.003344
218	0.002791
219	0.003890
220	0.002796
221	0.002730
222	0.003716
223	0.003852
224	0.003003
225	0.002810
226	0.003139
227	0.002882
228	0.002966
229	0.003011
230	0.003288
231	0.002522
232	0.003820
233	0.003072
234	0.003743
235	0.004087
236	0.003450
237	0.003402
238	0.003656
239	0.003018
240	0.002746
241	0.002725
242	0.003287
243	0.002788
244	0.002901
245	0.003333
246	0.003890
247	0.003440
248	0.003647
249	0.004106
250	0.003317
251	0.004357
252	0.003926
253	0.003594
254	0.004006
255	0.003241
256	0.003336
257	0.002904
258	0.002233
259	0.004501
260	0.003424
261	0.004347
262	0.003713
263	0.003040
264	0.003569
265	0.002577
266	0.002948
267	0.003932
268	0.003345
269	0.004134
270	0.002961
271	0.002619
272	0.003454
273	0.003564
274	0.003556
275	0.004367
276	0.004392
277	0.003498
278	0.002698
279	0.004256
280	0.004136
281	0.004605
282	0.002556
283	0.002586
284	0.003482
285	0.004188
286	0.003597
287	0.003649
288	0.003049
289	0.003389
290	0.002942
291	0.003375
292	0.003880
293	0.003996
294	0.003996
295	0.003634
296	0.004110
297	0.003092
298	0.005015
299	0.002863
300	0.002763
301	0.002841
302	0.002216
303	0.002711
304	0.003368
305	0.003267
306	0.002572
307	0.003289
308	0.003673
309	0.002920
310	0.003604
311	0.002665
312	0.004410
313	0.003576
314	0.003536
315	0.003734
316	0.003853
317	0.004469
318	0.002771
319	0.004042
320	0.004102
321	0.002797
322	0.003990
323	0.002610
324	0.002757
325	0.003240
326	0.003911
327	0.003190
328	0.004448
329	0.002846
330	0.005443
331	0.003834
332	0.004190
333	0.004161
334	0.003623
335	0.003175
336	0.004295
337	0.004224
338	0.003403
339	0.002929
340	0.003406
341	0.002827
342	0.003322
343	0.003947
344	0.003632
345	0.004108
346	0.003142
347	0.004080
348	0.003688
349	0.003903
350	0.004140
351	0.004005
352	0.002582
353	0.002954
354	0.003536
355	0.003732
356	0.003392
357	0.002964
358	0.003498
359	0.003954
360	0.003895
361	0.003485
362	0.004060
363	0.003341
364	0.003084
365	0.003844
366	0.003379
367	0.003466
368	0.003109
369	0.003034
370	0.003926
371	0.003144
372	0.003508
373	0.003243
374	0.004557
375	0.003349
376	0.003275
377	0.003563
378	0.003805
379	0.003076
380	0.003994
381	0.003411
382	0.003542
383	0.003453
384	0.003216
385	0.003043
386	0.002974
387	0.002610
388	0.002791
389	0.002788
390	0.002796
391	0.003974
392	0.003669
393	0.003607
394	0.003811
395	0.002965
396	0.003355
397	0.002949
398	0.002583
399	0.003524
400	0.003071
401	0.003147
402	0.003481
403	0.003748
404	0.004005
405	0.003584
406	0.003990
407	0.003307
408	0.003841
409	0.004384
410	0.003715
411	0.003251
412	0.003887
413	0.003665
414	0.003266
415	0.003189
416	0.004333
417	0.003686
418	0.003797
419	0.003995
420	0.003117
421	0.003416
422	0.002459
423	0.004159
424	0.004297
425	0.003786
426	0.003813
427	0.003354
428	0.003625
429	0.003278
430	0.004052
431	0.003037
432	0.003765
433	0.004278
434	0.004030
435	0.003763
436	0.003680
437	0.002829
438	0.003401
439	0.003308
440	0.003491
441	0.003783
442	0.004761
443	0.004022
444	0.003894
445	0.004024
446	0.002798
447	0.003359
448	0.003458
449	0.002923
450	0.003783
451	0.003715
452	0.002822
453	0.002480
454	0.003974
455	0.002604
456	0.002814
457	0.004005
458	0.002815
459	0.003768
460	0.003934
461	0.002934
462	0.003229
463	0.002867
464	0.003970
465	0.002960
466	0.003632
467	0.002827
468	0.002843
469	0.003627
470	0.003532
471	0.003854
472	0.003902
473	0.003039
474	0.004630
475	0.003539
476	0.004400
477	0.003499
478	0.002999
479	0.002674
480	0.003320
481	0.003738
482	0.004307
483	0.003062
484	0.003932
485	0.003589
486	0.003554
487	0.003434
488	0.003801
489	0.002765
490	0.002510
491	0.002663
492	0.004112
493	0.003883
494	0.003018
495	0.003253
496	0.003582
497	0.003252
498	0.003913
499	0.004191
500	0.003719
501	0.003467
502	0.003400
503	0.003312
504	0.004084
505	0.002373
506	0.002913
507	0.002906
508	0.003730
509	0.003626
510	0.004041
511	0.003274
512	0.003351
513	0.002875
514	0.003424
515	0.003669
516	0.002939
517	0.003001
518	0.003332
519	0.003725
520	0.002611
521	0.002311
522	0.004147
523	0.002871
524	0.004590
525	0.003639
526	0.002861
527	0.002965
528	0.003578
529	0.004099
530	0.003613
531	0.002994
532	0.004585
533	0.003435
534	0.003398
535	0.003503
536	0.004506
537	0.003229
538	0.003672
539	0.003155
540	0.003380
541	0.004368
542	0.003356
543	0.004099
544	0.004032
545	0.004211
546	0.002963
547	0.003485
548	0.003714
549	0.003120
550	0.004265
551	0.002736
552	0.003284
553	0.004331
554	0.003627
555	0.002825
556	0.002380
557	0.002654
558	0.003487
559	0.003290
560	0.003834
561	0.003265
562	0.004479
563	0.003680
564	0.003677
565	0.003504
566	0.003909
567	0.004283
568	0.004003
569	0.003699
570	0.003362
571	0.003294
572	0.003910
573	0.003768
574	0.003212
575	0.003051
576	0.003710
577	0.002953
578	0.004154
579	0.002646
580	0.002289
581	0.004762
582	0.004119
583	0.002929
584	0.003518
585	0.002810
586	0.003730
587	0.003226
588	0.002875
589	0.003740
590	0.004470
591	0.003237
592	0.004020
593	0.003198
594	0.003496
595	0.003834
596	0.002954
597	0.003868
598	0.003851
599	0.002823