Time 1-10.0.0.3-10.0.0.2 Aggregate-Flow
0.000000 396.480000 396.480000
1.000000 364.160000 364.160000
2.000000 415.360000 415.360000
3.000000 579.200000 579.200000
4.000000 216.320000 216.320000
5.000000 258.240000 258.240000
6.000000 367.680000 367.680000
7.000000 335.680000 335.680000
8.000000 411.520000 411.520000
9.000000 490.560000 490.560000
10.000000 293.120000 293.120000
11.000000 348.800000 348.800000
12.000000 524.160000 524.160000
13.000000 353.600000 353.600000
14.000000 357.440000 357.440000
15.000000 387.840000 387.840000
16.000000 332.480000 332.480000
17.000000 397.440000 397.440000
18.000000 414.080000 414.080000
19.000000 280.960000 280.960000
20.000000 412.800000 412.800000
21.000000 504.960000 504.960000
22.000000 372.160000 372.160000
23.000000 345.600000 345.600000
24.000000 647.040000 647.040000
25.000000 444.800000 444.800000
26.000000 449.600000 449.600000
27.000000 351.360000 351.360000
28.000000 200.960000 200.960000
29.000000 352.960000 352.960000
30.000000 444.800000 444.800000
31.000000 213.120000 213.120000
32.000000 398.400000 398.400000
33.000000 377.600000 377.600000
34.000000 208.640000 208.640000
35.000000 479.360000 479.360000
36.000000 418.560000 418.560000
37.000000 195.520000 195.520000
38.000000 486.400000 486.400000
39.000000 327.360000 327.360000
40.000000 277.440000 277.440000
41.000000 488.640000 488.640000
42.000000 539.520000 539.520000
43.000000 321.600000 321.600000
44.000000 451.520000 451.520000
45.000000 444.800000 444.800000
46.000000 294.720000 294.720000
47.000000 363.840000 363.840000
48.000000 398.400000 398.400000
49.000000 269.440000 269.440000
50.000000 478.400000 478.400000
51.000000 373.760000 373.760000
52.000000 272.960000 272.960000
53.000000 357.760000 357.760000
54.000000 288.320000 288.320000
55.000000 404.480000 404.480000
56.000000 412.160000 412.160000
57.000000 367.040000 367.040000
58.000000 489.600000 489.600000
59.000000 735.680000 735.680000
60.000000 628.160000 628.160000
61.000000 699.200000 699.200000
62.000000 615.360000 615.360000
63.000000 302.400000 302.400000
64.000000 504.320000 504.320000
65.000000 422.720000 422.720000
66.000000 408.000000 408.000000
67.000000 639.360000 639.360000
68.000000 719.680000 719.680000
69.000000 275.200000 275.200000
70.000000 491.840000 491.840000
71.000000 401.920000 401.920000
72.000000 277.760000 277.760000
73.000000 624.640000 624.640000
74.000000 497.280000 497.280000
75.000000 370.560000 370.560000
76.000000 458.880000 458.880000
77.000000 402.240000 402.240000
78.000000 400.000000 400.000000
79.000000 433.920000 433.920000
80.000000 442.560000 442.560000
81.000000 359.040000 359.040000
82.000000 460.160000 460.160000
83.000000 445.440000 445.440000
84.000000 554.880000 554.880000
85.000000 679.360000 679.360000
86.000000 512.320000 512.320000
87.000000 448.960000 448.960000
88.000000 561.920000 561.920000
89.000000 421.120000 421.120000
90.000000 608.000000 608.000000
91.000000 581.120000 581.120000
92.000000 250.880000 250.880000
93.000000 522.240000 522.240000
94.000000 492.800000 492.800000
95.000000 404.800000 404.800000
96.000000 551.040000 551.040000
97.000000 532.480000 532.480000
98.000000 349.440000 349.440000
99.000000 493.440000 493.440000
100.000000 457.920000 457.920000
101.000000 338.560000 338.560000
102.000000 451.520000 451.520000
103.000000 418.240000 418.240000
104.000000 393.600000 393.600000
105.000000 499.200000 499.200000
106.000000 512.320000 512.320000
107.000000 378.240000 378.240000
108.000000 408.640000 408.640000
109.000000 354.560000 354.560000
110.000000 440.320000 440.320000
111.000000 678.080000 678.080000
112.000000 309.440000 309.440000
113.000000 296.640000 296.640000
114.000000 480.320000 480.320000
115.000000 480.000000 480.000000
116.000000 536.960000 536.960000
117.000000 648.640000 648.640000
118.000000 451.520000 451.520000
119.000000 547.520000 547.520000
120.000000 612.800000 612.800000
121.000000 456.640000 456.640000
122.000000 404.800000 404.800000
123.000000 447.360000 447.360000
124.000000 332.160000 332.160000
125.000000 503.360000 503.360000
126.000000 495.680000 495.680000
127.000000 297.280000 297.280000
128.000000 484.480000 484.480000
129.000000 589.120000 589.120000
130.000000 428.480000 428.480000
131.000000 612.480000 612.480000
132.000000 359.360000 359.360000
133.000000 324.480000 324.480000
134.000000 529.280000 529.280000
135.000000 431.040000 431.040000
136.000000 370.240000 370.240000
137.000000 640.640000 640.640000
138.000000 668.480000 668.480000
139.000000 247.040000 247.040000
140.000000 587.840000 587.840000
141.000000 591.360000 591.360000
142.000000 366.400000 366.400000
143.000000 628.800000 628.800000
144.000000 524.480000 524.480000
145.000000 411.200000 411.200000
146.000000 463.360000 463.360000
147.000000 507.200000 507.200000
148.000000 295.680000 295.680000
149.000000 429.760000 429.760000
150.000000 553.920000 553.920000
151.000000 356.800000 356.800000
152.000000 489.280000 489.280000
153.000000 472.000000 472.000000
154.000000 336.640000 336.640000
155.000000 746.880000 746.880000
156.000000 435.840000 435.840000
157.000000 469.440000 469.440000
158.000000 468.160000 468.160000
159.000000 257.920000 257.920000
160.000000 617.280000 617.280000
161.000000 438.720000 438.720000
162.000000 250.880000 250.880000
163.000000 552.640000 552.640000
164.000000 753.600000 753.600000
165.000000 420.160000 420.160000
166.000000 425.280000 425.280000
167.000000 326.400000 326.400000
168.000000 468.160000 468.160000
169.000000 376.320000 376.320000
170.000000 418.240000 418.240000
171.000000 478.080000 478.080000
172.000000 452.160000 452.160000
173.000000 318.720000 318.720000
174.000000 373.760000 373.760000
175.000000 523.520000 523.520000
176.000000 377.600000 377.600000
177.000000 418.240000 418.240000
178.000000 572.480000 572.480000
179.000000 399.680000 399.680000
180.000000 386.560000 386.560000
181.000000 525.120000 525.120000
182.000000 474.880000 474.880000
183.000000 241.600000 241.600000
184.000000 464.960000 464.960000
185.000000 473.280000 473.280000
186.000000 277.760000 277.760000
187.000000 418.880000 418.880000
188.000000 354.240000 354.240000
189.000000 250.560000 250.560000
190.000000 666.880000 666.880000
191.000000 464.320000 464.320000
192.000000 267.840000 267.840000
193.000000 552.000000 552.000000
194.000000 534.720000 534.720000
195.000000 289.280000 289.280000
196.000000 480.000000 480.000000
197.000000 440.960000 440.960000
198.000000 358.080000 358.080000
199.000000 552.000000 552.000000
200.000000 501.120000 501.120000
201.000000 445.440000 445.440000
202.000000 656.960000 656.960000
203.000000 454.720000 454.720000
204.000000 287.040000 287.040000
205.000000 572.800000 572.800000
206.000000 643.520000 643.520000
207.000000 420.480000 420.480000
208.000000 390.720000 390.720000
209.000000 459.200000 459.200000
210.000000 232.960000 232.960000
211.000000 366.080000 366.080000
212.000000 320.640000 320.640000
213.000000 345.920000 345.920000
214.000000 403.840000 403.840000
215.000000 492.160000 492.160000
216.000000 405.760000 405.760000
217.000000 551.680000 551.680000
218.000000 550.400000 550.400000
219.000000 398.400000 398.400000
220.000000 396.800000 396.800000
221.000000 425.920000 425.920000
222.000000 516.480000 516.480000
223.000000 423.360000 423.360000
224.000000 591.680000 591.680000
225.000000 484.160000 484.160000
226.000000 698.560000 698.560000
227.000000 292.160000 292.160000
228.000000 425.920000 425.920000
229.000000 589.120000 589.120000
230.000000 609.920000 609.920000
231.000000 391.040000 391.040000
232.000000 592.320000 592.320000
233.000000 360.320000 360.320000
234.000000 527.680000 527.680000
235.000000 509.760000 509.760000
236.000000 338.240000 338.240000
237.000000 587.200000 587.200000
238.000000 822.080000 822.080000
239.000000 404.480000 404.480000
240.000000 451.200000 451.200000
241.000000 442.560000 442.560000
242.000000 259.520000 259.520000
243.000000 507.520000 507.520000
244.000000 456.960000 456.960000
245.000000 311.360000 311.360000
246.000000 448.320000 448.320000
247.000000 258.880000 258.880000
248.000000 230.400000 230.400000
249.000000 588.480000 588.480000
250.000000 405.120000 405.120000
251.000000 495.680000 495.680000
252.000000 447.040000 447.040000
253.000000 475.520000 475.520000
254.000000 405.440000 405.440000
255.000000 468.480000 468.480000
256.000000 462.400000 462.400000
257.000000 309.760000 309.760000
258.000000 419.200000 419.200000
259.000000 451.520000 451.520000
260.000000 276.160000 276.160000
261.000000 625.920000 625.920000
262.000000 294.720000 294.720000
263.000000 328.320000 328.320000
264.000000 421.760000 421.760000
265.000000 407.360000 407.360000
266.000000 311.040000 311.040000
267.000000 360.960000 360.960000
268.000000 455.040000 455.040000
269.000000 496.640000 496.640000
270.000000 392.000000 392.000000
271.000000 447.680000 447.680000
272.000000 257.280000 257.280000
273.000000 401.280000 401.280000
274.000000 323.520000 323.520000
275.000000 318.080000 318.080000
276.000000 518.720000 518.720000
277.000000 204.800000 204.800000
278.000000 326.400000 326.400000
279.000000 451.520000 451.520000
280.000000 307.520000 307.520000
281.000000 304.640000 304.640000
282.000000 532.160000 532.160000
283.000000 538.560000 538.560000
284.000000 413.760000 413.760000
285.000000 472.640000 472.640000
286.000000 444.800000 444.800000
287.000000 416.000000 416.000000
288.000000 490.880000 490.880000
289.000000 270.080000 270.080000
290.000000 347.840000 347.840000
291.000000 453.120000 453.120000
292.000000 413.120000 413.120000
293.000000 437.760000 437.760000
294.000000 566.400000 566.400000
295.000000 466.240000 466.240000
296.000000 487.680000 487.680000
297.000000 528.640000 528.640000
298.000000 361.280000 361.280000
299.000000 394.560000 394.560000
300.000000 590.400000 590.400000
301.000000 351.360000 351.360000
302.000000 492.800000 492.800000
303.000000 481.920000 481.920000
304.000000 353.280000 353.280000
305.000000 603.520000 603.520000
306.000000 523.840000 523.840000
307.000000 282.880000 282.880000
308.000000 339.840000 339.840000
309.000000 490.240000 490.240000
310.000000 296.320000 296.320000
311.000000 496.960000 496.960000
312.000000 699.840000 699.840000
313.000000 331.520000 331.520000
314.000000 364.160000 364.160000
315.000000 516.800000 516.800000
316.000000 384.640000 384.640000
317.000000 632.960000 632.960000
318.000000 710.400000 710.400000
319.000000 460.160000 460.160000
320.000000 457.600000 457.600000
321.000000 527.680000 527.680000
322.000000 361.920000 361.920000
323.000000 338.240000 338.240000
324.000000 409.280000 409.280000
325.000000 293.760000 293.760000
326.000000 591.040000 591.040000
327.000000 650.880000 650.880000
328.000000 302.400000 302.400000
329.000000 376.960000 376.960000
330.000000 447.040000 447.040000
331.000000 379.200000 379.200000
332.000000 568.640000 568.640000
333.000000 567.680000 567.680000
334.000000 447.680000 447.680000
335.000000 710.080000 710.080000
336.000000 516.800000 516.800000
337.000000 368.320000 368.320000
338.000000 442.240000 442.240000
339.000000 569.920000 569.920000
340.000000 379.200000 379.200000
341.000000 657.280000 657.280000
342.000000 518.400000 518.400000
343.000000 231.040000 231.040000
344.000000 573.760000 573.760000
345.000000 437.120000 437.120000
346.000000 324.800000 324.800000
347.000000 626.560000 626.560000
348.000000 583.040000 583.040000
349.000000 327.680000 327.680000
350.000000 478.080000 478.080000
351.000000 531.200000 531.200000
352.000000 403.200000 403.200000
353.000000 519.360000 519.360000
354.000000 398.400000 398.400000
355.000000 430.720000 430.720000
356.000000 410.240000 410.240000
357.000000 559.040000 559.040000
358.000000 301.760000 301.760000
359.000000 360.640000 360.640000
360.000000 274.560000 274.560000
361.000000 291.840000 291.840000
362.000000 404.800000 404.800000
363.000000 460.800000 460.800000
364.000000 341.440000 341.440000
365.000000 469.440000 469.440000
366.000000 349.760000 349.760000
367.000000 402.880000 402.880000
368.000000 478.080000 478.080000
369.000000 479.040000 479.040000
370.000000 548.160000 548.160000
371.000000 460.800000 460.800000
372.000000 394.240000 394.240000
373.000000 427.200000 427.200000
374.000000 480.960000 480.960000
375.000000 500.160000 500.160000
376.000000 463.360000 463.360000
377.000000 544.000000 544.000000
378.000000 307.520000 307.520000
379.000000 455.360000 455.360000
380.000000 599.680000 599.680000
381.000000 484.800000 484.800000
382.000000 817.280000 817.280000
383.000000 612.800000 612.800000
384.000000 364.160000 364.160000
385.000000 390.720000 390.720000
386.000000 378.560000 378.560000
387.000000 292.480000 292.480000
388.000000 551.040000 551.040000
389.000000 566.400000 566.400000
390.000000 289.920000 289.920000
391.000000 448.640000 448.640000
392.000000 475.200000 475.200000
393.000000 301.760000 301.760000
394.000000 261.120000 261.120000
395.000000 392.640000 392.640000
396.000000 314.560000 314.560000
397.000000 598.080000 598.080000
398.000000 638.720000 638.720000
399.000000 507.840000 507.840000
400.000000 496.000000 496.000000
401.000000 547.200000 547.200000
402.000000 250.880000 250.880000
403.000000 512.640000 512.640000
404.000000 311.040000 311.040000
405.000000 424.640000 424.640000
406.000000 510.720000 510.720000
407.000000 551.360000 551.360000
408.000000 451.840000 451.840000
409.000000 450.880000 450.880000
410.000000 496.320000 496.320000
411.000000 473.920000 473.920000
412.000000 584.960000 584.960000
413.000000 464.960000 464.960000
414.000000 487.040000 487.040000
415.000000 540.800000 540.800000
416.000000 392.000000 392.000000
417.000000 448.960000 448.960000
418.000000 411.200000 411.200000
419.000000 437.120000 437.120000
420.000000 418.560000 418.560000
421.000000 542.400000 542.400000
422.000000 404.160000 404.160000
423.000000 386.880000 386.880000
424.000000 529.600000 529.600000
425.000000 271.360000 271.360000
426.000000 503.680000 503.680000
427.000000 752.000000 752.000000
428.000000 417.280000 417.280000
429.000000 393.920000 393.920000
430.000000 629.440000 629.440000
431.000000 449.920000 449.920000
432.000000 439.680000 439.680000
433.000000 572.160000 572.160000
434.000000 493.120000 493.120000
435.000000 488.640000 488.640000
436.000000 598.720000 598.720000
437.000000 352.960000 352.960000
438.000000 355.520000 355.520000
439.000000 520.000000 520.000000
440.000000 378.880000 378.880000
441.000000 239.680000 239.680000
442.000000 440.640000 440.640000
443.000000 370.240000 370.240000
444.000000 518.080000 518.080000
445.000000 454.400000 454.400000
446.000000 384.640000 384.640000
447.000000 525.120000 525.120000
448.000000 547.520000 547.520000
449.000000 352.640000 352.640000
450.000000 364.800000 364.800000
451.000000 491.840000 491.840000
452.000000 304.320000 304.320000
453.000000 573.760000 573.760000
454.000000 581.120000 581.120000
455.000000 370.240000 370.240000
456.000000 527.360000 527.360000
457.000000 364.480000 364.480000
458.000000 340.480000 340.480000
459.000000 364.800000 364.800000
460.000000 371.840000 371.840000
461.000000 326.080000 326.080000
462.000000 451.840000 451.840000
463.000000 297.600000 297.600000
464.000000 284.800000 284.800000
465.000000 391.680000 391.680000
466.000000 355.840000 355.840000
467.000000 418.560000 418.560000
468.000000 477.440000 477.440000
469.000000 377.920000 377.920000
470.000000 317.440000 317.440000
471.000000 418.880000 418.880000
472.000000 376.640000 376.640000
473.000000 391.360000 391.360000
474.000000 297.920000 297.920000
475.000000 254.080000 254.080000
476.000000 379.520000 379.520000
477.000000 266.560000 266.560000
478.000000 234.560000 234.560000
479.000000 288.000000 288.000000
480.000000 569.600000 569.600000
481.000000 363.520000 363.520000
482.000000 598.400000 598.400000
483.000000 656.000000 656.000000
484.000000 404.160000 404.160000
485.000000 476.160000 476.160000
486.000000 395.520000 395.520000
487.000000 244.480000 244.480000
488.000000 409.600000 409.600000
489.000000 310.400000 310.400000
490.000000 337.920000 337.920000
491.000000 546.560000 546.560000
492.000000 576.000000 576.000000
493.000000 400.000000 400.000000
494.000000 650.880000 650.880000
495.000000 430.720000 430.720000
496.000000 374.080000 374.080000
497.000000 450.880000 450.880000
498.000000 361.600000 361.600000
499.000000 408.320000 408.320000
500.000000 509.760000 509.760000
501.000000 459.520000 459.520000
502.000000 540.160000 540.160000
503.000000 454.720000 454.720000
504.000000 330.560000 330.560000
505.000000 333.440000 333.440000
506.000000 482.880000 482.880000
507.000000 349.120000 349.120000
508.000000 417.600000 417.600000
509.000000 407.680000 407.680000
510.000000 474.880000 474.880000
511.000000 467.200000 467.200000
512.000000 537.280000 537.280000
513.000000 367.680000 367.680000
514.000000 345.920000 345.920000
515.000000 493.440000 493.440000
516.000000 280.960000 280.960000
517.000000 413.120000 413.120000
518.000000 426.880000 426.880000
519.000000 310.720000 310.720000
520.000000 385.280000 385.280000
521.000000 469.120000 469.120000
522.000000 370.240000 370.240000
523.000000 456.000000 456.000000
524.000000 523.200000 523.200000
525.000000 360.320000 360.320000
526.000000 217.280000 217.280000
527.000000 379.200000 379.200000
528.000000 248.960000 248.960000
529.000000 266.240000 266.240000
530.000000 402.240000 402.240000
531.000000 269.760000 269.760000
532.000000 436.480000 436.480000
533.000000 557.760000 557.760000
534.000000 275.200000 275.200000
535.000000 381.440000 381.440000
536.000000 350.400000 350.400000
537.000000 338.240000 338.240000
538.000000 394.880000 394.880000
539.000000 313.920000 313.920000
540.000000 306.240000 306.240000
541.000000 438.080000 438.080000
542.000000 305.920000 305.920000
543.000000 281.920000 281.920000
544.000000 507.840000 507.840000
545.000000 351.360000 351.360000
546.000000 431.040000 431.040000
547.000000 503.680000 503.680000
548.000000 351.360000 351.360000
549.000000 366.080000 366.080000
550.000000 304.960000 304.960000
551.000000 399.040000 399.040000
552.000000 298.560000 298.560000
553.000000 349.760000 349.760000
554.000000 283.520000 283.520000
555.000000 409.600000 409.600000
556.000000 420.800000 420.800000
557.000000 248.320000 248.320000
558.000000 523.520000 523.520000
559.000000 650.240000 650.240000
560.000000 351.360000 351.360000
561.000000 470.080000 470.080000
562.000000 440.640000 440.640000
563.000000 251.840000 251.840000
564.000000 325.440000 325.440000
565.000000 405.760000 405.760000
566.000000 166.080000 166.080000
567.000000 386.240000 386.240000
568.000000 460.800000 460.800000
569.000000 244.800000 244.800000
570.000000 424.320000 424.320000
571.000000 375.680000 375.680000
572.000000 301.120000 301.120000
573.000000 407.680000 407.680000
574.000000 394.560000 394.560000
575.000000 342.080000 342.080000
576.000000 451.200000 451.200000
577.000000 516.160000 516.160000
578.000000 232.960000 232.960000
579.000000 353.280000 353.280000
580.000000 390.720000 390.720000
581.000000 430.720000 430.720000
582.000000 461.440000 461.440000
583.000000 248.640000 248.640000
584.000000 467.840000 467.840000
585.000000 427.520000 427.520000
586.000000 271.040000 271.040000
587.000000 498.560000 498.560000
588.000000 321.600000 321.600000
589.000000 250.240000 250.240000
590.000000 312.640000 312.640000
591.000000 452.480000 452.480000
592.000000 309.120000 309.120000
593.000000 584.640000 584.640000
594.000000 540.480000 540.480000
595.000000 371.520000 371.520000
596.000000 534.400000 534.400000
597.000000 314.240000 314.240000
598.000000 261.120000 261.120000
599.000000 522.240000 522.240000
