Time 1-10.0.0.3-10.0.0.2 Aggregate-Flow
0.000000 0.001832 0.001832
1.000000 0.002625 0.002625
2.000000 0.001853 0.001853
3.000000 0.002191 0.002191
4.000000 0.002389 0.002389
5.000000 0.002237 0.002237
6.000000 0.002450 0.002450
7.000000 0.002201 0.002201
8.000000 0.001572 0.001572
9.000000 0.005179 0.005179
10.000000 0.003415 0.003415
11.000000 0.002227 0.002227
12.000000 0.002488 0.002488
13.000000 0.002138 0.002138
14.000000 0.002213 0.002213
15.000000 0.003617 0.003617
16.000000 0.002256 0.002256
17.000000 0.001843 0.001843
18.000000 0.002373 0.002373
19.000000 0.002598 0.002598
20.000000 0.002017 0.002017
21.000000 0.003776 0.003776
22.000000 0.005231 0.005231
23.000000 0.002853 0.002853
24.000000 0.001984 0.001984
25.000000 0.001965 0.001965
26.000000 0.001505 0.001505
27.000000 0.004126 0.004126
28.000000 0.002139 0.002139
29.000000 0.002226 0.002226
30.000000 0.003061 0.003061
31.000000 0.002308 0.002308
32.000000 0.002197 0.002197
33.000000 0.002380 0.002380
34.000000 0.002175 0.002175
35.000000 0.002114 0.002114
36.000000 0.002563 0.002563
37.000000 0.002384 0.002384
38.000000 0.001852 0.001852
39.000000 0.003450 0.003450
40.000000 0.001948 0.001948
41.000000 0.002062 0.002062
42.000000 0.002291 0.002291
43.000000 0.002073 0.002073
44.000000 0.006740 0.006740
45.000000 0.004512 0.004512
46.000000 0.002230 0.002230
47.000000 0.002144 0.002144
48.000000 0.002029 0.002029
49.000000 0.002380 0.002380
50.000000 0.001883 0.001883
51.000000 0.002692 0.002692
52.000000 0.002288 0.002288
53.000000 0.001694 0.001694
54.000000 0.002954 0.002954
55.000000 0.002514 0.002514
56.000000 0.003141 0.003141
57.000000 0.003763 0.003763
58.000000 0.003287 0.003287
59.000000 0.002591 0.002591
60.000000 0.002496 0.002496
61.000000 0.002008 0.002008
62.000000 0.002540 0.002540
63.000000 0.002338 0.002338
64.000000 0.001976 0.001976
65.000000 0.003586 0.003586
66.000000 0.002076 0.002076
67.000000 0.001676 0.001676
68.000000 0.003189 0.003189
69.000000 0.002761 0.002761
70.000000 0.002021 0.002021
71.000000 0.002252 0.002252
72.000000 0.002271 0.002271
73.000000 0.001825 0.001825
74.000000 0.002192 0.002192
75.000000 0.002535 0.002535
76.000000 0.002631 0.002631
77.000000 0.003186 0.003186
78.000000 0.001784 0.001784
79.000000 0.002958 0.002958
80.000000 0.002241 0.002241
81.000000 0.002404 0.002404
82.000000 0.002359 0.002359
83.000000 0.002525 0.002525
84.000000 0.002135 0.002135
85.000000 0.002557 0.002557
86.000000 0.002730 0.002730
87.000000 0.001874 0.001874
88.000000 0.002630 0.002630
89.000000 0.003033 0.003033
90.000000 0.003093 0.003093
91.000000 0.002851 0.002851
92.000000 0.003083 0.003083
93.000000 0.001875 0.001875
94.000000 0.002446 0.002446
95.000000 0.003089 0.003089
96.000000 0.002637 0.002637
97.000000 0.002572 0.002572
98.000000 0.003025 0.003025
99.000000 0.001656 0.001656
100.000000 0.002689 0.002689
101.000000 0.003577 0.003577
102.000000 0.001806 0.001806
103.000000 0.001959 0.001959
104.000000 0.002067 0.002067
105.000000 0.002111 0.002111
106.000000 0.002905 0.002905
107.000000 0.002181 0.002181
108.000000 0.002173 0.002173
109.000000 0.002417 0.002417
110.000000 0.002473 0.002473
111.000000 0.002360 0.002360
112.000000 0.002425 0.002425
113.000000 0.002259 0.002259
114.000000 0.002478 0.002478
115.000000 0.002060 0.002060
116.000000 0.002535 0.002535
117.000000 0.001875 0.001875
118.000000 0.002873 0.002873
119.000000 0.002006 0.002006
120.000000 0.002968 0.002968
121.000000 0.002700 0.002700
122.000000 0.002128 0.002128
123.000000 0.002193 0.002193
124.000000 0.004352 0.004352
125.000000 0.002312 0.002312
126.000000 0.001684 0.001684
127.000000 0.002144 0.002144
128.000000 0.002323 0.002323
129.000000 0.002384 0.002384
130.000000 0.003776 0.003776
131.000000 0.002437 0.002437
132.000000 0.002080 0.002080
133.000000 0.003307 0.003307
134.000000 0.002111 0.002111
135.000000 0.002661 0.002661
136.000000 0.003143 0.003143
137.000000 0.001752 0.001752
138.000000 0.003277 0.003277
139.000000 0.003322 0.003322
140.000000 0.002734 0.002734
141.000000 0.003478 0.003478
142.000000 0.002301 0.002301
143.000000 0.002144 0.002144
144.000000 0.003959 0.003959
145.000000 0.003046 0.003046
146.000000 0.002251 0.002251
147.000000 0.003401 0.003401
148.000000 0.001905 0.001905
149.000000 0.002485 0.002485
150.000000 0.001711 0.001711
151.000000 0.002088 0.002088
152.000000 0.002424 0.002424
153.000000 0.003317 0.003317
154.000000 0.002283 0.002283
155.000000 0.001835 0.001835
156.000000 0.003455 0.003455
157.000000 0.002117 0.002117
158.000000 0.002598 0.002598
159.000000 0.001950 0.001950
160.000000 0.003031 0.003031
161.000000 0.001747 0.001747
162.000000 0.004938 0.004938
163.000000 0.001788 0.001788
164.000000 0.002794 0.002794
165.000000 0.002102 0.002102
166.000000 0.001866 0.001866
167.000000 0.002454 0.002454
168.000000 0.002389 0.002389
169.000000 0.002513 0.002513
170.000000 0.002382 0.002382
171.000000 0.002985 0.002985
172.000000 0.002645 0.002645
173.000000 0.002046 0.002046
174.000000 0.003420 0.003420
175.000000 0.002587 0.002587
176.000000 0.001750 0.001750
177.000000 0.002312 0.002312
178.000000 0.003306 0.003306
179.000000 0.003017 0.003017
180.000000 0.002703 0.002703
181.000000 0.002548 0.002548
182.000000 0.003437 0.003437
183.000000 0.007100 0.007100
184.000000 0.002564 0.002564
185.000000 0.001756 0.001756
186.000000 0.004453 0.004453
187.000000 0.002441 0.002441
188.000000 0.002312 0.002312
189.000000 0.002169 0.002169
190.000000 0.003254 0.003254
191.000000 0.002124 0.002124
192.000000 0.003693 0.003693
193.000000 0.002220 0.002220
194.000000 0.002448 0.002448
195.000000 0.002397 0.002397
196.000000 0.001900 0.001900
197.000000 0.001956 0.001956
198.000000 0.002708 0.002708
199.000000 0.003059 0.003059
200.000000 0.002066 0.002066
201.000000 0.002591 0.002591
202.000000 0.001951 0.001951
203.000000 0.002031 0.002031
204.000000 0.002736 0.002736
205.000000 0.002034 0.002034
206.000000 0.002265 0.002265
207.000000 0.002267 0.002267
208.000000 0.005183 0.005183
209.000000 0.002831 0.002831
210.000000 0.002379 0.002379
211.000000 0.002228 0.002228
212.000000 0.001754 0.001754
213.000000 0.003600 0.003600
214.000000 0.002287 0.002287
215.000000 0.001908 0.001908
216.000000 0.002534 0.002534
217.000000 0.001734 0.001734
218.000000 0.002545 0.002545
219.000000 0.002500 0.002500
220.000000 0.003663 0.003663
221.000000 0.002775 0.002775
222.000000 0.002134 0.002134
223.000000 0.002728 0.002728
224.000000 0.002608 0.002608
225.000000 0.002101 0.002101
226.000000 0.002106 0.002106
227.000000 0.002891 0.002891
228.000000 0.002947 0.002947
229.000000 0.002745 0.002745
230.000000 0.004428 0.004428
231.000000 0.001827 0.001827
232.000000 0.003169 0.003169
233.000000 0.002212 0.002212
234.000000 0.001988 0.001988
235.000000 0.002500 0.002500
236.000000 0.002303 0.002303
237.000000 0.001559 0.001559
238.000000 0.002234 0.002234
239.000000 0.002882 0.002882
240.000000 0.002114 0.002114
241.000000 0.001884 0.001884
242.000000 0.003652 0.003652
243.000000 0.002173 0.002173
244.000000 0.002283 0.002283
245.000000 0.002094 0.002094
246.000000 0.002280 0.002280
247.000000 0.002160 0.002160
248.000000 0.002087 0.002087
249.000000 0.002659 0.002659
250.000000 0.004152 0.004152
251.000000 0.004082 0.004082
252.000000 0.002441 0.002441
253.000000 0.003451 0.003451
254.000000 0.004407 0.004407
255.000000 0.004059 0.004059
256.000000 0.002642 0.002642
257.000000 0.003738 0.003738
258.000000 0.002703 0.002703
259.000000 0.002313 0.002313
260.000000 0.002712 0.002712
261.000000 0.001852 0.001852
262.000000 0.001691 0.001691
263.000000 0.005339 0.005339
264.000000 0.002654 0.002654
265.000000 0.003032 0.003032
266.000000 0.002510 0.002510
267.000000 0.002532 0.002532
268.000000 0.001719 0.001719
269.000000 0.002606 0.002606
270.000000 0.002370 0.002370
271.000000 0.003316 0.003316
272.000000 0.002688 0.002688
273.000000 0.002346 0.002346
274.000000 0.001897 0.001897
275.000000 0.003486 0.003486
276.000000 0.001930 0.001930
277.000000 0.003016 0.003016
278.000000 0.002150 0.002150
279.000000 0.002375 0.002375
280.000000 0.002385 0.002385
281.000000 0.002947 0.002947
282.000000 0.002946 0.002946
283.000000 0.001737 0.001737
284.000000 0.002560 0.002560
285.000000 0.002420 0.002420
286.000000 0.003284 0.003284
287.000000 0.002425 0.002425
288.000000 0.001785 0.001785
289.000000 0.001997 0.001997
290.000000 0.001899 0.001899
291.000000 0.002540 0.002540
292.000000 0.002582 0.002582
293.000000 0.002149 0.002149
294.000000 0.002190 0.002190
295.000000 0.004720 0.004720
296.000000 0.002222 0.002222
297.000000 0.001815 0.001815
298.000000 0.003267 0.003267
299.000000 0.002071 0.002071
300.000000 0.002557 0.002557
301.000000 0.001971 0.001971
302.000000 0.002007 0.002007
303.000000 0.001610 0.001610
304.000000 0.002535 0.002535
305.000000 0.001974 0.001974
306.000000 0.002101 0.002101
307.000000 0.002252 0.002252
308.000000 0.002118 0.002118
309.000000 0.002136 0.002136
310.000000 0.001663 0.001663
311.000000 0.002061 0.002061
312.000000 0.002615 0.002615
313.000000 0.001937 0.001937
314.000000 0.002295 0.002295
315.000000 0.002498 0.002498
316.000000 0.002413 0.002413
317.000000 0.003844 0.003844
318.000000 0.004116 0.004116
319.000000 0.002594 0.002594
320.000000 0.003081 0.003081
321.000000 0.006019 0.006019
322.000000 0.001888 0.001888
323.000000 0.002546 0.002546
324.000000 0.003054 0.003054
325.000000 0.002195 0.002195
326.000000 0.003198 0.003198
327.000000 0.002213 0.002213
328.000000 0.002340 0.002340
329.000000 0.002396 0.002396
330.000000 0.002113 0.002113
331.000000 0.001958 0.001958
332.000000 0.002318 0.002318
333.000000 0.002555 0.002555
334.000000 0.001905 0.001905
335.000000 0.002789 0.002789
336.000000 0.002107 0.002107
337.000000 0.002704 0.002704
338.000000 0.001924 0.001924
339.000000 0.001687 0.001687
340.000000 0.002046 0.002046
341.000000 0.002769 0.002769
342.000000 0.001848 0.001848
343.000000 0.001946 0.001946
344.000000 0.001955 0.001955
345.000000 0.001850 0.001850
346.000000 0.002408 0.002408
347.000000 0.003520 0.003520
348.000000 0.001564 0.001564
349.000000 0.002988 0.002988
350.000000 0.001822 0.001822
351.000000 0.002177 0.002177
352.000000 0.003763 0.003763
353.000000 0.003188 0.003188
354.000000 0.001858 0.001858
355.000000 0.003488 0.003488
356.000000 0.003318 0.003318
357.000000 0.002280 0.002280
358.000000 0.001950 0.001950
359.000000 0.002546 0.002546
360.000000 0.001486 0.001486
361.000000 0.002154 0.002154
362.000000 0.003459 0.003459
363.000000 0.002010 0.002010
364.000000 0.003362 0.003362
365.000000 0.003242 0.003242
366.000000 0.002178 0.002178
367.000000 0.001714 0.001714
368.000000 0.002224 0.002224
369.000000 0.002042 0.002042
370.000000 0.003197 0.003197
371.000000 0.002692 0.002692
372.000000 0.001957 0.001957
373.000000 0.001821 0.001821
374.000000 0.001868 0.001868
375.000000 0.002039 0.002039
376.000000 0.001993 0.001993
377.000000 0.003532 0.003532
378.000000 0.002781 0.002781
379.000000 0.006322 0.006322
380.000000 0.004008 0.004008
381.000000 0.002178 0.002178
382.000000 0.004340 0.004340
383.000000 0.004310 0.004310
384.000000 0.002545 0.002545
385.000000 0.002685 0.002685
386.000000 0.003190 0.003190
387.000000 0.003187 0.003187
388.000000 0.002793 0.002793
389.000000 0.002924 0.002924
390.000000 0.003291 0.003291
391.000000 0.002338 0.002338
392.000000 0.003050 0.003050
393.000000 0.002711 0.002711
394.000000 0.002656 0.002656
395.000000 0.004278 0.004278
396.000000 0.002970 0.002970
397.000000 0.002278 0.002278
398.000000 0.003176 0.003176
399.000000 0.002913 0.002913
400.000000 0.003514 0.003514
401.000000 0.002282 0.002282
402.000000 0.001848 0.001848
403.000000 0.002623 0.002623
404.000000 0.003861 0.003861
405.000000 0.001820 0.001820
406.000000 0.002430 0.002430
407.000000 0.003020 0.003020
408.000000 0.001897 0.001897
409.000000 0.003234 0.003234
410.000000 0.002490 0.002490
411.000000 0.001696 0.001696
412.000000 0.002407 0.002407
413.000000 0.001933 0.001933
414.000000 0.001834 0.001834
415.000000 0.002123 0.002123
416.000000 0.002095 0.002095
417.000000 0.002057 0.002057
418.000000 0.002106 0.002106
419.000000 0.002104 0.002104
420.000000 0.001896 0.001896
421.000000 0.006948 0.006948
422.000000 0.003338 0.003338
423.000000 0.003017 0.003017
424.000000 0.002626 0.002626
425.000000 0.001859 0.001859
426.000000 0.002070 0.002070
427.000000 0.003651 0.003651
428.000000 0.001962 0.001962
429.000000 0.002647 0.002647
430.000000 0.006037 0.006037
431.000000 0.003005 0.003005
432.000000 0.002072 0.002072
433.000000 0.001942 0.001942
434.000000 0.002445 0.002445
435.000000 0.002879 0.002879
436.000000 0.002990 0.002990
437.000000 0.001795 0.001795
438.000000 0.002452 0.002452
439.000000 0.002582 0.002582
440.000000 0.001794 0.001794
441.000000 0.002256 0.002256
442.000000 0.001858 0.001858
443.000000 0.001635 0.001635
444.000000 0.002620 0.002620
445.000000 0.003859 0.003859
446.000000 0.002390 0.002390
447.000000 0.003153 0.003153
448.000000 0.003199 0.003199
449.000000 0.002844 0.002844
450.000000 0.003421 0.003421
451.000000 0.003877 0.003877
452.000000 0.001913 0.001913
453.000000 0.002295 0.002295
454.000000 0.002004 0.002004
455.000000 0.002513 0.002513
456.000000 0.002424 0.002424
457.000000 0.002549 0.002549
458.000000 0.002184 0.002184
459.000000 0.004148 0.004148
460.000000 0.001945 0.001945
461.000000 0.002522 0.002522
462.000000 0.002822 0.002822
463.000000 0.002408 0.002408
464.000000 0.002173 0.002173
465.000000 0.002325 0.002325
466.000000 0.003192 0.003192
467.000000 0.002355 0.002355
468.000000 0.003332 0.003332
469.000000 0.002456 0.002456
470.000000 0.002506 0.002506
471.000000 0.002700 0.002700
472.000000 0.002229 0.002229
473.000000 0.002923 0.002923
474.000000 0.002036 0.002036
475.000000 0.001666 0.001666
476.000000 0.002576 0.002576
477.000000 0.001938 0.001938
478.000000 0.001852 0.001852
479.000000 0.002416 0.002416
480.000000 0.002009 0.002009
481.000000 0.002305 0.002305
482.000000 0.002139 0.002139
483.000000 0.002072 0.002072
484.000000 0.002592 0.002592
485.000000 0.002194 0.002194
486.000000 0.001704 0.001704
487.000000 0.001998 0.001998
488.000000 0.001942 0.001942
489.000000 0.002821 0.002821
490.000000 0.002009 0.002009
491.000000 0.001993 0.001993
492.000000 0.001954 0.001954
493.000000 0.002347 0.002347
494.000000 0.002640 0.002640
495.000000 0.002578 0.002578
496.000000 0.002545 0.002545
497.000000 0.002191 0.002191
498.000000 0.002265 0.002265
499.000000 0.002959 0.002959
500.000000 0.001853 0.001853
501.000000 0.002292 0.002292
502.000000 0.002705 0.002705
503.000000 0.002026 0.002026
504.000000 0.003888 0.003888
505.000000 0.005688 0.005688
506.000000 0.002182 0.002182
507.000000 0.002034 0.002034
508.000000 0.003229 0.003229
509.000000 0.002014 0.002014
510.000000 0.002821 0.002821
511.000000 0.002041 0.002041
512.000000 0.002667 0.002667
513.000000 0.002926 0.002926
514.000000 0.002361 0.002361
515.000000 0.002354 0.002354
516.000000 0.003415 0.003415
517.000000 0.002322 0.002322
518.000000 0.001765 0.001765
519.000000 0.002542 0.002542
520.000000 0.002145 0.002145
521.000000 0.001588 0.001588
522.000000 0.003640 0.003640
523.000000 0.002097 0.002097
524.000000 0.003114 0.003114
525.000000 0.003218 0.003218
526.000000 0.001925 0.001925
527.000000 0.001958 0.001958
528.000000 0.002387 0.002387
529.000000 0.002645 0.002645
530.000000 0.001828 0.001828
531.000000 0.002572 0.002572
532.000000 0.001890 0.001890
533.000000 0.001971 0.001971
534.000000 0.002397 0.002397
535.000000 0.002422 0.002422
536.000000 0.002578 0.002578
537.000000 0.002367 0.002367
538.000000 0.003488 0.003488
539.000000 0.002023 0.002023
540.000000 0.002757 0.002757
541.000000 0.001950 0.001950
542.000000 0.002286 0.002286
543.000000 0.002709 0.002709
544.000000 0.002172 0.002172
545.000000 0.002544 0.002544
546.000000 0.001736 0.001736
547.000000 0.002442 0.002442
548.000000 0.002835 0.002835
549.000000 0.002144 0.002144
550.000000 0.002547 0.002547
551.000000 0.002430 0.002430
552.000000 0.001794 0.001794
553.000000 0.001800 0.001800
554.000000 0.002926 0.002926
555.000000 0.002583 0.002583
556.000000 0.001722 0.001722
557.000000 0.002926 0.002926
558.000000 0.001795 0.001795
559.000000 0.002173 0.002173
560.000000 0.003089 0.003089
561.000000 0.002087 0.002087
562.000000 0.003863 0.003863
563.000000 0.002358 0.002358
564.000000 0.002240 0.002240
565.000000 0.002862 0.002862
566.000000 0.002212 0.002212
567.000000 0.002375 0.002375
568.000000 0.002840 0.002840
569.000000 0.002652 0.002652
570.000000 0.002220 0.002220
571.000000 0.002853 0.002853
572.000000 0.002771 0.002771
573.000000 0.002693 0.002693
574.000000 0.003225 0.003225
575.000000 0.001543 0.001543
576.000000 0.001997 0.001997
577.000000 0.002382 0.002382
578.000000 0.002104 0.002104
579.000000 0.001823 0.001823
580.000000 0.002974 0.002974
581.000000 0.002564 0.002564
582.000000 0.002388 0.002388
583.000000 0.001838 0.001838
584.000000 0.002370 0.002370
585.000000 0.001889 0.001889
586.000000 0.002808 0.002808
587.000000 0.002095 0.002095
588.000000 0.002281 0.002281
589.000000 0.002035 0.002035
590.000000 0.001331 0.001331
591.000000 0.001639 0.001639
592.000000 0.001734 0.001734
593.000000 0.001635 0.001635
594.000000 0.001643 0.001643
595.000000 0.001773 0.001773
596.000000 0.001868 0.001868
597.000000 0.001525 0.001525
598.000000 0.001780 0.001780
599.000000 0.001610 0.001610
