Time 1-10.0.0.3-10.0.0.2 Aggregate-Flow
0.000000 0.001532 0.001532
1.000000 0.002691 0.002691
2.000000 0.001618 0.001618
3.000000 0.002022 0.002022
4.000000 0.002430 0.002430
5.000000 0.002074 0.002074
6.000000 0.002356 0.002356
7.000000 0.004078 0.004078
8.000000 0.001927 0.001927
9.000000 0.002077 0.002077
10.000000 0.002743 0.002743
11.000000 0.002028 0.002028
12.000000 0.004148 0.004148
13.000000 0.003845 0.003845
14.000000 0.003160 0.003160
15.000000 0.001949 0.001949
16.000000 0.003253 0.003253
17.000000 0.002139 0.002139
18.000000 0.002019 0.002019
19.000000 0.002223 0.002223
20.000000 0.003121 0.003121
21.000000 0.002097 0.002097
22.000000 0.005312 0.005312
23.000000 0.004364 0.004364
24.000000 0.002058 0.002058
25.000000 0.003140 0.003140
26.000000 0.002497 0.002497
27.000000 0.001678 0.001678
28.000000 0.001927 0.001927
29.000000 0.002785 0.002785
30.000000 0.002599 0.002599
31.000000 0.003115 0.003115
32.000000 0.002352 0.002352
33.000000 0.002224 0.002224
34.000000 0.002667 0.002667
35.000000 0.002046 0.002046
36.000000 0.002136 0.002136
37.000000 0.002321 0.002321
38.000000 0.001944 0.001944
39.000000 0.002450 0.002450
40.000000 0.004140 0.004140
41.000000 0.002803 0.002803
42.000000 0.001581 0.001581
43.000000 0.004437 0.004437
44.000000 0.002943 0.002943
45.000000 0.003034 0.003034
46.000000 0.006117 0.006117
47.000000 0.002641 0.002641
48.000000 0.003815 0.003815
49.000000 0.006969 0.006969
50.000000 0.003030 0.003030
51.000000 0.004469 0.004469
52.000000 0.003461 0.003461
53.000000 0.002791 0.002791
54.000000 0.004578 0.004578
55.000000 0.003942 0.003942
56.000000 0.002752 0.002752
57.000000 0.002955 0.002955
58.000000 0.001627 0.001627
59.000000 0.003448 0.003448
60.000000 0.001861 0.001861
61.000000 0.002924 0.002924
62.000000 0.002084 0.002084
63.000000 0.001865 0.001865
64.000000 0.003776 0.003776
65.000000 0.002215 0.002215
66.000000 0.001925 0.001925
67.000000 0.003252 0.003252
68.000000 0.002677 0.002677
69.000000 0.001644 0.001644
70.000000 0.003346 0.003346
71.000000 0.002943 0.002943
72.000000 0.001916 0.001916
73.000000 0.002664 0.002664
74.000000 0.002286 0.002286
75.000000 0.002042 0.002042
76.000000 0.001902 0.001902
77.000000 0.003176 0.003176
78.000000 0.003478 0.003478
79.000000 0.003232 0.003232
80.000000 0.002698 0.002698
81.000000 0.002859 0.002859
82.000000 0.002533 0.002533
83.000000 0.002225 0.002225
84.000000 0.003455 0.003455
85.000000 0.004231 0.004231
86.000000 0.001898 0.001898
87.000000 0.002835 0.002835
88.000000 0.002961 0.002961
89.000000 0.001824 0.001824
90.000000 0.003200 0.003200
91.000000 0.002651 0.002651
92.000000 0.001791 0.001791
93.000000 0.003013 0.003013
94.000000 0.002459 0.002459
95.000000 0.002005 0.002005
96.000000 0.004396 0.004396
97.000000 0.002328 0.002328
98.000000 0.002317 0.002317
99.000000 0.003875 0.003875
100.000000 0.002063 0.002063
101.000000 0.002558 0.002558
102.000000 0.002318 0.002318
103.000000 0.002350 0.002350
104.000000 0.002508 0.002508
105.000000 0.003303 0.003303
106.000000 0.001529 0.001529
107.000000 0.002021 0.002021
108.000000 0.004730 0.004730
109.000000 0.002130 0.002130
110.000000 0.002005 0.002005
111.000000 0.002057 0.002057
112.000000 0.001939 0.001939
113.000000 0.002400 0.002400
114.000000 0.002424 0.002424
115.000000 0.002627 0.002627
116.000000 0.002313 0.002313
117.000000 0.002382 0.002382
118.000000 0.001722 0.001722
119.000000 0.002093 0.002093
120.000000 0.002338 0.002338
121.000000 0.002641 0.002641
122.000000 0.002511 0.002511
123.000000 0.003078 0.003078
124.000000 0.002101 0.002101
125.000000 0.001793 0.001793
126.000000 0.003126 0.003126
127.000000 0.002801 0.002801
128.000000 0.001551 0.001551
129.000000 0.001599 0.001599
130.000000 0.002106 0.002106
131.000000 0.001988 0.001988
132.000000 0.007170 0.007170
133.000000 0.002085 0.002085
134.000000 0.001723 0.001723
135.000000 0.002116 0.002116
136.000000 0.002005 0.002005
137.000000 0.002172 0.002172
138.000000 0.004432 0.004432
139.000000 0.002071 0.002071
140.000000 0.002764 0.002764
141.000000 0.002988 0.002988
142.000000 0.002002 0.002002
143.000000 0.003672 0.003672
144.000000 0.001731 0.001731
145.000000 0.002399 0.002399
146.000000 0.002990 0.002990
147.000000 0.002411 0.002411
148.000000 0.002159 0.002159
149.000000 0.003046 0.003046
150.000000 0.001833 0.001833
151.000000 0.002344 0.002344
152.000000 0.002802 0.002802
153.000000 0.002537 0.002537
154.000000 0.002454 0.002454
155.000000 0.002148 0.002148
156.000000 0.002117 0.002117
157.000000 0.001968 0.001968
158.000000 0.004062 0.004062
159.000000 0.001791 0.001791
160.000000 0.001948 0.001948
161.000000 0.002939 0.002939
162.000000 0.001823 0.001823
163.000000 0.002429 0.002429
164.000000 0.002019 0.002019
165.000000 0.002109 0.002109
166.000000 0.001914 0.001914
167.000000 0.002934 0.002934
168.000000 0.001568 0.001568
169.000000 0.002826 0.002826
170.000000 0.003449 0.003449
171.000000 0.002422 0.002422
172.000000 0.002003 0.002003
173.000000 0.002761 0.002761
174.000000 0.002227 0.002227
175.000000 0.003220 0.003220
176.000000 0.002129 0.002129
177.000000 0.001690 0.001690
178.000000 0.002696 0.002696
179.000000 0.002386 0.002386
180.000000 0.002469 0.002469
181.000000 0.002351 0.002351
182.000000 0.002020 0.002020
183.000000 0.002198 0.002198
184.000000 0.002821 0.002821
185.000000 0.002906 0.002906
186.000000 0.002337 0.002337
187.000000 0.002479 0.002479
188.000000 0.002402 0.002402
189.000000 0.002023 0.002023
190.000000 0.004976 0.004976
191.000000 0.002628 0.002628
192.000000 0.003036 0.003036
193.000000 0.003540 0.003540
194.000000 0.002036 0.002036
195.000000 0.002267 0.002267
196.000000 0.005993 0.005993
197.000000 0.002950 0.002950
198.000000 0.002678 0.002678
199.000000 0.003484 0.003484
200.000000 0.002762 0.002762
201.000000 0.002583 0.002583
202.000000 0.002417 0.002417
203.000000 0.002124 0.002124
204.000000 0.001939 0.001939
205.000000 0.001897 0.001897
206.000000 0.001818 0.001818
207.000000 0.002521 0.002521
208.000000 0.002485 0.002485
209.000000 0.002437 0.002437
210.000000 0.002949 0.002949
211.000000 0.002706 0.002706
212.000000 0.002141 0.002141
213.000000 0.002362 0.002362
214.000000 0.003496 0.003496
215.000000 0.002398 0.002398
216.000000 0.002686 0.002686
217.000000 0.003544 0.003544
218.000000 0.001967 0.001967
219.000000 0.003116 0.003116
220.000000 0.002816 0.002816
221.000000 0.002309 0.002309
222.000000 0.002971 0.002971
223.000000 0.002788 0.002788
224.000000 0.001693 0.001693
225.000000 0.002660 0.002660
226.000000 0.002636 0.002636
227.000000 0.002427 0.002427
228.000000 0.002629 0.002629
229.000000 0.002445 0.002445
230.000000 0.003015 0.003015
231.000000 0.003553 0.003553
232.000000 0.002178 0.002178
233.000000 0.001774 0.001774
234.000000 0.004272 0.004272
235.000000 0.002029 0.002029
236.000000 0.002614 0.002614
237.000000 0.002156 0.002156
238.000000 0.002632 0.002632
239.000000 0.002758 0.002758
240.000000 0.002807 0.002807
241.000000 0.002042 0.002042
242.000000 0.002873 0.002873
243.000000 0.002685 0.002685
244.000000 0.001915 0.001915
245.000000 0.002498 0.002498
246.000000 0.002540 0.002540
247.000000 0.001905 0.001905
248.000000 0.001919 0.001919
249.000000 0.001889 0.001889
250.000000 0.001860 0.001860
251.000000 0.003225 0.003225
252.000000 0.001890 0.001890
253.000000 0.002931 0.002931
254.000000 0.002202 0.002202
255.000000 0.001838 0.001838
256.000000 0.002207 0.002207
257.000000 0.003508 0.003508
258.000000 0.002172 0.002172
259.000000 0.002813 0.002813
260.000000 0.002439 0.002439
261.000000 0.001517 0.001517
262.000000 0.002098 0.002098
263.000000 0.003343 0.003343
264.000000 0.002010 0.002010
265.000000 0.002139 0.002139
266.000000 0.002273 0.002273
267.000000 0.002068 0.002068
268.000000 0.001724 0.001724
269.000000 0.002198 0.002198
270.000000 0.001721 0.001721
271.000000 0.003504 0.003504
272.000000 0.001884 0.001884
273.000000 0.001976 0.001976
274.000000 0.003021 0.003021
275.000000 0.002447 0.002447
276.000000 0.001994 0.001994
277.000000 0.002383 0.002383
278.000000 0.002529 0.002529
279.000000 0.002414 0.002414
280.000000 0.002630 0.002630
281.000000 0.002328 0.002328
282.000000 0.003313 0.003313
283.000000 0.001999 0.001999
284.000000 0.001775 0.001775
285.000000 0.001818 0.001818
286.000000 0.003220 0.003220
287.000000 0.002220 0.002220
288.000000 0.002819 0.002819
289.000000 0.002255 0.002255
290.000000 0.002972 0.002972
291.000000 0.004955 0.004955
292.000000 0.002080 0.002080
293.000000 0.001627 0.001627
294.000000 0.002949 0.002949
295.000000 0.003709 0.003709
296.000000 0.001989 0.001989
297.000000 0.003734 0.003734
298.000000 0.002177 0.002177
299.000000 0.001975 0.001975
300.000000 0.002560 0.002560
301.000000 0.002429 0.002429
302.000000 0.002469 0.002469
303.000000 0.002233 0.002233
304.000000 0.002337 0.002337
305.000000 0.002933 0.002933
306.000000 0.001837 0.001837
307.000000 0.002100 0.002100
308.000000 0.002418 0.002418
309.000000 0.002252 0.002252
310.000000 0.002810 0.002810
311.000000 0.003297 0.003297
312.000000 0.001506 0.001506
313.000000 0.002960 0.002960
314.000000 0.002735 0.002735
315.000000 0.002268 0.002268
316.000000 0.002039 0.002039
317.000000 0.002785 0.002785
318.000000 0.002067 0.002067
319.000000 0.001832 0.001832
320.000000 0.003494 0.003494
321.000000 0.002300 0.002300
322.000000 0.001851 0.001851
323.000000 0.002615 0.002615
324.000000 0.002005 0.002005
325.000000 0.001838 0.001838
326.000000 0.002302 0.002302
327.000000 0.001605 0.001605
328.000000 0.002289 0.002289
329.000000 0.003399 0.003399
330.000000 0.002245 0.002245
331.000000 0.001780 0.001780
332.000000 0.002566 0.002566
333.000000 0.002464 0.002464
334.000000 0.002060 0.002060
335.000000 0.001773 0.001773
336.000000 0.002162 0.002162
337.000000 0.002142 0.002142
338.000000 0.003446 0.003446
339.000000 0.002360 0.002360
340.000000 0.002255 0.002255
341.000000 0.002749 0.002749
342.000000 0.002439 0.002439
343.000000 0.002609 0.002609
344.000000 0.004182 0.004182
345.000000 0.001526 0.001526
346.000000 0.001811 0.001811
347.000000 0.003612 0.003612
348.000000 0.001782 0.001782
349.000000 0.001820 0.001820
350.000000 0.002010 0.002010
351.000000 0.002616 0.002616
352.000000 0.002216 0.002216
353.000000 0.002130 0.002130
354.000000 0.001907 0.001907
355.000000 0.001760 0.001760
356.000000 0.002613 0.002613
357.000000 0.001784 0.001784
358.000000 0.002128 0.002128
359.000000 0.002673 0.002673
360.000000 0.002019 0.002019
361.000000 0.002106 0.002106
362.000000 0.002455 0.002455
363.000000 0.001899 0.001899
364.000000 0.002160 0.002160
365.000000 0.002894 0.002894
366.000000 0.002036 0.002036
367.000000 0.002070 0.002070
368.000000 0.002306 0.002306
369.000000 0.002021 0.002021
370.000000 0.004460 0.004460
371.000000 0.001858 0.001858
372.000000 0.001909 0.001909
373.000000 0.003584 0.003584
374.000000 0.002582 0.002582
375.000000 0.002557 0.002557
376.000000 0.002082 0.002082
377.000000 0.001654 0.001654
378.000000 0.002955 0.002955
379.000000 0.002906 0.002906
380.000000 0.002550 0.002550
381.000000 0.002122 0.002122
382.000000 0.001958 0.001958
383.000000 0.001924 0.001924
384.000000 0.003350 0.003350
385.000000 0.002621 0.002621
386.000000 0.002391 0.002391
387.000000 0.001875 0.001875
388.000000 0.002248 0.002248
389.000000 0.003472 0.003472
390.000000 0.002253 0.002253
391.000000 0.001957 0.001957
392.000000 0.002231 0.002231
393.000000 0.002453 0.002453
394.000000 0.002704 0.002704
395.000000 0.001764 0.001764
396.000000 0.002869 0.002869
397.000000 0.001561 0.001561
398.000000 0.002745 0.002745
399.000000 0.002645 0.002645
400.000000 0.002405 0.002405
401.000000 0.002844 0.002844
402.000000 0.002617 0.002617
403.000000 0.002394 0.002394
404.000000 0.002948 0.002948
405.000000 0.002331 0.002331
406.000000 0.003845 0.003845
407.000000 0.002110 0.002110
408.000000 0.001968 0.001968
409.000000 0.003069 0.003069
410.000000 0.002350 0.002350
411.000000 0.002367 0.002367
412.000000 0.004101 0.004101
413.000000 0.002879 0.002879
414.000000 0.002319 0.002319
415.000000 0.002196 0.002196
416.000000 0.002570 0.002570
417.000000 0.002183 0.002183
418.000000 0.002085 0.002085
419.000000 0.002865 0.002865
420.000000 0.002515 0.002515
421.000000 0.002327 0.002327
422.000000 0.002978 0.002978
423.000000 0.002289 0.002289
424.000000 0.003018 0.003018
425.000000 0.002031 0.002031
426.000000 0.001899 0.001899
427.000000 0.001901 0.001901
428.000000 0.001944 0.001944
429.000000 0.001764 0.001764
430.000000 0.003286 0.003286
431.000000 0.002990 0.002990
432.000000 0.001967 0.001967
433.000000 0.002610 0.002610
434.000000 0.002179 0.002179
435.000000 0.001823 0.001823
436.000000 0.002324 0.002324
437.000000 0.001753 0.001753
438.000000 0.002421 0.002421
439.000000 0.001648 0.001648
440.000000 0.002030 0.002030
441.000000 0.002031 0.002031
442.000000 0.001543 0.001543
443.000000 0.001883 0.001883
444.000000 0.001835 0.001835
445.000000 0.003098 0.003098
446.000000 0.002152 0.002152
447.000000 0.002685 0.002685
448.000000 0.002553 0.002553
449.000000 0.002051 0.002051
450.000000 0.002602 0.002602
451.000000 0.002313 0.002313
452.000000 0.003543 0.003543
453.000000 0.002627 0.002627
454.000000 0.002553 0.002553
455.000000 0.002427 0.002427
456.000000 0.002958 0.002958
457.000000 0.002506 0.002506
458.000000 0.003348 0.003348
459.000000 0.001799 0.001799
460.000000 0.002536 0.002536
461.000000 0.002613 0.002613
462.000000 0.002655 0.002655
463.000000 0.002069 0.002069
464.000000 0.002934 0.002934
465.000000 0.001543 0.001543
466.000000 0.001853 0.001853
467.000000 0.004013 0.004013
468.000000 0.002059 0.002059
469.000000 0.001843 0.001843
470.000000 0.004345 0.004345
471.000000 0.003170 0.003170
472.000000 0.002585 0.002585
473.000000 0.001898 0.001898
474.000000 0.001912 0.001912
475.000000 0.004148 0.004148
476.000000 0.003422 0.003422
477.000000 0.001743 0.001743
478.000000 0.001700 0.001700
479.000000 0.001955 0.001955
480.000000 0.002327 0.002327
481.000000 0.002464 0.002464
482.000000 0.003398 0.003398
483.000000 0.002835 0.002835
484.000000 0.007261 0.007261
485.000000 0.001918 0.001918
486.000000 0.001781 0.001781
487.000000 0.002689 0.002689
488.000000 0.002012 0.002012
489.000000 0.003474 0.003474
490.000000 0.003144 0.003144
491.000000 0.001873 0.001873
492.000000 0.001989 0.001989
493.000000 0.002768 0.002768
494.000000 0.002081 0.002081
495.000000 0.002471 0.002471
496.000000 0.001499 0.001499
497.000000 0.002098 0.002098
498.000000 0.002454 0.002454
499.000000 0.001331 0.001331
500.000000 0.003098 0.003098
501.000000 0.002778 0.002778
502.000000 0.002808 0.002808
503.000000 0.001803 0.001803
504.000000 0.003004 0.003004
505.000000 0.002029 0.002029
506.000000 0.001541 0.001541
507.000000 0.002753 0.002753
508.000000 0.002092 0.002092
509.000000 0.001991 0.001991
510.000000 0.003292 0.003292
511.000000 0.002532 0.002532
512.000000 0.002130 0.002130
513.000000 0.002651 0.002651
514.000000 0.002200 0.002200
515.000000 0.002494 0.002494
516.000000 0.002248 0.002248
517.000000 0.001899 0.001899
518.000000 0.003591 0.003591
519.000000 0.002882 0.002882
520.000000 0.002272 0.002272
521.000000 0.002710 0.002710
522.000000 0.002888 0.002888
523.000000 0.002421 0.002421
524.000000 0.003447 0.003447
525.000000 0.002247 0.002247
526.000000 0.002188 0.002188
527.000000 0.002165 0.002165
528.000000 0.002628 0.002628
529.000000 0.001651 0.001651
530.000000 0.002326 0.002326
531.000000 0.001912 0.001912
532.000000 0.002968 0.002968
533.000000 0.002307 0.002307
534.000000 0.001928 0.001928
535.000000 0.002082 0.002082
536.000000 0.007888 0.007888
537.000000 0.001994 0.001994
538.000000 0.002110 0.002110
539.000000 0.002344 0.002344
540.000000 0.002538 0.002538
541.000000 0.003610 0.003610
542.000000 0.002684 0.002684
543.000000 0.002288 0.002288
544.000000 0.006400 0.006400
545.000000 0.004259 0.004259
546.000000 0.002403 0.002403
547.000000 0.003197 0.003197
548.000000 0.002123 0.002123
549.000000 0.002118 0.002118
550.000000 0.002671 0.002671
551.000000 0.001877 0.001877
552.000000 0.002120 0.002120
553.000000 0.003119 0.003119
554.000000 0.002163 0.002163
555.000000 0.003023 0.003023
556.000000 0.004059 0.004059
557.000000 0.002461 0.002461
558.000000 0.002376 0.002376
559.000000 0.002964 0.002964
560.000000 0.002508 0.002508
561.000000 0.002488 0.002488
562.000000 0.002606 0.002606
563.000000 0.002398 0.002398
564.000000 0.002673 0.002673
565.000000 0.002529 0.002529
566.000000 0.002427 0.002427
567.000000 0.002960 0.002960
568.000000 0.002250 0.002250
569.000000 0.002090 0.002090
570.000000 0.003071 0.003071
571.000000 0.002867 0.002867
572.000000 0.001920 0.001920
573.000000 0.004441 0.004441
574.000000 0.002064 0.002064
575.000000 0.002909 0.002909
576.000000 0.002037 0.002037
577.000000 0.001950 0.001950
578.000000 0.001997 0.001997
579.000000 0.002121 0.002121
580.000000 0.001665 0.001665
581.000000 0.003637 0.003637
582.000000 0.002461 0.002461
583.000000 0.001966 0.001966
584.000000 0.002914 0.002914
585.000000 0.002957 0.002957
586.000000 0.002280 0.002280
587.000000 0.002760 0.002760
588.000000 0.002060 0.002060
589.000000 0.003042 0.003042
590.000000 0.002261 0.002261
591.000000 0.001631 0.001631
592.000000 0.002663 0.002663
593.000000 0.002015 0.002015
594.000000 0.002653 0.002653
595.000000 0.002314 0.002314
596.000000 0.001815 0.001815
597.000000 0.002039 0.002039
598.000000 0.002228 0.002228
599.000000 0.001819 0.001819
