Time 1-10.0.0.4-10.0.0.2 3-10.0.0.4-10.0.0.2 2-10.0.0.4-10.0.0.2 Aggregate-Flow
0.000000 0.006560 0.015932 0.006532 0.029024
1.000000 0.003310 0.003133 0.004539 0.010982
2.000000 0.004897 0.004771 0.005904 0.015572
3.000000 0.012758 0.057990 0.046918 0.117666
4.000000 0.012818 0.620538 0.328608 0.961964
5.000000 0.058073 0.646896 0.093291 0.798260
6.000000 0.022705 0.859594 0.319475 1.201774
7.000000 0.238128 0.685104 0.338752 1.261984
8.000000 0.098680 0.097186 0.091814 0.287680
9.000000 0.004636 0.006031 0.006145 0.016812
10.000000 0.010411 0.008372 0.009406 0.028189
11.000000 0.014787 0.009934 0.009624 0.034345
12.000000 0.004958 0.004489 0.005652 0.015099
13.000000 0.007435 0.006020 0.006192 0.019647
14.000000 0.012216 0.008723 0.007926 0.028865
15.000000 0.015211 0.011422 0.009479 0.036112
16.000000 0.011433 0.008427 0.008058 0.027918
17.000000 0.004355 0.003738 0.004729 0.012822
18.000000 0.015448 0.009182 0.013249 0.037879
19.000000 0.011883 0.009067 0.011175 0.032125
20.000000 0.023280 0.011988 0.010217 0.045485
21.000000 0.006304 0.003650 0.005708 0.015662
22.000000 0.003050 0.002562 0.004404 0.010016
23.000000 0.003514 0.002665 0.004039 0.010218
24.000000 0.005308 0.003854 0.004595 0.013757
25.000000 0.012790 0.008010 0.007602 0.028402
26.000000 0.010466 0.009924 0.008654 0.029044
27.000000 0.019007 0.007532 0.007287 0.033826
28.000000 0.004898 0.004541 0.004969 0.014408
29.000000 0.003617 0.003197 0.004074 0.010888
30.000000 0.007136 0.006569 0.006399 0.020104
31.000000 0.075132 0.079219 0.104789 0.259140
32.000000 0.007206 0.006379 0.007198 0.020783
33.000000 0.005462 0.005190 0.006078 0.016730
34.000000 0.004002 0.003349 0.004257 0.011608
35.000000 0.012894 0.008087 0.008670 0.029651
36.000000 0.008887 0.006146 0.006435 0.021468
37.000000 0.008659 0.008646 0.009493 0.026798
38.000000 0.011966 0.009238 0.011278 0.032482
39.000000 0.004057 0.003262 0.004402 0.011721
40.000000 0.011344 0.008005 0.007576 0.026925
41.000000 0.011805 0.008792 0.008823 0.029420
42.000000 0.005654 0.004508 0.005624 0.015786
43.000000 0.012246 0.008880 0.008087 0.029213
44.000000 0.011295 0.009493 0.008531 0.029319
45.000000 0.020831 0.072891 0.014026 0.107748
46.000000 0.023805 0.018530 0.014357 0.056692
47.000000 0.010481 0.008763 0.008886 0.028130
48.000000 0.005235 0.003945 0.004253 0.013433
49.000000 0.006954 0.005922 0.007496 0.020372
50.000000 0.010668 0.007135 0.007480 0.025283
51.000000 0.014607 0.008900 0.009555 0.033062
52.000000 0.006251 0.004517 0.005498 0.016266
53.000000 0.014986 0.009603 0.009909 0.034498
54.000000 0.013085 0.010550 0.009757 0.033392
55.000000 0.016694 0.010066 0.008885 0.035645
56.000000 0.012616 0.009206 0.008931 0.030753
57.000000 0.014262 0.009341 0.009382 0.032985
58.000000 0.007581 0.006392 0.006076 0.020049
59.000000 0.006369 0.005475 0.006227 0.018071
60.000000 0.015116 0.007878 0.007488 0.030482
61.000000 0.015730 0.010129 0.009244 0.035103
62.000000 0.006683 0.003967 0.005254 0.015904
63.000000 0.014153 0.008513 0.008291 0.030957
64.000000 0.013847 0.009005 0.010472 0.033324
65.000000 0.013388 0.010359 0.009340 0.033087
66.000000 0.011480 0.008194 0.007425 0.027099
67.000000 0.016632 0.012466 0.016805 0.045903
68.000000 0.005013 0.003439 0.005347 0.013799
69.000000 0.006733 0.005832 0.006784 0.019349
70.000000 0.008931 0.007455 0.007750 0.024136
71.000000 0.012305 0.009331 0.008805 0.030441
72.000000 0.011701 0.009368 0.008106 0.029175
73.000000 0.010308 0.007729 0.007517 0.025554
74.000000 0.027773 0.032499 0.046431 0.106703
75.000000 0.011670 0.008202 0.008175 0.028047
76.000000 0.005063 0.004341 0.005111 0.014515
77.000000 0.004553 0.004738 0.006443 0.015734
78.000000 0.012069 0.010566 0.014700 0.037335
79.000000 0.008900 0.006973 0.008153 0.024026
80.000000 0.051480 0.051648 0.029983 0.133111
81.000000 0.109535 0.162915 0.094264 0.366714
82.000000 0.016325 0.013920 0.012294 0.042539
83.000000 0.011648 0.008806 0.008661 0.029115
84.000000 0.020765 0.077881 0.024347 0.122993
85.000000 0.011430 0.032175 0.010649 0.054254
86.000000 0.670151 0.723582 0.210496 1.604229
87.000000 0.225316 0.150162 0.103600 0.479078
88.000000 0.060703 0.018997 0.021322 0.101022
89.000000 0.010565 0.008279 0.007500 0.026344
90.000000 0.057988 0.179275 0.083654 0.320917
91.000000 0.014627 0.010458 0.009365 0.034450
92.000000 0.014597 0.085866 0.011552 0.112015
93.000000 0.032673 0.107031 0.022288 0.161992
94.000000 0.014560 0.204502 0.022427 0.241489
95.000000 0.085490 0.088404 0.077196 0.251090
96.000000 0.009223 0.008100 0.007186 0.024509
97.000000 0.005020 0.004551 0.005206 0.014777
98.000000 0.004864 0.004032 0.005225 0.014121
99.000000 0.004505 0.004623 0.006175 0.015303
100.000000 0.007899 0.006703 0.007196 0.021798
101.000000 0.004240 0.003050 0.004691 0.011981
102.000000 0.003728 0.003046 0.005141 0.011915
103.000000 0.004225 0.003923 0.004270 0.012418
104.000000 0.002919 0.001726 0.004158 0.008803
105.000000 0.009307 0.007204 0.008025 0.024536
106.000000 0.013601 0.009182 0.010598 0.033381
107.000000 0.007092 0.005228 0.005923 0.018243
108.000000 0.014132 0.009802 0.008883 0.032817
109.000000 0.007904 0.006542 0.006756 0.021202
110.000000 0.004410 0.004669 0.005658 0.014737
111.000000 0.003665 0.003649 0.004232 0.011546
112.000000 0.005652 0.005065 0.005890 0.016607
113.000000 0.014363 0.008987 0.009305 0.032655
114.000000 0.010640 0.009326 0.009081 0.029047
115.000000 0.013108 0.009858 0.009262 0.032228
116.000000 0.005534 0.006027 0.006074 0.017635
117.000000 0.005845 0.005597 0.006275 0.017717
118.000000 0.005629 0.005389 0.005979 0.016997
119.000000 0.005884 0.006082 0.007801 0.019767
120.000000 0.007289 0.007466 0.007968 0.022723
121.000000 0.005035 0.005748 0.006084 0.016867
122.000000 0.012168 0.008638 0.008324 0.029130
123.000000 0.009135 0.007244 0.007394 0.023773
124.000000 0.005929 0.005515 0.005595 0.017039
125.000000 0.005972 0.006349 0.006819 0.019140
126.000000 0.017815 0.009017 0.010217 0.037049
127.000000 0.006140 0.005419 0.006326 0.017885
128.000000 0.010689 0.008249 0.008866 0.027804
129.000000 0.002872 0.002473 0.004565 0.009910
130.000000 0.016265 0.009127 0.011378 0.036770
131.000000 0.006583 0.007207 0.007552 0.021342
132.000000 0.004287 0.004087 0.005196 0.013570
133.000000 0.012188 0.009438 0.009387 0.031013
134.000000 0.010719 0.006917 0.007021 0.024657
135.000000 0.009048 0.005711 0.006145 0.020904
136.000000 0.008359 0.006677 0.007342 0.022378
137.000000 0.019107 0.010974 0.012277 0.042358
138.000000 0.013240 0.010488 0.008448 0.032176
139.000000 0.011667 0.008255 0.008227 0.028149
140.000000 0.012599 0.010300 0.010453 0.033352
141.000000 0.007210 0.006555 0.006965 0.020730
142.000000 0.004683 0.004111 0.004602 0.013396
143.000000 0.014764 0.011049 0.009774 0.035587
144.000000 0.007635 0.006444 0.005878 0.019957
145.000000 0.011252 0.009121 0.008789 0.029162
146.000000 0.012272 0.008178 0.008782 0.029232
147.000000 0.012523 0.009487 0.008892 0.030902
148.000000 0.013784 0.009441 0.009697 0.032922
149.000000 0.012126 0.010053 0.008877 0.031056
150.000000 0.015047 0.010028 0.010113 0.035188
151.000000 0.011204 0.009208 0.009268 0.029680
152.000000 0.017447 0.010726 0.008631 0.036804
153.000000 0.012743 0.009304 0.008229 0.030276
154.000000 0.015403 0.010684 0.009033 0.035120
155.000000 0.011704 0.009749 0.007867 0.029320
156.000000 0.012099 0.009273 0.008539 0.029911
157.000000 0.017191 0.010343 0.009763 0.037297
158.000000 0.011180 0.009206 0.007955 0.028341
159.000000 0.018414 0.010169 0.009823 0.038406
160.000000 0.009281 0.006628 0.007588 0.023497
161.000000 0.014486 0.009460 0.009160 0.033106
162.000000 0.008233 0.007387 0.007538 0.023158
163.000000 0.004031 0.002900 0.004699 0.011630
164.000000 0.005563 0.004287 0.006098 0.015948
165.000000 0.003203 0.003272 0.004577 0.011052
166.000000 0.004891 0.004636 0.004490 0.014017
167.000000 0.005548 0.005148 0.006546 0.017242
168.000000 0.017966 0.009331 0.009991 0.037288
169.000000 0.013622 0.009882 0.009559 0.033063
170.000000 0.015548 0.010568 0.009950 0.036066
171.000000 0.013854 0.010190 0.010093 0.034137
172.000000 0.040798 0.020359 0.036694 0.097851
173.000000 0.006069 0.005939 0.005309 0.017317
174.000000 0.005190 0.003787 0.005312 0.014289
175.000000 0.009205 0.007767 0.009363 0.026335
176.000000 0.008382 0.006310 0.006665 0.021357
177.000000 0.007228 0.005337 0.006113 0.018678
178.000000 0.007848 0.007523 0.006263 0.021634
179.000000 0.014172 0.008967 0.009190 0.032329
180.000000 0.012343 0.008870 0.009004 0.030217
181.000000 0.010801 0.007776 0.007433 0.026010
182.000000 0.006765 0.007159 0.007126 0.021050
183.000000 0.004951 0.002903 0.005250 0.013104
184.000000 0.003779 0.003168 0.003880 0.010827
185.000000 0.008313 0.006680 0.007893 0.022886
186.000000 0.005183 0.004167 0.005533 0.014883
187.000000 0.005023 0.004875 0.005235 0.015133
188.000000 0.007603 0.008453 0.007886 0.023942
189.000000 0.006537 0.007049 0.006693 0.020279
190.000000 0.007387 0.006509 0.007633 0.021529
191.000000 0.005190 0.005383 0.006492 0.017065
192.000000 0.005279 0.005443 0.005516 0.016238
193.000000 0.008928 0.009110 0.008955 0.026993
194.000000 0.002817 0.001976 0.004120 0.008913
195.000000 0.011418 0.007809 0.007945 0.027172
196.000000 0.014024 0.009596 0.009697 0.033317
197.000000 0.010703 0.007402 0.009078 0.027183
198.000000 0.004662 0.003635 0.004837 0.013134
199.000000 0.006751 0.005514 0.006810 0.019075
200.000000 0.007112 0.005670 0.006500 0.019282
201.000000 0.009953 0.007406 0.006813 0.024172
202.000000 0.010976 0.008665 0.007858 0.027499
203.000000 0.008174 0.007148 0.008753 0.024075
204.000000 0.003673 0.003129 0.004035 0.010837
205.000000 0.007961 0.006232 0.007368 0.021561
206.000000 0.004535 0.004604 0.005532 0.014671
207.000000 0.015698 0.018657 0.022580 0.056935
208.000000 0.008786 0.008869 0.010314 0.027969
209.000000 0.008284 0.009758 0.010160 0.028202
210.000000 0.006021 0.006627 0.006236 0.018884
211.000000 0.012337 0.011041 0.011793 0.035171
212.000000 0.009581 0.009804 0.009712 0.029097
213.000000 0.015082 0.016223 0.015360 0.046665
214.000000 0.004668 0.005083 0.006646 0.016397
215.000000 0.006094 0.008137 0.006040 0.020271
216.000000 0.008645 0.009609 0.008444 0.026698
217.000000 0.008024 0.008822 0.008574 0.025420
218.000000 0.010801 0.012538 0.009713 0.033052
219.000000 0.008515 0.010061 0.009709 0.028285
220.000000 0.017092 0.012968 0.014637 0.044697
221.000000 0.008167 0.009014 0.008572 0.025753
222.000000 0.003675 0.003274 0.004858 0.011807
223.000000 0.005615 0.005907 0.005453 0.016975
224.000000 0.006042 0.006369 0.006249 0.018660
225.000000 0.006604 0.006850 0.007973 0.021427
226.000000 0.011990 0.014039 0.013359 0.039388
227.000000 0.007677 0.007466 0.008316 0.023459
228.000000 0.005921 0.006115 0.006405 0.018441
229.000000 0.006506 0.006365 0.006856 0.019727
230.000000 0.015780 0.016607 0.016602 0.048989
231.000000 0.003894 0.003295 0.004604 0.011793
232.000000 0.013854 0.014541 0.016915 0.045310
233.000000 0.011405 0.010539 0.010192 0.032136
234.000000 0.006408 0.005698 0.007140 0.019246
235.000000 0.003814 0.004559 0.005670 0.014043
236.000000 0.007722 0.007290 0.008516 0.023528
237.000000 0.008662 0.008240 0.009973 0.026875
238.000000 0.004019 0.003934 0.004898 0.012851
239.000000 0.014460 0.016717 0.017865 0.049042
240.000000 0.012748 0.014223 0.013125 0.040096
241.000000 0.009434 0.006421 0.008739 0.024594
242.000000 0.003556 0.003291 0.004261 0.011108
243.000000 0.005399 0.005595 0.005927 0.016921
244.000000 0.014466 0.014124 0.014395 0.042985
245.000000 0.003620 0.003438 0.005033 0.012091
246.000000 0.003892 0.004062 0.004867 0.012821
247.000000 0.005383 0.004954 0.005551 0.015888
248.000000 0.003889 0.003294 0.004312 0.011495
249.000000 0.008048 0.003946 0.006117 0.018111
250.000000 0.005487 0.003826 0.005657 0.014970
251.000000 0.005888 0.005187 0.005830 0.016905
252.000000 0.050708 0.011428 0.010830 0.072966
253.000000 0.006394 0.004899 0.006348 0.017641
254.000000 0.012400 0.009002 0.008817 0.030219
255.000000 0.008055 0.005994 0.006270 0.020319
256.000000 0.003526 0.002829 0.004521 0.010876
257.000000 0.004173 0.001635 0.004723 0.010531
258.000000 0.003108 0.001472 0.004146 0.008726
259.000000 0.002466 0.002086 0.004414 0.008966
260.000000 0.003758 0.002762 0.004091 0.010611
261.000000 0.005387 0.004706 0.005313 0.015406
262.000000 0.005615 0.005055 0.005825 0.016495
263.000000 0.003777 0.002866 0.004262 0.010905
264.000000 0.013131 0.007915 0.008105 0.029151
265.000000 0.012491 0.009096 0.009242 0.030829
266.000000 0.020404 0.009738 0.009659 0.039801
267.000000 0.012327 0.008546 0.009066 0.029939
268.000000 0.013095 0.009918 0.009424 0.032437
269.000000 0.010975 0.007721 0.008601 0.027297
270.000000 0.013134 0.009585 0.008244 0.030963
271.000000 0.006575 0.006054 0.006751 0.019380
272.000000 0.005929 0.006237 0.005716 0.017882
273.000000 0.007332 0.006401 0.008075 0.021808
274.000000 0.013595 0.008857 0.008807 0.031259
275.000000 0.013608 0.009547 0.009816 0.032971
276.000000 0.017078 0.012001 0.018971 0.048050
277.000000 0.012052 0.008136 0.009387 0.029575
278.000000 0.005268 0.004708 0.005579 0.015555
279.000000 0.015498 0.011040 0.010967 0.037505
280.000000 0.011794 0.008221 0.008613 0.028628
281.000000 0.015893 0.007269 0.009919 0.033081
282.000000 0.043288 0.009555 0.010307 0.063150
283.000000 0.029460 0.009571 0.009525 0.048556
284.000000 0.012153 0.008543 0.008138 0.028834
285.000000 0.011826 0.008979 0.008459 0.029264
286.000000 0.015041 0.011511 0.017180 0.043732
287.000000 0.012321 0.007994 0.008540 0.028855
288.000000 0.004925 0.004049 0.005209 0.014183
289.000000 0.011792 0.007827 0.009219 0.028838
290.000000 0.007233 0.004504 0.006292 0.018029
291.000000 0.011661 0.007947 0.009079 0.028687
292.000000 0.009154 0.008367 0.008155 0.025676
293.000000 0.005474 0.005370 0.005515 0.016359
294.000000 0.004649 0.003187 0.005626 0.013462
295.000000 0.006317 0.004818 0.006051 0.017186
296.000000 0.016700 0.008867 0.009955 0.035522
297.000000 0.017141 0.010278 0.009292 0.036711
298.000000 0.013088 0.008945 0.007676 0.029709
299.000000 0.012962 0.008018 0.007974 0.028954
300.000000 0.008054 0.006144 0.007132 0.021330
301.000000 0.008819 0.006940 0.008365 0.024124
302.000000 0.003678 0.002507 0.005069 0.011254
303.000000 0.003893 0.002452 0.004230 0.010575
304.000000 0.012908 0.009455 0.008972 0.031335
305.000000 0.011720 0.009570 0.009049 0.030339
306.000000 0.015638 0.010158 0.009593 0.035389
307.000000 0.011516 0.008471 0.009434 0.029421
308.000000 0.012122 0.008201 0.008047 0.028370
309.000000 0.017158 0.011546 0.012914 0.041618
310.000000 0.015856 0.013123 0.012903 0.041882
311.000000 0.008620 0.004903 0.005903 0.019426
312.000000 0.005554 0.004118 0.005438 0.015110
313.000000 0.004474 0.004387 0.005408 0.014269
314.000000 0.005497 0.004188 0.006231 0.015916
315.000000 0.005143 0.003949 0.005224 0.014316
316.000000 0.004426 0.002791 0.005070 0.012287
317.000000 0.004095 0.003048 0.004438 0.011581
318.000000 0.005760 0.005458 0.005443 0.016661
319.000000 0.003172 0.002301 0.004714 0.010187
320.000000 0.006193 0.006135 0.006337 0.018665
321.000000 0.005142 0.004302 0.005952 0.015396
322.000000 0.003721 0.002982 0.004402 0.011105
323.000000 0.004036 0.003243 0.005191 0.012470
324.000000 0.004714 0.003230 0.005647 0.013591
325.000000 0.006417 0.004910 0.007382 0.018709
326.000000 0.003937 0.003166 0.004664 0.011767
327.000000 0.005043 0.003475 0.004707 0.013225
328.000000 0.005886 0.003667 0.005638 0.015191
329.000000 0.003824 0.003383 0.004443 0.011650
330.000000 0.004233 0.003408 0.005089 0.012730
331.000000 0.009408 0.007308 0.007784 0.024500
332.000000 0.004845 0.004121 0.004811 0.013777
333.000000 0.005491 0.004229 0.005558 0.015278
334.000000 0.004870 0.003054 0.005541 0.013465
335.000000 0.005806 0.005165 0.005574 0.016545
336.000000 0.005621 0.004311 0.006069 0.016001
337.000000 0.003508 0.002751 0.004059 0.010318
338.000000 0.004436 0.004793 0.005433 0.014662
339.000000 0.009643 0.007064 0.007417 0.024124
340.000000 0.006137 0.005416 0.007146 0.018699
341.000000 0.004436 0.003936 0.005624 0.013996
342.000000 0.003282 0.001799 0.004094 0.009175
343.000000 0.003698 0.003881 0.004164 0.011743
344.000000 0.003376 0.002379 0.004092 0.009847
345.000000 0.004421 0.003014 0.004489 0.011924
346.000000 0.005424 0.004850 0.006298 0.016572
347.000000 0.004976 0.004554 0.006711 0.016241
348.000000 0.004616 0.004359 0.004251 0.013226
349.000000 0.003021 0.002874 0.004018 0.009913
350.000000 0.008362 0.007988 0.008712 0.025062
351.000000 0.007397 0.005115 0.006009 0.018521
352.000000 0.013218 0.009034 0.008811 0.031063
353.000000 0.005909 0.004227 0.004956 0.015092
354.000000 0.013247 0.007869 0.008691 0.029807
355.000000 0.011400 0.008186 0.007927 0.027513
356.000000 0.016216 0.010442 0.009637 0.036295
357.000000 0.008394 0.006498 0.007223 0.022115
358.000000 0.004248 0.004144 0.004673 0.013065
359.000000 0.011783 0.008331 0.008405 0.028519
360.000000 0.009297 0.007197 0.007389 0.023883
361.000000 0.015929 0.009408 0.010413 0.035750
362.000000 0.009826 0.006918 0.007262 0.024006
363.000000 0.004415 0.003557 0.004526 0.012498
364.000000 0.009383 0.008956 0.007041 0.025380
365.000000 0.012499 0.008859 0.009494 0.030852
366.000000 0.175968 0.115393 0.119643 0.411004
367.000000 0.052753 0.014157 0.014297 0.081207
368.000000 0.004534 0.003854 0.005366 0.013754
369.000000 0.002288 0.001304 0.003158 0.006750
370.000000 0.003123 0.001952 0.004435 0.009510
371.000000 0.005229 0.003857 0.005633 0.014719
372.000000 0.013877 0.010379 0.010121 0.034377
373.000000 0.005568 0.005394 0.006826 0.017788
374.000000 0.003868 0.002824 0.006159 0.012851
375.000000 0.003461 0.002900 0.004008 0.010369
376.000000 0.007326 0.006035 0.006491 0.019852
377.000000 0.014101 0.009100 0.008742 0.031943
378.000000 0.013381 0.008255 0.009331 0.030967
379.000000 0.014561 0.008313 0.008495 0.031369
380.000000 0.012514 0.009046 0.008092 0.029652
381.000000 0.015695 0.010996 0.010399 0.037090
382.000000 0.011345 0.009336 0.008261 0.028942
383.000000 0.015560 0.010167 0.009491 0.035218
384.000000 0.009545 0.007811 0.007214 0.024570
385.000000 0.011260 0.009089 0.008737 0.029086
386.000000 0.005846 0.005356 0.005912 0.017114
387.000000 0.007127 0.005373 0.006071 0.018571
388.000000 0.007869 0.007717 0.008869 0.024455
389.000000 0.004846 0.004435 0.005565 0.014846
390.000000 0.004975 0.003159 0.005365 0.013499
391.000000 0.004557 0.002793 0.004474 0.011824
392.000000 0.002617 0.002276 0.004264 0.009157
393.000000 0.006838 0.005685 0.007387 0.019910
394.000000 0.006112 0.002972 0.006896 0.015980
395.000000 0.005896 0.005004 0.006107 0.017007
396.000000 0.005219 0.003532 0.006021 0.014772
397.000000 0.005818 0.006356 0.006663 0.018837
398.000000 0.007615 0.006831 0.007102 0.021548
399.000000 0.003260 0.003267 0.004333 0.010860
400.000000 0.003893 0.003020 0.004602 0.011515
401.000000 0.003734 0.002913 0.005412 0.012059
402.000000 0.003347 0.002890 0.004126 0.010363
403.000000 0.003394 0.002882 0.003717 0.009993
404.000000 0.004484 0.002702 0.004228 0.011414
405.000000 0.004723 0.002877 0.004746 0.012346
406.000000 0.005661 0.004272 0.005022 0.014955
407.000000 0.007488 0.006204 0.006519 0.020211
408.000000 0.006532 0.006557 0.007123 0.020212
409.000000 0.003210 0.002281 0.004439 0.009930
410.000000 0.003888 0.003174 0.004738 0.011800
411.000000 0.002556 0.001488 0.003414 0.007458
412.000000 0.005121 0.004040 0.005250 0.014411
413.000000 0.002792 0.002105 0.003659 0.008556
414.000000 0.011709 0.007960 0.008877 0.028546
415.000000 0.010334 0.008387 0.007661 0.026382
416.000000 0.006419 0.004086 0.005851 0.016356
417.000000 0.011550 0.009451 0.008235 0.029236
418.000000 0.028096 0.015891 0.011920 0.055907
419.000000 0.013301 0.010164 0.008666 0.032131
420.000000 0.004426 0.003376 0.004657 0.012459
421.000000 0.005931 0.004876 0.005367 0.016174
422.000000 0.010146 0.008762 0.008992 0.027900
423.000000 0.008792 0.006482 0.007329 0.022603
424.000000 0.011512 0.006821 0.007762 0.026095
425.000000 0.009475 0.007637 0.007108 0.024220
426.000000 0.016756 0.008740 0.011244 0.036740
427.000000 0.004515 0.002794 0.004092 0.011401
428.000000 0.004404 0.003181 0.004968 0.012553
429.000000 0.009668 0.008071 0.007600 0.025339
430.000000 0.014458 0.009696 0.009872 0.034026
431.000000 0.013259 0.008449 0.009417 0.031125
432.000000 0.014253 0.010413 0.010395 0.035061
433.000000 0.007366 0.006661 0.007728 0.021755
434.000000 0.009158 0.006439 0.007199 0.022796
435.000000 0.010774 0.007442 0.007546 0.025762
436.000000 0.013043 0.008979 0.008395 0.030417
437.000000 0.013500 0.009053 0.009311 0.031864
438.000000 0.009983 0.007651 0.007588 0.025222
439.000000 0.010869 0.006353 0.008302 0.025524
440.000000 0.007086 0.006380 0.006715 0.020181
441.000000 0.006320 0.005980 0.006138 0.018438
442.000000 0.015703 0.010070 0.009264 0.035037
443.000000 0.016087 0.009119 0.009518 0.034724
444.000000 0.012599 0.009710 0.007890 0.030199
445.000000 0.014152 0.010411 0.009486 0.034049
446.000000 0.020024 0.009145 0.009253 0.038422
447.000000 0.011251 0.008095 0.009231 0.028577
448.000000 0.004080 0.003536 0.004835 0.012451
449.000000 0.007194 0.006516 0.008631 0.022341
450.000000 0.003626 0.002960 0.004599 0.011185
451.000000 0.006329 0.004847 0.005631 0.016807
452.000000 0.012292 0.008200 0.009527 0.030019
453.000000 0.011323 0.009303 0.008436 0.029062
454.000000 0.014828 0.008901 0.008325 0.032054
455.000000 0.014882 0.008768 0.010034 0.033684
456.000000 0.017252 0.021539 0.012299 0.051090
457.000000 0.015095 0.009193 0.009704 0.033992
458.000000 0.005020 0.004540 0.005364 0.014924
459.000000 0.011436 0.008245 0.008840 0.028521
460.000000 0.011079 0.007686 0.008703 0.027468
461.000000 0.006677 0.004892 0.006883 0.018452
462.000000 0.004900 0.003253 0.004997 0.013150
463.000000 0.004747 0.003907 0.004822 0.013476
464.000000 0.005807 0.004003 0.005652 0.015462
465.000000 0.010748 0.008470 0.008272 0.027490
466.000000 0.013128 0.007534 0.007725 0.028387
467.000000 0.026218 0.014469 0.011762 0.052449
468.000000 0.013510 0.009786 0.009442 0.032738
469.000000 0.014357 0.013480 0.028426 0.056263
470.000000 0.014499 0.008742 0.009894 0.033135
471.000000 0.012162 0.008945 0.008496 0.029603
472.000000 0.011840 0.008533 0.008559 0.028932
473.000000 0.009549 0.008706 0.008461 0.026716
474.000000 0.010389 0.008870 0.008024 0.027283
475.000000 0.012194 0.008782 0.008026 0.029002
476.000000 0.012385 0.009564 0.008032 0.029981
477.000000 0.015889 0.010594 0.009781 0.036264
478.000000 0.010861 0.008436 0.008777 0.028074
479.000000 0.006942 0.005140 0.006211 0.018293
480.000000 0.005592 0.004303 0.005138 0.015033
481.000000 0.004860 0.005406 0.006094 0.016360
482.000000 0.004663 0.004865 0.006574 0.016102
483.000000 0.003906 0.002595 0.004260 0.010761
484.000000 0.006138 0.006207 0.006645 0.018990
485.000000 0.004770 0.004062 0.005242 0.014074
486.000000 0.003695 0.001500 0.004490 0.009685
487.000000 0.012240 0.008706 0.009312 0.030258
488.000000 0.012565 0.009357 0.008609 0.030531
489.000000 0.005112 0.004707 0.006371 0.016190
490.000000 0.004181 0.003279 0.003927 0.011387
491.000000 0.007746 0.005935 0.006357 0.020038
492.000000 0.015408 0.009374 0.009958 0.034740
493.000000 0.014310 0.010011 0.008911 0.033232
494.000000 0.018584 0.009070 0.009947 0.037601
495.000000 0.006673 0.005032 0.005988 0.017693
496.000000 0.007425 0.006765 0.006613 0.020803
497.000000 0.017630 0.010180 0.009261 0.037071
498.000000 0.006784 0.006002 0.006554 0.019340
499.000000 0.003558 0.002122 0.004589 0.010269
500.000000 0.005357 0.005166 0.005243 0.015766
501.000000 0.004796 0.003452 0.005315 0.013563
502.000000 0.012088 0.009324 0.008375 0.029787
503.000000 0.014644 0.009568 0.009376 0.033588
504.000000 0.011282 0.008459 0.008534 0.028275
505.000000 0.008901 0.008075 0.008626 0.025602
506.000000 0.005624 0.004398 0.006010 0.016032
507.000000 0.012967 0.009074 0.008704 0.030745
508.000000 0.015201 0.009532 0.008930 0.033663
509.000000 0.012187 0.010067 0.008778 0.031032
510.000000 0.010113 0.007481 0.007676 0.025270
511.000000 0.007231 0.005999 0.006679 0.019909
512.000000 0.003405 0.003459 0.004352 0.011216
513.000000 0.004748 0.003771 0.005433 0.013952
514.000000 0.006350 0.005410 0.006411 0.018171
515.000000 0.004403 0.003673 0.005427 0.013503
516.000000 0.005840 0.005636 0.006501 0.017977
517.000000 0.015838 0.008953 0.008276 0.033067
518.000000 0.004841 0.003724 0.005664 0.014229
519.000000 0.012854 0.009027 0.008639 0.030520
520.000000 0.017700 0.010286 0.008710 0.036696
521.000000 0.007322 0.005664 0.006425 0.019411
522.000000 0.005496 0.004666 0.005179 0.015341
523.000000 0.004258 0.003755 0.005783 0.013796
524.000000 0.012127 0.009718 0.009133 0.030978
525.000000 0.008171 0.008580 0.009252 0.026003
526.000000 0.008380 0.008340 0.009032 0.025752
527.000000 0.005035 0.005124 0.006086 0.016245
528.000000 0.007733 0.007596 0.007085 0.022414
529.000000 0.009393 0.007462 0.008376 0.025231
530.000000 0.011720 0.008465 0.008796 0.028981
531.000000 0.004865 0.004269 0.005976 0.015110
532.000000 0.015118 0.010118 0.008938 0.034174
533.000000 0.009993 0.007926 0.008252 0.026171
534.000000 0.008771 0.007083 0.007726 0.023580
535.000000 0.005396 0.004106 0.005959 0.015461
536.000000 0.006261 0.007132 0.005810 0.019203
537.000000 0.009977 0.008332 0.007922 0.026231
538.000000 0.012092 0.010385 0.008962 0.031439
539.000000 0.014511 0.009444 0.010493 0.034448
540.000000 0.010544 0.008304 0.008112 0.026960
541.000000 0.007208 0.007035 0.006824 0.021067
542.000000 0.004669 0.004387 0.006355 0.015411
543.000000 0.006812 0.006180 0.006758 0.019750
544.000000 0.002817 0.002588 0.003223 0.008628
545.000000 0.002432 0.001878 0.003767 0.008077
546.000000 0.007472 0.007307 0.008063 0.022842
547.000000 0.018929 0.010116 0.010091 0.039136
548.000000 0.008205 0.009126 0.007728 0.025059
549.000000 0.006536 0.006497 0.006034 0.019067
550.000000 0.009652 0.008863 0.009834 0.028349
551.000000 0.006839 0.005594 0.007442 0.019875
552.000000 0.007264 0.007547 0.007686 0.022497
553.000000 0.009520 0.009183 0.010253 0.028956
554.000000 0.008309 0.008051 0.008687 0.025047
555.000000 0.009062 0.007196 0.006931 0.023189
556.000000 0.005466 0.005754 0.006336 0.017556
557.000000 0.007981 0.006979 0.007106 0.022066
558.000000 0.016673 0.010290 0.009818 0.036781
559.000000 0.012099 0.026673 0.013018 0.051790
560.000000 0.054854 0.008763 0.010333 0.073950
561.000000 0.003598 0.003358 0.003895 0.010851
562.000000 0.004259 0.004233 0.005333 0.013825
563.000000 0.007585 0.007937 0.008643 0.024165
564.000000 0.010575 0.010644 0.010966 0.032185
565.000000 0.006237 0.006053 0.006593 0.018883
566.000000 0.003814 0.003329 0.004606 0.011749
567.000000 0.004490 0.004088 0.005056 0.013634
568.000000 0.005506 0.005634 0.006010 0.017150
569.000000 0.008556 0.007120 0.008118 0.023794
570.000000 0.008022 0.007007 0.007034 0.022063
571.000000 0.005031 0.004046 0.005443 0.014520
572.000000 0.013674 0.008972 0.008966 0.031612
573.000000 0.015152 0.009897 0.010473 0.035522
574.000000 0.014412 0.009611 0.008435 0.032458
575.000000 0.012205 0.009602 0.010193 0.032000
576.000000 0.007782 0.005429 0.006822 0.020033
577.000000 0.005709 0.005215 0.005936 0.016860
578.000000 0.004098 0.003258 0.004969 0.012325
579.000000 0.009817 0.007995 0.007832 0.025644
580.000000 0.012222 0.007847 0.009074 0.029143
581.000000 0.017832 0.020196 0.028785 0.066813
582.000000 0.006757 0.005949 0.006588 0.019294
583.000000 0.004352 0.003469 0.005247 0.013068
584.000000 0.012875 0.008231 0.008566 0.029672
585.000000 0.012885 0.008251 0.009303 0.030439
586.000000 0.013283 0.007990 0.008755 0.030028
587.000000 0.010296 0.007960 0.007507 0.025763
588.000000 0.005068 0.004303 0.004945 0.014316
589.000000 0.012972 0.008023 0.008875 0.029870
590.000000 0.004830 0.003654 0.004947 0.013431
591.000000 0.006713 0.005147 0.005831 0.017691
592.000000 0.008247 0.006521 0.006636 0.021404
593.000000 0.006166 0.004773 0.006130 0.017069
594.000000 0.010275 0.007733 0.007888 0.025896
595.000000 0.014701 0.010139 0.009587 0.034427
596.000000 0.016588 0.009104 0.009608 0.035300
597.000000 0.011710 0.009983 0.009904 0.031597
598.000000 0.013902 0.009223 0.009194 0.032319
599.000000 0.006748 0.006547 0.006122 0.019417
600.000000 0.000448 0.000000 0.002089 0.002537
