Time 1-10.0.0.3-10.0.0.2 Aggregate-Flow
0.000000 0.002979 0.002979
1.000000 0.002938 0.002938
2.000000 0.003093 0.003093
3.000000 0.003400 0.003400
4.000000 0.003874 0.003874
5.000000 0.003890 0.003890
6.000000 0.003080 0.003080
7.000000 0.003871 0.003871
8.000000 0.003432 0.003432
9.000000 0.002597 0.002597
10.000000 0.002808 0.002808
11.000000 0.004590 0.004590
12.000000 0.003777 0.003777
13.000000 0.003961 0.003961
14.000000 0.004888 0.004888
15.000000 0.003152 0.003152
16.000000 0.003298 0.003298
17.000000 0.004397 0.004397
18.000000 0.004256 0.004256
19.000000 0.003867 0.003867
20.000000 0.003652 0.003652
21.000000 0.004154 0.004154
22.000000 0.003339 0.003339
23.000000 0.003557 0.003557
24.000000 0.003783 0.003783
25.000000 0.003171 0.003171
26.000000 0.003781 0.003781
27.000000 0.003410 0.003410
28.000000 0.003779 0.003779
29.000000 0.003494 0.003494
30.000000 0.004003 0.004003
31.000000 0.005007 0.005007
32.000000 0.003219 0.003219
33.000000 0.003182 0.003182
34.000000 0.004538 0.004538
35.000000 0.003438 0.003438
36.000000 0.003150 0.003150
37.000000 0.003359 0.003359
38.000000 0.003131 0.003131
39.000000 0.003783 0.003783
40.000000 0.004682 0.004682
41.000000 0.003478 0.003478
42.000000 0.002874 0.002874
43.000000 0.003528 0.003528
44.000000 0.003060 0.003060
45.000000 0.002696 0.002696
46.000000 0.004012 0.004012
47.000000 0.003026 0.003026
48.000000 0.003770 0.003770
49.000000 0.005487 0.005487
50.000000 0.004056 0.004056
51.000000 0.003807 0.003807
52.000000 0.003924 0.003924
53.000000 0.004176 0.004176
54.000000 0.003301 0.003301
55.000000 0.003715 0.003715
56.000000 0.003795 0.003795
57.000000 0.003738 0.003738
58.000000 0.003643 0.003643
59.000000 0.003051 0.003051
60.000000 0.002865 0.002865
61.000000 0.003612 0.003612
62.000000 0.002794 0.002794
63.000000 0.004169 0.004169
64.000000 0.003906 0.003906
65.000000 0.003053 0.003053
66.000000 0.004709 0.004709
67.000000 0.003113 0.003113
68.000000 0.003005 0.003005
69.000000 0.003382 0.003382
70.000000 0.003541 0.003541
71.000000 0.003116 0.003116
72.000000 0.002942 0.002942
73.000000 0.004381 0.004381
74.000000 0.004055 0.004055
75.000000 0.003559 0.003559
76.000000 0.003624 0.003624
77.000000 0.004316 0.004316
78.000000 0.003318 0.003318
79.000000 0.003466 0.003466
80.000000 0.003509 0.003509
81.000000 0.003540 0.003540
82.000000 0.003445 0.003445
83.000000 0.003608 0.003608
84.000000 0.003276 0.003276
85.000000 0.002998 0.002998
86.000000 0.003308 0.003308
87.000000 0.002689 0.002689
88.000000 0.004778 0.004778
89.000000 0.003517 0.003517
90.000000 0.003446 0.003446
91.000000 0.003399 0.003399
92.000000 0.005013 0.005013
93.000000 0.003955 0.003955
94.000000 0.004037 0.004037
95.000000 0.004200 0.004200
96.000000 0.003440 0.003440
97.000000 0.002856 0.002856
98.000000 0.002927 0.002927
99.000000 0.003375 0.003375
100.000000 0.003298 0.003298
101.000000 0.004393 0.004393
102.000000 0.002638 0.002638
103.000000 0.003595 0.003595
104.000000 0.004036 0.004036
105.000000 0.003330 0.003330
106.000000 0.003572 0.003572
107.000000 0.002591 0.002591
108.000000 0.003787 0.003787
109.000000 0.003656 0.003656
110.000000 0.003562 0.003562
111.000000 0.003227 0.003227
112.000000 0.004013 0.004013
113.000000 0.003087 0.003087
114.000000 0.003923 0.003923
115.000000 0.003265 0.003265
116.000000 0.003136 0.003136
117.000000 0.003254 0.003254
118.000000 0.003872 0.003872
119.000000 0.003485 0.003485
120.000000 0.003404 0.003404
121.000000 0.004071 0.004071
122.000000 0.002942 0.002942
123.000000 0.004521 0.004521
124.000000 0.002965 0.002965
125.000000 0.003432 0.003432
126.000000 0.004180 0.004180
127.000000 0.003090 0.003090
128.000000 0.003647 0.003647
129.000000 0.003300 0.003300
130.000000 0.003076 0.003076
131.000000 0.002684 0.002684
132.000000 0.003299 0.003299
133.000000 0.002876 0.002876
134.000000 0.003344 0.003344
135.000000 0.004008 0.004008
136.000000 0.003212 0.003212
137.000000 0.003619 0.003619
138.000000 0.003967 0.003967
139.000000 0.002875 0.002875
140.000000 0.003640 0.003640
141.000000 0.003462 0.003462
142.000000 0.004060 0.004060
143.000000 0.004207 0.004207
144.000000 0.002950 0.002950
145.000000 0.003413 0.003413
146.000000 0.003874 0.003874
147.000000 0.002787 0.002787
148.000000 0.002892 0.002892
149.000000 0.003129 0.003129
150.000000 0.003876 0.003876
151.000000 0.003411 0.003411
152.000000 0.003671 0.003671
153.000000 0.003875 0.003875
154.000000 0.004109 0.004109
155.000000 0.003461 0.003461
156.000000 0.002438 0.002438
157.000000 0.004272 0.004272
158.000000 0.003651 0.003651
159.000000 0.003014 0.003014
160.000000 0.004108 0.004108
161.000000 0.003379 0.003379
162.000000 0.003344 0.003344
163.000000 0.003673 0.003673
164.000000 0.003436 0.003436
165.000000 0.003982 0.003982
166.000000 0.003467 0.003467
167.000000 0.003470 0.003470
168.000000 0.003838 0.003838
169.000000 0.003608 0.003608
170.000000 0.003549 0.003549
171.000000 0.004014 0.004014
172.000000 0.002683 0.002683
173.000000 0.003008 0.003008
174.000000 0.004028 0.004028
175.000000 0.003686 0.003686
176.000000 0.003308 0.003308
177.000000 0.003842 0.003842
178.000000 0.003103 0.003103
179.000000 0.003174 0.003174
180.000000 0.003802 0.003802
181.000000 0.003093 0.003093
182.000000 0.003273 0.003273
183.000000 0.004257 0.004257
184.000000 0.003278 0.003278
185.000000 0.004235 0.004235
186.000000 0.002977 0.002977
187.000000 0.002905 0.002905
188.000000 0.004806 0.004806
189.000000 0.002824 0.002824
190.000000 0.003659 0.003659
191.000000 0.003874 0.003874
192.000000 0.003411 0.003411
193.000000 0.004039 0.004039
194.000000 0.003643 0.003643
195.000000 0.003770 0.003770
196.000000 0.004144 0.004144
197.000000 0.003575 0.003575
198.000000 0.003196 0.003196
199.000000 0.002857 0.002857
200.000000 0.002812 0.002812
201.000000 0.003723 0.003723
202.000000 0.004131 0.004131
203.000000 0.004547 0.004547
204.000000 0.002702 0.002702
205.000000 0.003427 0.003427
206.000000 0.003327 0.003327
207.000000 0.002865 0.002865
208.000000 0.005088 0.005088
209.000000 0.002762 0.002762
210.000000 0.003653 0.003653
211.000000 0.004726 0.004726
212.000000 0.002957 0.002957
213.000000 0.003603 0.003603
214.000000 0.003214 0.003214
215.000000 0.003762 0.003762
216.000000 0.003374 0.003374
217.000000 0.002964 0.002964
218.000000 0.003331 0.003331
219.000000 0.003147 0.003147
220.000000 0.004480 0.004480
221.000000 0.002913 0.002913
222.000000 0.003587 0.003587
223.000000 0.002587 0.002587
224.000000 0.003876 0.003876
225.000000 0.003489 0.003489
226.000000 0.003172 0.003172
227.000000 0.003525 0.003525
228.000000 0.004038 0.004038
229.000000 0.003479 0.003479
230.000000 0.003924 0.003924
231.000000 0.003669 0.003669
232.000000 0.003384 0.003384
233.000000 0.003940 0.003940
234.000000 0.002542 0.002542
235.000000 0.003351 0.003351
236.000000 0.003662 0.003662
237.000000 0.002423 0.002423
238.000000 0.004136 0.004136
239.000000 0.003686 0.003686
240.000000 0.003958 0.003958
241.000000 0.003027 0.003027
242.000000 0.004331 0.004331
243.000000 0.003827 0.003827
244.000000 0.004388 0.004388
245.000000 0.004491 0.004491
246.000000 0.003234 0.003234
247.000000 0.003320 0.003320
248.000000 0.004164 0.004164
249.000000 0.003306 0.003306
250.000000 0.003623 0.003623
251.000000 0.004034 0.004034
252.000000 0.002923 0.002923
253.000000 0.003663 0.003663
254.000000 0.003276 0.003276
255.000000 0.003202 0.003202
256.000000 0.003354 0.003354
257.000000 0.003695 0.003695
258.000000 0.003013 0.003013
259.000000 0.003829 0.003829
260.000000 0.003551 0.003551
261.000000 0.003243 0.003243
262.000000 0.003989 0.003989
263.000000 0.002501 0.002501
264.000000 0.002814 0.002814
265.000000 0.004417 0.004417
266.000000 0.003570 0.003570
267.000000 0.004038 0.004038
268.000000 0.003783 0.003783
269.000000 0.003502 0.003502
270.000000 0.004287 0.004287
271.000000 0.003491 0.003491
272.000000 0.004567 0.004567
273.000000 0.003685 0.003685
274.000000 0.003269 0.003269
275.000000 0.002930 0.002930
276.000000 0.003300 0.003300
277.000000 0.002276 0.002276
278.000000 0.004470 0.004470
279.000000 0.003840 0.003840
280.000000 0.004629 0.004629
281.000000 0.003096 0.003096
282.000000 0.003115 0.003115
283.000000 0.003949 0.003949
284.000000 0.002820 0.002820
285.000000 0.004549 0.004549
286.000000 0.003080 0.003080
287.000000 0.003619 0.003619
288.000000 0.003690 0.003690
289.000000 0.003153 0.003153
290.000000 0.003538 0.003538
291.000000 0.004726 0.004726
292.000000 0.002945 0.002945
293.000000 0.004386 0.004386
294.000000 0.002815 0.002815
295.000000 0.003727 0.003727
296.000000 0.003818 0.003818
297.000000 0.003619 0.003619
298.000000 0.003026 0.003026
299.000000 0.002581 0.002581
300.000000 0.003553 0.003553
301.000000 0.002706 0.002706
302.000000 0.003796 0.003796
303.000000 0.002702 0.002702
304.000000 0.004076 0.004076
305.000000 0.003159 0.003159
306.000000 0.003410 0.003410
307.000000 0.003409 0.003409
308.000000 0.004386 0.004386
309.000000 0.003460 0.003460
310.000000 0.004159 0.004159
311.000000 0.003394 0.003394
312.000000 0.003029 0.003029
313.000000 0.002943 0.002943
314.000000 0.002847 0.002847
315.000000 0.002763 0.002763
316.000000 0.004162 0.004162
317.000000 0.004840 0.004840
318.000000 0.002723 0.002723
319.000000 0.003915 0.003915
320.000000 0.005099 0.005099
321.000000 0.004200 0.004200
322.000000 0.004927 0.004927
323.000000 0.003360 0.003360
324.000000 0.003375 0.003375
325.000000 0.007299 0.007299
326.000000 0.004566 0.004566
327.000000 0.004434 0.004434
328.000000 0.006044 0.006044
329.000000 0.005376 0.005376
330.000000 0.004487 0.004487
331.000000 0.004034 0.004034
332.000000 0.003912 0.003912
333.000000 0.003627 0.003627
334.000000 0.004708 0.004708
335.000000 0.006651 0.006651
336.000000 0.005164 0.005164
337.000000 0.004516 0.004516
338.000000 0.003874 0.003874
339.000000 0.004586 0.004586
340.000000 0.004591 0.004591
341.000000 0.005370 0.005370
342.000000 0.006723 0.006723
343.000000 0.004391 0.004391
344.000000 0.003696 0.003696
345.000000 0.004190 0.004190
346.000000 0.003125 0.003125
347.000000 0.003286 0.003286
348.000000 0.003389 0.003389
349.000000 0.003497 0.003497
350.000000 0.004280 0.004280
351.000000 0.005107 0.005107
352.000000 0.004105 0.004105
353.000000 0.003423 0.003423
354.000000 0.004391 0.004391
355.000000 0.005227 0.005227
356.000000 0.002711 0.002711
357.000000 0.003395 0.003395
358.000000 0.004452 0.004452
359.000000 0.003510 0.003510
360.000000 0.003426 0.003426
361.000000 0.003347 0.003347
362.000000 0.003685 0.003685
363.000000 0.003744 0.003744
364.000000 0.004039 0.004039
365.000000 0.003832 0.003832
366.000000 0.003968 0.003968
367.000000 0.004285 0.004285
368.000000 0.003136 0.003136
369.000000 0.004094 0.004094
370.000000 0.004681 0.004681
371.000000 0.002955 0.002955
372.000000 0.003532 0.003532
373.000000 0.003110 0.003110
374.000000 0.003312 0.003312
375.000000 0.004836 0.004836
376.000000 0.003573 0.003573
377.000000 0.003341 0.003341
378.000000 0.003774 0.003774
379.000000 0.003707 0.003707
380.000000 0.003207 0.003207
381.000000 0.003413 0.003413
382.000000 0.003739 0.003739
383.000000 0.004054 0.004054
384.000000 0.005487 0.005487
385.000000 0.004548 0.004548
386.000000 0.004534 0.004534
387.000000 0.004759 0.004759
388.000000 0.004355 0.004355
389.000000 0.003732 0.003732
390.000000 0.004080 0.004080
391.000000 0.003836 0.003836
392.000000 0.004208 0.004208
393.000000 0.004047 0.004047
394.000000 0.003085 0.003085
395.000000 0.003364 0.003364
396.000000 0.004745 0.004745
397.000000 0.003172 0.003172
398.000000 0.003812 0.003812
399.000000 0.003734 0.003734
400.000000 0.003426 0.003426
401.000000 0.003926 0.003926
402.000000 0.004660 0.004660
403.000000 0.004318 0.004318
404.000000 0.003430 0.003430
405.000000 0.003623 0.003623
406.000000 0.003652 0.003652
407.000000 0.004954 0.004954
408.000000 0.004082 0.004082
409.000000 0.003855 0.003855
410.000000 0.004779 0.004779
411.000000 0.004571 0.004571
412.000000 0.006816 0.006816
413.000000 0.004051 0.004051
414.000000 0.004783 0.004783
415.000000 0.004321 0.004321
416.000000 0.004742 0.004742
417.000000 0.003568 0.003568
418.000000 0.003218 0.003218
419.000000 0.004760 0.004760
420.000000 0.004009 0.004009
421.000000 0.004540 0.004540
422.000000 0.003528 0.003528
423.000000 0.003158 0.003158
424.000000 0.004054 0.004054
425.000000 0.003505 0.003505
426.000000 0.003317 0.003317
427.000000 0.004138 0.004138
428.000000 0.003597 0.003597
429.000000 0.003419 0.003419
430.000000 0.003510 0.003510
431.000000 0.004601 0.004601
432.000000 0.004088 0.004088
433.000000 0.004218 0.004218
434.000000 0.004276 0.004276
435.000000 0.003972 0.003972
436.000000 0.003341 0.003341
437.000000 0.003531 0.003531
438.000000 0.003850 0.003850
439.000000 0.003710 0.003710
440.000000 0.004610 0.004610
441.000000 0.002743 0.002743
442.000000 0.004026 0.004026
443.000000 0.003272 0.003272
444.000000 0.004605 0.004605
445.000000 0.004040 0.004040
446.000000 0.003062 0.003062
447.000000 0.003842 0.003842
448.000000 0.003049 0.003049
449.000000 0.003061 0.003061
450.000000 0.004049 0.004049
451.000000 0.004112 0.004112
452.000000 0.003549 0.003549
453.000000 0.004577 0.004577
454.000000 0.004222 0.004222
455.000000 0.003966 0.003966
456.000000 0.003905 0.003905
457.000000 0.003713 0.003713
458.000000 0.003587 0.003587
459.000000 0.003910 0.003910
460.000000 0.005420 0.005420
461.000000 0.005021 0.005021
462.000000 0.003653 0.003653
463.000000 0.003108 0.003108
464.000000 0.005500 0.005500
465.000000 0.004759 0.004759
466.000000 0.003632 0.003632
467.000000 0.003787 0.003787
468.000000 0.004159 0.004159
469.000000 0.003533 0.003533
470.000000 0.004326 0.004326
471.000000 0.005412 0.005412
472.000000 0.003668 0.003668
473.000000 0.003937 0.003937
474.000000 0.004450 0.004450
475.000000 0.003389 0.003389
476.000000 0.003489 0.003489
477.000000 0.004251 0.004251
478.000000 0.003786 0.003786
479.000000 0.003529 0.003529
480.000000 0.003720 0.003720
481.000000 0.003337 0.003337
482.000000 0.003870 0.003870
483.000000 0.004616 0.004616
484.000000 0.004779 0.004779
485.000000 0.004849 0.004849
486.000000 0.004764 0.004764
487.000000 0.004053 0.004053
488.000000 0.004189 0.004189
489.000000 0.004400 0.004400
490.000000 0.003606 0.003606
491.000000 0.003513 0.003513
492.000000 0.004317 0.004317
493.000000 0.003734 0.003734
494.000000 0.004950 0.004950
495.000000 0.004183 0.004183
496.000000 0.002789 0.002789
497.000000 0.003364 0.003364
498.000000 0.003601 0.003601
499.000000 0.005410 0.005410
500.000000 0.003298 0.003298
501.000000 0.004895 0.004895
502.000000 0.004550 0.004550
503.000000 0.003683 0.003683
504.000000 0.004079 0.004079
505.000000 0.004019 0.004019
506.000000 0.002671 0.002671
507.000000 0.004950 0.004950
508.000000 0.003709 0.003709
509.000000 0.003706 0.003706
510.000000 0.002886 0.002886
511.000000 0.003917 0.003917
512.000000 0.003567 0.003567
513.000000 0.003639 0.003639
514.000000 0.003443 0.003443
515.000000 0.003781 0.003781
516.000000 0.004135 0.004135
517.000000 0.003306 0.003306
518.000000 0.003754 0.003754
519.000000 0.003720 0.003720
520.000000 0.003404 0.003404
521.000000 0.002694 0.002694
522.000000 0.003761 0.003761
523.000000 0.003948 0.003948
524.000000 0.003517 0.003517
525.000000 0.004794 0.004794
526.000000 0.003466 0.003466
527.000000 0.004426 0.004426
528.000000 0.003971 0.003971
529.000000 0.003775 0.003775
530.000000 0.003459 0.003459
531.000000 0.003709 0.003709
532.000000 0.003068 0.003068
533.000000 0.003779 0.003779
534.000000 0.004288 0.004288
535.000000 0.003293 0.003293
536.000000 0.004176 0.004176
537.000000 0.002929 0.002929
538.000000 0.003005 0.003005
539.000000 0.004527 0.004527
540.000000 0.003285 0.003285
541.000000 0.003425 0.003425
542.000000 0.003518 0.003518
543.000000 0.003345 0.003345
544.000000 0.003800 0.003800
545.000000 0.004048 0.004048
546.000000 0.003773 0.003773
547.000000 0.003950 0.003950
548.000000 0.004399 0.004399
549.000000 0.002701 0.002701
550.000000 0.003336 0.003336
551.000000 0.004621 0.004621
552.000000 0.003420 0.003420
553.000000 0.003620 0.003620
554.000000 0.004373 0.004373
555.000000 0.004008 0.004008
556.000000 0.004489 0.004489
557.000000 0.004103 0.004103
558.000000 0.003627 0.003627
559.000000 0.003540 0.003540
560.000000 0.004251 0.004251
561.000000 0.003137 0.003137
562.000000 0.004015 0.004015
563.000000 0.004029 0.004029
564.000000 0.002977 0.002977
565.000000 0.002993 0.002993
566.000000 0.004448 0.004448
567.000000 0.004057 0.004057
568.000000 0.004042 0.004042
569.000000 0.003382 0.003382
570.000000 0.003401 0.003401
571.000000 0.002875 0.002875
572.000000 0.004035 0.004035
573.000000 0.002623 0.002623
574.000000 0.003633 0.003633
575.000000 0.003410 0.003410
576.000000 0.003119 0.003119
577.000000 0.003543 0.003543
578.000000 0.003771 0.003771
579.000000 0.004302 0.004302
580.000000 0.002687 0.002687
581.000000 0.003289 0.003289
582.000000 0.003182 0.003182
583.000000 0.004652 0.004652
584.000000 0.003448 0.003448
585.000000 0.003919 0.003919
586.000000 0.003618 0.003618
587.000000 0.003267 0.003267
588.000000 0.004237 0.004237
589.000000 0.003116 0.003116
590.000000 0.003466 0.003466
591.000000 0.002898 0.002898
592.000000 0.004227 0.004227
593.000000 0.002988 0.002988
594.000000 0.004319 0.004319
595.000000 0.003852 0.003852
596.000000 0.002729 0.002729
597.000000 0.003775 0.003775
598.000000 0.003405 0.003405
599.000000 0.004141 0.004141
600.000000 0.014255 0.014255
