0	0.002204
1	0.002502
2	0.002132
3	0.002777
4	0.002437
5	0.002182
6	0.002426
7	0.002499
8	0.001785
9	0.004607
10	0.002443
11	0.002051
12	0.003744
13	0.002307
14	0.001680
15	0.002512
16	0.002475
17	0.001862
18	0.002337
19	0.001545
20	0.001736
21	0.001636
22	0.002150
23	0.003279
24	0.002371
25	0.003338
26	0.003870
27	0.001948
28	0.002594
29	0.002115
30	0.002898
31	0.002295
32	0.004548
33	0.001715
34	0.002303
35	0.002002
36	0.002215
37	0.002338
38	0.002508
39	0.002808
40	0.003242
41	0.002180
42	0.002390
43	0.002800
44	0.002153
45	0.001994
46	0.002249
47	0.004877
48	0.002310
49	0.002389
50	0.003417
51	0.003152
52	0.002025
53	0.001806
54	0.002106
55	0.003011
56	0.004031
57	0.002274
58	0.001682
59	0.002242
60	0.001822
61	0.002529
62	0.002080
63	0.002743
64	0.004090
65	0.003889
66	0.002476
67	0.003683
68	0.002415
69	0.002825
70	0.002124
71	0.002622
72	0.002454
73	0.003759
74	0.003359
75	0.002092
76	0.002886
77	0.002231
78	0.002433
79	0.002361
80	0.001757
81	0.002072
82	0.002291
83	0.001784
84	0.002567
85	0.002149
86	0.002447
87	0.002171
88	0.003329
89	0.002134
90	0.003516
91	0.003418
92	0.001960
93	0.002138
94	0.001739
95	0.001717
96	0.002224
97	0.002075
98	0.001950
99	0.002979
100	0.002355
101	0.002666
102	0.002091
103	0.002506
104	0.002320
105	0.003010
106	0.002479
107	0.001952
108	0.003131
109	0.004383
110	0.001884
111	0.003526
112	0.002227
113	0.001965
114	0.002799
115	0.001886
116	0.002426
117	0.005264
118	0.002263
119	0.001896
120	0.002084
121	0.002145
122	0.002215
123	0.004559
124	0.002652
125	0.003246
126	0.002546
127	0.001907
128	0.002572
129	0.004362
130	0.001920
131	0.002798
132	0.002846
133	0.002705
134	0.003776
135	0.001712
136	0.001733
137	0.003775
138	0.002477
139	0.003954
140	0.002010
141	0.001738
142	0.001879
143	0.003219
144	0.001589
145	0.002035
146	0.001728
147	0.002456
148	0.002539
149	0.002705
150	0.002917
151	0.004008
152	0.002393
153	0.001762
154	0.002509
155	0.003728
156	0.002305
157	0.003082
158	0.003219
159	0.001979
160	0.002025
161	0.002867
162	0.002051
163	0.003726
164	0.001986
165	0.001922
166	0.004538
167	0.003509
168	0.002212
169	0.002763
170	0.002565
171	0.002316
172	0.002584
173	0.001865
174	0.002291
175	0.002911
176	0.002345
177	0.002244
178	0.002827
179	0.002857
180	0.002715
181	0.002501
182	0.003038
183	0.002548
184	0.001783
185	0.001850
186	0.002698
187	0.002069
188	0.001699
189	0.003705
190	0.002696
191	0.002932
192	0.003403
193	0.002256
194	0.002696
195	0.002640
196	0.002874
197	0.002831
198	0.001760
199	0.002951
200	0.002159
201	0.002106
202	0.002293
203	0.002799
204	0.002397
205	0.002025
206	0.002412
207	0.002854
208	0.002277
209	0.002595
210	0.002386
211	0.001996
212	0.003008
213	0.002941
214	0.002856
215	0.001491
216	0.002205
217	0.002042
218	0.002656
219	0.002387
220	0.002273
221	0.003081
222	0.002888
223	0.002922
224	0.002944
225	0.002527
226	0.001827
227	0.003451
228	0.003259
229	0.002301
230	0.001721
231	0.002573
232	0.002274
233	0.003140
234	0.002829
235	0.002235
236	0.002483
237	0.002489
238	0.002299
239	0.001797
240	0.002652
241	0.002882
242	0.002676
243	0.002293
244	0.002927
245	0.002642
246	0.001961
247	0.002437
248	0.001968
249	0.001881
250	0.001830
251	0.003097
252	0.003691
253	0.002345
254	0.002908
255	0.002921
256	0.008187
257	0.001926
258	0.002711
259	0.002888
260	0.002723
261	0.002940
262	0.003545
263	0.001856
264	0.002245
265	0.004099
266	0.002090
267	0.002580
268	0.002049
269	0.001919
270	0.003276
271	0.002951
272	0.003597
273	0.002377
274	0.003012
275	0.001904
276	0.001814
277	0.001646
278	0.002066
279	0.002829
280	0.002595
281	0.002223
282	0.002429
283	0.002080
284	0.002196
285	0.003165
286	0.002117
287	0.002567
288	0.006221
289	0.002577
290	0.002388
291	0.003594
292	0.002423
293	0.002024
294	0.002731
295	0.002378
296	0.003050
297	0.002386
298	0.002135
299	0.002511
300	0.002719
301	0.002423
302	0.002476
303	0.003175
304	0.001849
305	0.004191
306	0.002580
307	0.002416
308	0.002101
309	0.002066
310	0.001982
311	0.002789
312	0.001955
313	0.002249
314	0.002554
315	0.001644
316	0.002547
317	0.003409
318	0.001961
319	0.001711
320	0.002158
321	0.002261
322	0.002531
323	0.002317
324	0.002432
325	0.003244
326	0.003325
327	0.002888
328	0.002599
329	0.003323
330	0.002886
331	0.002167
332	0.002510
333	0.003641
334	0.001897
335	0.002148
336	0.002351
337	0.003405
338	0.001490
339	0.002444
340	0.001888
341	0.002196
342	0.002028
343	0.002442
344	0.002300
345	0.002754
346	0.002982
347	0.002358
348	0.001882
349	0.003426
350	0.002394
351	0.003028
352	0.002252
353	0.001955
354	0.002045
355	0.002409
356	0.002232
357	0.001987
358	0.001949
359	0.002721
360	0.002996
361	0.002520
362	0.001855
363	0.003285
364	0.001840
365	0.002866
366	0.002594
367	0.002112
368	0.002926
369	0.002858
370	0.002277
371	0.002433
372	0.002084
373	0.001899
374	0.002058
375	0.002314
376	0.002191
377	0.005618
378	0.002567
379	0.002150
380	0.002600
381	0.002559
382	0.002147
383	0.002576
384	0.002127
385	0.001857
386	0.001656
387	0.002182
388	0.002566
389	0.002257
390	0.001909
391	0.003037
392	0.002506
393	0.002441
394	0.007630
395	0.001913
396	0.002338
397	0.003259
398	0.002379
399	0.002245
400	0.001551
401	0.001939
402	0.001761
403	0.002711
404	0.002295
405	0.001947
406	0.002490
407	0.002245
408	0.002473
409	0.003549
410	0.001985
411	0.002529
412	0.002233
413	0.001818
414	0.002107
415	0.003429
416	0.001911
417	0.002488
418	0.002571
419	0.002217
420	0.002661
421	0.002081
422	0.002465
423	0.002546
424	0.002224
425	0.002670
426	0.002171
427	0.001878
428	0.001704
429	0.003307
430	0.002152
431	0.001677
432	0.001850
433	0.002700
434	0.004940
435	0.001740
436	0.002093
437	0.003198
438	0.003266
439	0.002421
440	0.002319
441	0.002139
442	0.002663
443	0.003901
444	0.002460
445	0.002604
446	0.003553
447	0.002427
448	0.002178
449	0.002009
450	0.002926
451	0.002109
452	0.003338
453	0.001787
454	0.003253
455	0.002635
456	0.001916
457	0.002107
458	0.002810
459	0.002067
460	0.003146
461	0.003873
462	0.003246
463	0.002839
464	0.002124
465	0.002477
466	0.002999
467	0.002632
468	0.001657
469	0.002063
470	0.001999
471	0.002273
472	0.002739
473	0.001848
474	0.002165
475	0.002338
476	0.002768
477	0.001927
478	0.004019
479	0.002365
480	0.003347
481	0.001986
482	0.002922
483	0.002411
484	0.002455
485	0.001800
486	0.004210
487	0.002074
488	0.002149
489	0.002060
490	0.001655
491	0.001837
492	0.002502
493	0.002133
494	0.001974
495	0.002719
496	0.001965
497	0.002671
498	0.003805
499	0.001996
500	0.002770
501	0.002617
502	0.004369
503	0.002943
504	0.002799
505	0.002299
506	0.004226
507	0.003056
508	0.003115
509	0.003040
510	0.002509
511	0.002377
512	0.003070
513	0.002393
514	0.002081
515	0.002204
516	0.002108
517	0.002076
518	0.003574
519	0.002588
520	0.001744
521	0.001781
522	0.002502
523	0.002450
524	0.004518
525	0.002205
526	0.002218
527	0.001945
528	0.003321
529	0.002507
530	0.002704
531	0.001814
532	0.003145
533	0.002446
534	0.002899
535	0.001693
536	0.002913
537	0.001911
538	0.002108
539	0.001670
540	0.003191
541	0.003386
542	0.002071
543	0.002103
544	0.002725
545	0.002728
546	0.002319
547	0.002069
548	0.001632
549	0.002209
550	0.002147
551	0.002077
552	0.002002
553	0.003273
554	0.002202
555	0.002178
556	0.003851
557	0.002720
558	0.004053
559	0.002534
560	0.002700
561	0.002923
562	0.002197
563	0.002575
564	0.002431
565	0.002223
566	0.002122
567	0.002428
568	0.002202
569	0.001936
570	0.001993
571	0.001882
572	0.001790
573	0.002138
574	0.002126
575	0.002910
576	0.002858
577	0.002059
578	0.002832
579	0.003125
580	0.002726
581	0.002682
582	0.002089
583	0.002059
584	0.003761
585	0.001999
586	0.001605
587	0.002937
588	0.002790
589	0.002912
590	0.002862
591	0.002791
592	0.002410
593	0.001884
594	0.001600
595	0.001718
596	0.001723
597	0.001402
598	0.001255
599	0.001582