Time 1-10.0.0.4-10.0.0.2 3-10.0.0.4-10.0.0.2 2-10.0.0.4-10.0.0.2 Aggregate-Flow
0.000000 377.280000 1644.000000 1372.800000 3394.080000
1.000000 513.920000 1716.000000 1986.400000 4216.320000
2.000000 439.680000 1596.000000 1570.400000 3606.080000
3.000000 402.560000 1980.000000 1622.400000 4004.960000
4.000000 449.600000 1464.000000 1757.600000 3671.200000
5.000000 416.640000 1728.000000 1934.400000 4079.040000
6.000000 485.760000 1848.000000 1913.600000 4247.360000
7.000000 416.960000 1620.000000 1632.800000 3669.760000
8.000000 496.320000 1764.000000 1861.600000 4121.920000
9.000000 491.520000 1860.000000 1903.200000 4254.720000
10.000000 257.280000 1524.000000 1008.800000 2790.080000
11.000000 137.280000 636.000000 603.200000 1376.480000
12.000000 47.680000 1008.000000 0.000000 1055.680000
13.000000 56.000000 1116.000000 0.000000 1172.000000
14.000000 70.400000 924.000000 0.000000 994.400000
15.000000 99.840000 1476.000000 0.000000 1575.840000
16.000000 190.400000 1536.000000 0.000000 1726.400000
17.000000 132.800000 1272.000000 0.000000 1404.800000
18.000000 50.560000 984.000000 2350.400000 3384.960000
19.000000 126.720000 1512.000000 2256.800000 3895.520000
20.000000 121.280000 1668.000000 1372.800000 3162.080000
21.000000 133.120000 1476.000000 1445.600000 3054.720000
22.000000 155.520000 1356.000000 1404.000000 2915.520000
23.000000 75.200000 1380.000000 1175.200000 2630.400000
24.000000 69.120000 1392.000000 1445.600000 2906.720000
25.000000 42.240000 1140.000000 1123.200000 2305.440000
26.000000 130.240000 1356.000000 1320.800000 2807.040000
27.000000 188.480000 1788.000000 1487.200000 3463.680000
28.000000 82.880000 1332.000000 1175.200000 2590.080000
29.000000 100.480000 1428.000000 1383.200000 2911.680000
30.000000 99.200000 1524.000000 1445.600000 3068.800000
31.000000 175.040000 1536.000000 1684.800000 3395.840000
32.000000 188.800000 1368.000000 1414.400000 2971.200000
33.000000 108.160000 1632.000000 1362.400000 3102.560000
34.000000 113.600000 1524.000000 1404.000000 3041.600000
35.000000 169.920000 1680.000000 1362.400000 3212.320000
36.000000 279.040000 1692.000000 1528.800000 3499.840000
37.000000 262.080000 1536.000000 1674.400000 3472.480000
38.000000 117.440000 1344.000000 1518.400000 2979.840000
39.000000 145.600000 1452.000000 1476.800000 3074.400000
40.000000 394.560000 1560.000000 1851.200000 3805.760000
41.000000 128.640000 1416.000000 1196.000000 2740.640000
42.000000 53.440000 1188.000000 1404.000000 2645.440000
43.000000 55.360000 1152.000000 1154.400000 2361.760000
44.000000 73.280000 1332.000000 1123.200000 2528.480000
45.000000 247.360000 1884.000000 1705.600000 3836.960000
46.000000 270.720000 1920.000000 1684.800000 3875.520000
47.000000 132.480000 1440.000000 1424.800000 2997.280000
48.000000 60.480000 1068.000000 1071.200000 2199.680000
49.000000 60.480000 1176.000000 1050.400000 2286.880000
50.000000 104.960000 1500.000000 1372.800000 2977.760000
51.000000 100.800000 1440.000000 1372.800000 2913.600000
52.000000 29.440000 480.000000 686.400000 1195.840000
53.000000 54.720000 1116.000000 1258.400000 2429.120000
54.000000 51.520000 1056.000000 1216.800000 2324.320000
55.000000 80.640000 1584.000000 1539.200000 3203.840000
56.000000 164.160000 1272.000000 1175.200000 2611.360000
57.000000 146.560000 1572.000000 1310.400000 3028.960000
58.000000 71.360000 1164.000000 1237.600000 2472.960000
59.000000 84.160000 1416.000000 1539.200000 3039.360000
60.000000 223.040000 1812.000000 1612.000000 3647.040000
61.000000 524.800000 1788.000000 1872.000000 4184.800000
62.000000 374.720000 1524.000000 1736.800000 3635.520000
63.000000 219.840000 1356.000000 1466.400000 3042.240000
64.000000 396.800000 1620.000000 1612.000000 3628.800000
65.000000 372.480000 1728.000000 1736.800000 3837.280000
66.000000 400.640000 1680.000000 1778.400000 3859.040000
67.000000 124.480000 1320.000000 1341.600000 2786.080000
68.000000 62.400000 1188.000000 1081.600000 2332.000000
69.000000 170.560000 1572.000000 1289.600000 3032.160000
70.000000 148.160000 1332.000000 1424.800000 2904.960000
71.000000 88.640000 864.000000 1154.400000 2107.040000
72.000000 76.800000 1380.000000 1289.600000 2746.400000
73.000000 99.520000 1356.000000 1352.000000 2807.520000
74.000000 265.600000 1848.000000 1580.800000 3694.400000
75.000000 305.280000 1692.000000 1591.200000 3588.480000
76.000000 116.800000 1572.000000 1445.600000 3134.400000
77.000000 102.400000 1476.000000 1508.000000 3086.400000
78.000000 162.880000 1608.000000 1528.800000 3299.680000
79.000000 390.400000 1692.000000 1560.000000 3642.400000
80.000000 242.560000 1716.000000 1445.600000 3404.160000
81.000000 104.960000 1524.000000 1268.800000 2897.760000
82.000000 171.520000 1524.000000 1466.400000 3161.920000
83.000000 418.880000 1680.000000 1840.800000 3939.680000
84.000000 357.760000 1560.000000 1778.400000 3696.160000
85.000000 124.800000 1464.000000 1580.800000 3169.600000
86.000000 147.520000 1656.000000 1435.200000 3238.720000
87.000000 508.480000 1776.000000 1736.800000 4021.280000
88.000000 507.520000 1788.000000 1643.200000 3938.720000
89.000000 262.720000 1668.000000 1622.400000 3553.120000
90.000000 121.600000 1332.000000 1424.800000 2878.400000
91.000000 107.200000 1524.000000 1320.800000 2952.000000
92.000000 203.520000 1512.000000 1508.000000 3223.520000
93.000000 151.360000 1440.000000 1216.800000 2808.160000
94.000000 94.400000 1356.000000 1268.800000 2719.200000
95.000000 80.320000 1368.000000 1476.800000 2925.120000
96.000000 176.320000 1536.000000 1518.400000 3230.720000
97.000000 228.800000 1584.000000 1528.800000 3341.600000
98.000000 108.480000 1464.000000 1476.800000 3049.280000
99.000000 65.920000 1380.000000 1237.600000 2683.520000
100.000000 65.600000 1308.000000 1320.800000 2694.400000
101.000000 152.960000 1860.000000 1560.000000 3572.960000
102.000000 252.480000 1368.000000 1414.400000 3034.880000
103.000000 151.680000 1620.000000 1591.200000 3362.880000
104.000000 72.960000 1344.000000 1279.200000 2696.160000
105.000000 193.920000 1776.000000 1518.400000 3488.320000
106.000000 425.600000 1812.000000 1778.400000 4016.000000
107.000000 368.960000 1608.000000 1726.400000 3703.360000
108.000000 143.040000 1512.000000 1414.400000 3069.440000
109.000000 168.640000 1500.000000 1341.600000 3010.240000
110.000000 545.920000 1608.000000 1820.000000 3973.920000
111.000000 452.480000 1752.000000 1736.800000 3941.280000
112.000000 425.920000 1692.000000 1622.400000 3740.320000
113.000000 544.640000 1668.000000 1976.000000 4188.640000
114.000000 415.040000 1836.000000 1788.800000 4039.840000
115.000000 540.480000 1800.000000 1757.600000 4098.080000
116.000000 753.280000 1704.000000 1872.000000 4329.280000
117.000000 584.320000 1740.000000 1872.000000 4196.320000
118.000000 520.960000 1836.000000 2038.400000 4395.360000
119.000000 380.480000 1716.000000 1705.600000 3802.080000
120.000000 487.680000 1728.000000 1757.600000 3973.280000
121.000000 430.720000 1764.000000 1788.800000 3983.520000
122.000000 640.000000 1992.000000 1778.400000 4410.400000
123.000000 776.320000 1884.000000 1830.400000 4490.720000
124.000000 546.560000 1980.000000 1622.400000 4148.960000
125.000000 520.960000 1644.000000 1955.200000 4120.160000
126.000000 388.480000 1836.000000 1830.400000 4054.880000
127.000000 494.400000 1716.000000 2017.600000 4228.000000
128.000000 509.760000 1656.000000 1695.200000 3860.960000
129.000000 402.880000 1764.000000 1788.800000 3955.680000
130.000000 635.200000 1812.000000 1664.000000 4111.200000
131.000000 512.000000 1680.000000 1674.400000 3866.400000
132.000000 628.800000 1608.000000 1705.600000 3942.400000
133.000000 484.160000 1812.000000 1684.800000 3980.960000
134.000000 454.080000 1704.000000 1393.600000 3551.680000
135.000000 488.320000 1848.000000 1664.000000 4000.320000
136.000000 361.600000 1704.000000 1809.600000 3875.200000
137.000000 515.520000 1692.000000 1622.400000 3829.920000
138.000000 558.400000 1692.000000 1820.000000 4070.400000
139.000000 692.800000 1812.000000 1653.600000 4158.400000
140.000000 613.440000 1692.000000 1768.000000 4073.440000
141.000000 430.080000 1656.000000 1695.200000 3781.280000
142.000000 486.720000 2220.000000 1892.800000 4599.520000
143.000000 408.960000 2028.000000 1799.200000 4236.160000
144.000000 490.880000 1764.000000 1580.800000 3835.680000
145.000000 507.200000 2076.000000 1955.200000 4538.400000
146.000000 430.720000 1620.000000 1716.000000 3766.720000
147.000000 504.960000 1848.000000 1778.400000 4131.360000
148.000000 427.840000 1908.000000 2059.200000 4395.040000
149.000000 633.600000 2076.000000 1747.200000 4456.800000
150.000000 702.400000 1944.000000 1757.600000 4404.000000
151.000000 510.720000 1680.000000 1809.600000 4000.320000
152.000000 696.320000 1728.000000 1861.600000 4285.920000
153.000000 399.040000 1812.000000 1747.200000 3958.240000
154.000000 494.080000 1776.000000 1820.000000 4090.080000
155.000000 490.240000 1956.000000 1757.600000 4203.840000
156.000000 482.880000 1884.000000 1799.200000 4166.080000
157.000000 581.760000 1740.000000 1965.600000 4287.360000
158.000000 422.080000 1608.000000 1934.400000 3964.480000
159.000000 524.160000 1716.000000 1872.000000 4112.160000
160.000000 454.720000 1752.000000 1570.400000 3777.120000
161.000000 507.840000 2148.000000 1601.600000 4257.440000
162.000000 555.840000 2028.000000 1840.800000 4424.640000
163.000000 417.280000 1776.000000 1861.600000 4054.880000
164.000000 702.720000 1788.000000 1903.200000 4393.920000
165.000000 509.440000 1536.000000 1622.400000 3667.840000
166.000000 530.560000 1740.000000 1736.800000 4007.360000
167.000000 556.800000 2100.000000 1955.200000 4612.000000
168.000000 398.400000 1788.000000 1778.400000 3964.800000
169.000000 636.800000 1788.000000 1726.400000 4151.200000
170.000000 439.680000 1668.000000 1872.000000 3979.680000
171.000000 506.880000 1872.000000 1820.000000 4198.880000
172.000000 715.200000 1896.000000 1830.400000 4441.600000
173.000000 567.040000 1836.000000 1882.400000 4285.440000
174.000000 804.480000 1752.000000 1944.800000 4501.280000
175.000000 471.680000 1992.000000 1664.000000 4127.680000
176.000000 517.440000 1920.000000 1820.000000 4257.440000
177.000000 560.000000 1944.000000 1840.800000 4344.800000
178.000000 433.920000 1908.000000 1778.400000 4120.320000
179.000000 747.200000 1860.000000 1892.800000 4500.000000
180.000000 451.840000 1740.000000 1851.200000 4043.040000
181.000000 837.440000 1800.000000 1757.600000 4395.040000
182.000000 530.880000 1956.000000 1903.200000 4390.080000
183.000000 565.760000 1812.000000 1643.200000 4020.960000
184.000000 742.720000 1704.000000 1404.000000 3850.720000
185.000000 429.440000 1416.000000 1747.200000 3592.640000
186.000000 486.080000 1788.000000 1903.200000 4177.280000
187.000000 480.320000 1896.000000 1809.600000 4185.920000
188.000000 871.360000 1884.000000 1872.000000 4627.360000
189.000000 1278.720000 1788.000000 1799.200000 4865.920000
190.000000 857.280000 1692.000000 1840.800000 4390.080000
191.000000 1065.280000 1944.000000 2163.200000 5172.480000
192.000000 913.280000 2052.000000 1736.800000 4702.080000
193.000000 648.640000 1932.000000 1934.400000 4515.040000
194.000000 525.440000 1968.000000 1716.000000 4209.440000
195.000000 503.360000 1860.000000 1872.000000 4235.360000
196.000000 512.640000 1656.000000 1872.000000 4040.640000
197.000000 408.640000 1740.000000 1591.200000 3739.840000
198.000000 593.920000 1992.000000 2277.600000 4863.520000
199.000000 558.720000 1848.000000 1539.200000 3945.920000
200.000000 643.840000 1860.000000 2048.800000 4552.640000
201.000000 625.920000 1980.000000 1716.000000 4321.920000
202.000000 510.080000 1824.000000 1622.400000 3956.480000
203.000000 553.920000 2148.000000 1695.200000 4397.120000
204.000000 487.040000 1788.000000 1664.000000 3939.040000
205.000000 573.760000 1884.000000 2184.000000 4641.760000
206.000000 480.640000 1752.000000 1955.200000 4187.840000
207.000000 439.680000 1596.000000 1965.600000 4001.280000
208.000000 545.920000 1788.000000 2048.800000 4382.720000
209.000000 441.600000 2064.000000 1674.400000 4180.000000
210.000000 601.280000 1800.000000 1612.000000 4013.280000
211.000000 526.400000 1680.000000 1872.000000 4078.400000
212.000000 622.080000 1788.000000 2080.000000 4490.080000
213.000000 627.840000 2040.000000 1840.800000 4508.640000
214.000000 377.920000 1536.000000 1716.000000 3629.920000
215.000000 492.160000 1668.000000 1695.200000 3855.360000
216.000000 449.600000 1776.000000 1518.400000 3744.000000
217.000000 627.200000 1980.000000 1861.600000 4468.800000
218.000000 677.120000 2064.000000 1996.800000 4737.920000
219.000000 536.960000 1812.000000 1726.400000 4075.360000
220.000000 553.600000 1932.000000 1788.800000 4274.400000
221.000000 405.760000 1896.000000 1622.400000 3924.160000
222.000000 484.800000 1668.000000 1726.400000 3879.200000
223.000000 483.200000 1632.000000 1622.400000 3737.600000
224.000000 442.240000 2112.000000 1622.400000 4176.640000
225.000000 505.600000 1992.000000 1830.400000 4328.000000
226.000000 412.800000 1608.000000 1736.800000 3757.600000
227.000000 582.720000 1752.000000 1612.000000 3946.720000
228.000000 433.280000 1608.000000 1768.000000 3809.280000
229.000000 621.440000 1800.000000 1716.000000 4137.440000
230.000000 534.720000 1860.000000 1518.400000 3913.120000
231.000000 587.520000 1524.000000 1955.200000 4066.720000
232.000000 744.960000 2100.000000 1809.600000 4654.560000
233.000000 454.080000 1908.000000 1757.600000 4119.680000
234.000000 715.200000 1776.000000 1653.600000 4144.800000
235.000000 770.560000 1680.000000 1674.400000 4124.960000
236.000000 593.600000 1608.000000 1747.200000 3948.800000
237.000000 676.160000 2016.000000 1892.800000 4584.960000
238.000000 420.160000 1716.000000 1747.200000 3883.360000
239.000000 520.320000 1740.000000 1861.600000 4121.920000
240.000000 650.240000 1944.000000 1736.800000 4331.040000
241.000000 648.000000 1776.000000 1882.400000 4306.400000
242.000000 749.440000 1608.000000 1830.400000 4187.840000
243.000000 446.080000 1932.000000 1892.800000 4270.880000
244.000000 549.760000 2004.000000 1612.000000 4165.760000
245.000000 545.920000 1668.000000 1778.400000 3992.320000
246.000000 637.760000 2028.000000 1653.600000 4319.360000
247.000000 720.320000 1896.000000 1560.000000 4176.320000
248.000000 439.360000 1848.000000 1788.800000 4076.160000
249.000000 702.400000 2052.000000 1747.200000 4501.600000
250.000000 458.880000 1668.000000 1612.000000 3738.880000
251.000000 630.080000 1872.000000 1643.200000 4145.280000
252.000000 709.120000 2028.000000 1996.800000 4733.920000
253.000000 556.800000 1812.000000 1466.400000 3835.200000
254.000000 760.000000 1764.000000 1851.200000 4375.200000
255.000000 408.000000 1716.000000 1757.600000 3881.600000
256.000000 565.120000 1536.000000 1445.600000 3546.720000
257.000000 680.000000 1728.000000 2048.800000 4456.800000
258.000000 505.600000 1728.000000 1788.800000 4022.400000
259.000000 797.120000 1812.000000 1882.400000 4491.520000
260.000000 487.040000 1680.000000 1674.400000 3841.440000
261.000000 599.360000 1788.000000 1757.600000 4144.960000
262.000000 629.440000 1836.000000 1820.000000 4285.440000
263.000000 441.600000 1788.000000 1799.200000 4028.800000
264.000000 523.840000 1620.000000 1840.800000 3984.640000
265.000000 441.920000 1800.000000 1882.400000 4124.320000
266.000000 747.520000 1836.000000 1809.600000 4393.120000
267.000000 584.000000 1812.000000 1612.000000 4008.000000
268.000000 529.280000 1836.000000 1851.200000 4216.480000
269.000000 654.400000 1260.000000 1372.800000 3287.200000
270.000000 439.680000 2472.000000 2163.200000 5074.880000
271.000000 790.400000 2076.000000 1851.200000 4717.600000
272.000000 595.200000 1692.000000 1892.800000 4180.000000
273.000000 585.920000 1836.000000 1913.600000 4335.520000
274.000000 770.880000 2052.000000 1799.200000 4622.080000
275.000000 622.080000 1740.000000 1830.400000 4192.480000
276.000000 839.040000 1908.000000 1549.600000 4296.640000
277.000000 500.480000 1836.000000 1716.000000 4052.480000
278.000000 468.480000 1812.000000 1830.400000 4110.880000
279.000000 442.880000 2004.000000 1570.400000 4017.280000
280.000000 539.520000 1836.000000 1788.800000 4164.320000
281.000000 842.560000 1632.000000 1830.400000 4304.960000
282.000000 478.720000 1752.000000 1560.000000 3790.720000
283.000000 687.360000 1884.000000 1747.200000 4318.560000
284.000000 648.640000 1956.000000 1809.600000 4414.240000
285.000000 484.160000 1908.000000 1695.200000 4087.360000
286.000000 605.760000 1752.000000 1913.600000 4271.360000
287.000000 484.160000 1548.000000 1674.400000 3706.560000
288.000000 743.360000 1956.000000 1924.000000 4623.360000
289.000000 584.320000 1980.000000 1570.400000 4134.720000
290.000000 542.720000 1872.000000 1799.200000 4213.920000
291.000000 625.920000 1656.000000 1716.000000 3997.920000
292.000000 484.480000 1656.000000 1757.600000 3898.080000
293.000000 503.040000 1788.000000 1632.800000 3923.840000
294.000000 482.240000 1956.000000 1788.800000 4227.040000
295.000000 566.080000 1848.000000 2038.400000 4452.480000
296.000000 453.760000 1608.000000 1757.600000 3819.360000
297.000000 456.320000 1908.000000 1601.600000 3965.920000
298.000000 513.920000 1764.000000 1716.000000 3993.920000
299.000000 380.160000 1848.000000 1591.200000 3819.360000
300.000000 513.280000 1812.000000 1684.800000 4010.080000
301.000000 532.480000 1524.000000 1757.600000 3814.080000
302.000000 652.480000 1560.000000 1996.800000 4209.280000
303.000000 670.720000 1728.000000 1851.200000 4249.920000
304.000000 441.600000 1740.000000 1830.400000 4012.000000
305.000000 710.720000 1884.000000 1955.200000 4549.920000
306.000000 586.560000 1632.000000 1716.000000 3934.560000
307.000000 687.360000 1752.000000 2048.800000 4488.160000
308.000000 563.200000 1932.000000 2059.200000 4554.400000
309.000000 370.240000 1680.000000 1757.600000 3807.840000
310.000000 518.080000 1680.000000 1851.200000 4049.280000
311.000000 380.800000 1560.000000 1788.800000 3729.600000
312.000000 520.000000 1716.000000 1892.800000 4128.800000
313.000000 682.560000 2088.000000 1799.200000 4569.760000
314.000000 441.920000 1584.000000 1955.200000 3981.120000
315.000000 530.560000 1728.000000 1965.600000 4224.160000
316.000000 437.760000 1788.000000 1778.400000 4004.160000
317.000000 542.720000 1752.000000 1986.400000 4281.120000
318.000000 644.160000 1956.000000 1986.400000 4586.560000
319.000000 406.400000 1608.000000 1736.800000 3751.200000
320.000000 533.760000 1824.000000 1892.800000 4250.560000
321.000000 466.560000 1572.000000 1622.400000 3660.960000
322.000000 504.640000 1560.000000 1768.000000 3832.640000
323.000000 533.440000 1704.000000 1757.600000 3995.040000
324.000000 510.080000 1800.000000 1913.600000 4223.680000
325.000000 672.960000 1476.000000 1622.400000 3771.360000
326.000000 444.160000 1800.000000 1570.400000 3814.560000
327.000000 644.800000 2388.000000 2048.800000 5081.600000
328.000000 538.560000 1164.000000 1133.600000 2836.160000
329.000000 325.440000 1908.000000 1955.200000 4188.640000
330.000000 663.680000 2208.000000 2277.600000 5149.280000
331.000000 436.800000 1596.000000 1580.800000 3613.600000
332.000000 451.840000 1980.000000 2267.200000 4699.040000
333.000000 486.720000 2064.000000 1747.200000 4297.920000
334.000000 623.680000 1620.000000 2028.000000 4271.680000
335.000000 563.200000 1860.000000 2059.200000 4482.400000
336.000000 427.520000 1800.000000 1820.000000 4047.520000
337.000000 700.480000 1908.000000 1913.600000 4522.080000
338.000000 507.520000 1716.000000 1570.400000 3793.920000
339.000000 634.560000 1944.000000 1788.800000 4367.360000
340.000000 540.800000 1872.000000 1664.000000 4076.800000
341.000000 442.240000 1644.000000 1747.200000 3833.440000
342.000000 516.160000 1824.000000 1809.600000 4149.760000
343.000000 414.720000 1752.000000 1570.400000 3737.120000
344.000000 632.000000 1668.000000 1986.400000 4286.400000
345.000000 600.640000 2088.000000 1799.200000 4487.840000
346.000000 616.960000 1812.000000 1726.400000 4155.360000
347.000000 501.120000 1572.000000 1580.800000 3653.920000
348.000000 369.280000 1524.000000 1778.400000 3671.680000
349.000000 762.560000 2004.000000 1820.000000 4586.560000
350.000000 491.520000 1692.000000 1986.400000 4169.920000
351.000000 652.800000 1764.000000 1840.800000 4257.600000
352.000000 540.800000 1620.000000 1778.400000 3939.200000
353.000000 376.000000 1632.000000 1684.800000 3692.800000
354.000000 564.160000 1728.000000 1809.600000 4101.760000
355.000000 562.880000 1920.000000 1736.800000 4219.680000
356.000000 711.680000 2016.000000 1726.400000 4454.080000
357.000000 703.360000 2040.000000 1913.600000 4656.960000
358.000000 394.560000 1764.000000 1809.600000 3968.160000
359.000000 580.800000 1788.000000 1924.000000 4292.800000
360.000000 567.040000 1584.000000 2007.200000 4158.240000
361.000000 850.880000 1872.000000 1861.600000 4584.480000
362.000000 691.520000 1848.000000 1622.400000 4161.920000
363.000000 439.680000 1788.000000 1726.400000 3954.080000
364.000000 568.000000 1728.000000 1830.400000 4126.400000
365.000000 399.360000 1632.000000 1747.200000 3778.560000
366.000000 841.600000 1896.000000 1799.200000 4536.800000
367.000000 670.720000 1788.000000 1643.200000 4101.920000
368.000000 504.000000 1860.000000 1726.400000 4090.400000
369.000000 627.200000 1944.000000 1820.000000 4391.200000
370.000000 518.400000 1716.000000 1903.200000 4137.600000
371.000000 839.680000 1632.000000 1944.800000 4416.480000
372.000000 618.880000 1992.000000 1695.200000 4306.080000
373.000000 653.120000 1968.000000 1892.800000 4513.920000
374.000000 824.320000 1944.000000 1788.800000 4557.120000
375.000000 391.040000 1728.000000 1736.800000 3855.840000
376.000000 787.200000 1860.000000 1778.400000 4425.600000
377.000000 602.880000 1764.000000 1820.000000 4186.880000
378.000000 546.880000 2016.000000 1944.800000 4507.680000
379.000000 611.520000 1524.000000 1913.600000 4049.120000
380.000000 485.440000 1848.000000 1768.000000 4101.440000
381.000000 843.520000 2004.000000 1861.600000 4709.120000
382.000000 552.000000 1848.000000 1778.400000 4178.400000
383.000000 547.200000 1848.000000 1695.200000 4090.400000
384.000000 653.120000 1764.000000 1840.800000 4257.920000
385.000000 430.080000 1728.000000 1653.600000 3811.680000
386.000000 684.480000 1884.000000 1882.400000 4450.880000
387.000000 444.480000 1728.000000 1643.200000 3815.680000
388.000000 553.280000 1788.000000 2017.600000 4358.880000
389.000000 499.520000 1704.000000 1955.200000 4158.720000
390.000000 595.520000 1944.000000 1872.000000 4411.520000
391.000000 809.920000 1980.000000 1892.800000 4682.720000
392.000000 440.960000 1560.000000 1612.000000 3612.960000
393.000000 562.240000 1728.000000 1726.400000 4016.640000
394.000000 440.640000 2040.000000 1695.200000 4175.840000
395.000000 497.280000 1620.000000 1851.200000 3968.480000
396.000000 740.480000 1896.000000 1924.000000 4560.480000
397.000000 395.840000 1716.000000 1934.400000 4046.240000
398.000000 586.880000 1908.000000 1632.800000 4127.680000
399.000000 432.960000 1608.000000 1736.800000 3777.760000
400.000000 566.400000 1908.000000 1768.000000 4242.400000
401.000000 752.000000 2064.000000 1695.200000 4511.200000
402.000000 459.200000 1956.000000 1757.600000 4172.800000
403.000000 668.480000 1776.000000 2121.600000 4566.080000
404.000000 568.640000 1788.000000 1664.000000 4020.640000
405.000000 637.440000 1956.000000 1882.400000 4475.840000
406.000000 529.280000 1776.000000 1840.800000 4146.080000
407.000000 497.280000 1872.000000 1768.000000 4137.280000
408.000000 684.800000 1848.000000 1778.400000 4311.200000
409.000000 525.760000 1524.000000 1435.200000 3484.960000
410.000000 557.760000 1764.000000 1903.200000 4224.960000
411.000000 590.400000 1644.000000 1965.600000 4200.000000
412.000000 620.800000 1896.000000 2038.400000 4555.200000
413.000000 708.800000 1824.000000 1653.600000 4186.400000
414.000000 503.040000 1572.000000 1924.000000 3999.040000
415.000000 561.920000 1536.000000 1601.600000 3699.520000
416.000000 464.000000 1716.000000 1830.400000 4010.400000
417.000000 653.760000 1944.000000 1809.600000 4407.360000
418.000000 517.760000 1848.000000 1622.400000 3988.160000
419.000000 446.080000 1920.000000 1716.000000 4082.080000
420.000000 612.800000 1716.000000 1955.200000 4284.000000
421.000000 408.960000 1668.000000 1757.600000 3834.560000
422.000000 598.720000 1668.000000 1632.800000 3899.520000
423.000000 639.040000 1644.000000 2028.000000 4311.040000
424.000000 440.960000 1692.000000 1716.000000 3848.960000
425.000000 634.240000 1668.000000 1840.800000 4143.040000
426.000000 513.920000 1848.000000 1788.800000 4150.720000
427.000000 693.760000 1884.000000 1861.600000 4439.360000
428.000000 592.640000 1884.000000 1944.800000 4421.440000
429.000000 545.280000 1692.000000 1622.400000 3859.680000
430.000000 586.880000 1644.000000 1924.000000 4154.880000
431.000000 422.720000 1824.000000 1580.800000 3827.520000
432.000000 740.160000 1860.000000 1632.800000 4232.960000
433.000000 478.400000 2016.000000 1684.800000 4179.200000
434.000000 489.920000 1884.000000 1768.000000 4141.920000
435.000000 523.520000 1536.000000 1996.800000 4056.320000
436.000000 384.640000 1848.000000 1799.200000 4031.840000
437.000000 511.040000 2124.000000 1924.000000 4559.040000
438.000000 602.560000 1548.000000 1684.800000 3835.360000
439.000000 815.360000 1716.000000 1778.400000 4309.760000
440.000000 509.440000 1776.000000 1861.600000 4147.040000
441.000000 392.960000 1596.000000 1820.000000 3808.960000
442.000000 578.240000 2028.000000 1684.800000 4291.040000
443.000000 513.920000 1644.000000 1664.000000 3821.920000
444.000000 575.040000 1800.000000 1872.000000 4247.040000
445.000000 557.120000 2220.000000 1716.000000 4493.120000
446.000000 568.320000 1836.000000 1560.000000 3964.320000
447.000000 756.480000 1680.000000 1882.400000 4318.880000
448.000000 440.640000 1632.000000 1736.800000 3809.440000
449.000000 617.280000 2076.000000 1996.800000 4690.080000
450.000000 512.640000 1716.000000 1809.600000 4038.240000
451.000000 648.320000 1812.000000 1684.800000 4145.120000
452.000000 712.960000 1668.000000 1653.600000 4034.560000
453.000000 478.720000 1644.000000 1851.200000 3973.920000
454.000000 804.800000 1824.000000 1674.400000 4303.200000
455.000000 405.120000 1776.000000 1809.600000 3990.720000
456.000000 608.960000 1800.000000 1716.000000 4124.960000
457.000000 707.520000 1836.000000 1622.400000 4165.920000
458.000000 403.520000 1404.000000 1497.600000 3305.120000
459.000000 778.560000 1740.000000 1653.600000 4172.160000
460.000000 430.720000 1776.000000 1653.600000 3860.320000
461.000000 528.320000 1944.000000 1861.600000 4333.920000
462.000000 513.920000 1980.000000 1986.400000 4480.320000
463.000000 473.280000 1500.000000 1747.200000 3720.480000
464.000000 818.880000 1548.000000 1996.800000 4363.680000
465.000000 441.280000 1704.000000 1892.800000 4038.080000
466.000000 569.920000 1776.000000 1913.600000 4259.520000
467.000000 493.760000 1740.000000 1840.800000 4074.560000
468.000000 404.800000 1692.000000 1632.800000 3729.600000
469.000000 666.880000 1800.000000 1695.200000 4162.080000
470.000000 390.720000 1872.000000 1788.800000 4051.520000
471.000000 773.760000 2004.000000 1757.600000 4535.360000
472.000000 661.440000 1764.000000 1726.400000 4151.840000
473.000000 512.320000 1980.000000 1830.400000 4322.720000
474.000000 736.320000 1620.000000 1820.000000 4176.320000
475.000000 402.880000 1776.000000 1424.800000 3603.680000
476.000000 555.200000 2184.000000 1778.400000 4517.600000
477.000000 524.480000 1548.000000 1726.400000 3798.880000
478.000000 662.720000 1644.000000 1768.000000 4074.720000
479.000000 662.720000 2088.000000 1799.200000 4549.920000
480.000000 499.840000 1968.000000 1809.600000 4277.440000
481.000000 748.800000 1968.000000 1799.200000 4516.000000
482.000000 520.960000 1764.000000 1757.600000 4042.560000
483.000000 619.200000 1620.000000 1768.000000 4007.200000
484.000000 464.320000 1608.000000 1331.200000 3403.520000
485.000000 434.560000 2328.000000 1965.600000 4728.160000
486.000000 516.480000 1716.000000 1851.200000 4083.680000
487.000000 446.400000 1728.000000 1591.200000 3765.600000
488.000000 708.800000 2124.000000 1788.800000 4621.600000
489.000000 628.160000 1608.000000 1601.600000 3837.760000
490.000000 473.920000 1788.000000 1924.000000 4185.920000
491.000000 665.920000 1920.000000 2069.600000 4655.520000
492.000000 388.160000 1584.000000 1726.400000 3698.560000
493.000000 497.920000 1800.000000 1695.200000 3993.120000
494.000000 384.640000 1752.000000 1632.800000 3769.440000
495.000000 516.160000 1812.000000 1788.800000 4116.960000
496.000000 504.320000 1896.000000 1476.800000 3877.120000
497.000000 424.960000 1776.000000 1684.800000 3885.760000
498.000000 527.680000 1680.000000 1892.800000 4100.480000
499.000000 461.440000 1872.000000 1903.200000 4236.640000
500.000000 630.080000 1872.000000 1913.600000 4415.680000
501.000000 670.080000 2088.000000 1851.200000 4609.280000
502.000000 504.640000 1632.000000 1716.000000 3852.640000
503.000000 539.200000 1608.000000 1768.000000 3915.200000
504.000000 393.600000 1668.000000 1892.800000 3954.400000
505.000000 482.240000 1848.000000 1695.200000 4025.440000
506.000000 454.400000 1716.000000 1612.000000 3782.400000
507.000000 463.040000 1728.000000 1736.800000 3927.840000
508.000000 462.080000 1776.000000 1684.800000 3922.880000
509.000000 407.040000 1644.000000 1799.200000 3850.240000
510.000000 649.600000 1776.000000 1913.600000 4339.200000
511.000000 544.640000 1488.000000 1840.800000 3873.440000
512.000000 561.600000 1872.000000 1996.800000 4430.400000
513.000000 674.240000 1980.000000 1882.400000 4536.640000
514.000000 415.680000 1620.000000 1684.800000 3720.480000
515.000000 560.960000 1800.000000 1851.200000 4212.160000
516.000000 457.600000 1620.000000 1778.400000 3856.000000
517.000000 583.360000 2100.000000 1955.200000 4638.560000
518.000000 471.360000 1752.000000 1747.200000 3970.560000
519.000000 600.320000 1572.000000 1726.400000 3898.720000
520.000000 560.960000 1860.000000 1840.800000 4261.760000
521.000000 423.040000 1836.000000 1549.600000 3808.640000
522.000000 535.360000 1596.000000 2038.400000 4169.760000
523.000000 551.360000 1908.000000 1705.600000 4164.960000
524.000000 610.560000 2052.000000 1840.800000 4503.360000
525.000000 676.160000 1620.000000 1757.600000 4053.760000
526.000000 566.400000 1860.000000 1736.800000 4163.200000
527.000000 566.400000 1980.000000 1851.200000 4397.600000
528.000000 436.480000 1740.000000 1518.400000 3694.880000
529.000000 504.000000 1920.000000 1736.800000 4160.800000
530.000000 527.040000 1764.000000 1705.600000 3996.640000
531.000000 385.920000 1716.000000 1653.600000 3755.520000
532.000000 563.840000 1872.000000 1747.200000 4183.040000
533.000000 378.880000 1608.000000 1497.600000 3484.480000
534.000000 552.960000 1932.000000 1747.200000 4232.160000
535.000000 515.520000 1812.000000 1487.200000 3814.720000
536.000000 392.320000 1716.000000 1851.200000 3959.520000
537.000000 536.640000 1764.000000 1612.000000 3912.640000
538.000000 426.560000 1572.000000 1612.000000 3610.560000
539.000000 693.120000 1968.000000 1695.200000 4356.320000
540.000000 609.280000 1704.000000 1695.200000 4008.480000
541.000000 534.080000 1920.000000 2007.200000 4461.280000
542.000000 646.080000 1728.000000 1892.800000 4266.880000
543.000000 455.040000 1500.000000 1684.800000 3639.840000
544.000000 574.400000 1848.000000 1653.600000 4076.000000
545.000000 534.400000 1860.000000 1747.200000 4141.600000
546.000000 643.520000 1920.000000 1924.000000 4487.520000
547.000000 559.680000 1908.000000 1996.800000 4464.480000
548.000000 423.680000 1512.000000 1695.200000 3630.880000
549.000000 474.880000 1812.000000 1768.000000 4054.880000
550.000000 430.720000 1896.000000 1632.800000 3959.520000
551.000000 522.240000 2004.000000 1788.800000 4315.040000
552.000000 501.440000 1584.000000 1684.800000 3770.240000
553.000000 435.840000 1692.000000 1913.600000 4041.440000
554.000000 490.240000 1860.000000 1924.000000 4274.240000
555.000000 438.080000 1764.000000 1851.200000 4053.280000
556.000000 627.520000 2040.000000 1476.800000 4144.320000
557.000000 674.880000 1656.000000 1705.600000 4036.480000
558.000000 655.040000 1716.000000 1944.800000 4315.840000
559.000000 738.560000 1752.000000 1809.600000 4300.160000
560.000000 430.400000 1956.000000 1768.000000 4154.400000
561.000000 496.000000 2004.000000 1695.200000 4195.200000
562.000000 400.000000 1692.000000 1518.400000 3610.400000
563.000000 486.080000 1572.000000 1944.800000 4002.880000
564.000000 503.040000 1968.000000 1684.800000 4155.840000
565.000000 440.960000 1716.000000 1684.800000 3841.760000
566.000000 504.640000 1692.000000 1840.800000 4037.440000
567.000000 554.880000 1728.000000 1684.800000 3967.680000
568.000000 671.680000 1644.000000 1653.600000 3969.280000
569.000000 713.280000 1704.000000 1976.000000 4393.280000
570.000000 527.040000 1872.000000 1768.000000 4167.040000
571.000000 968.320000 1836.000000 1996.800000 4801.120000
572.000000 954.880000 1740.000000 1955.200000 4650.080000
573.000000 503.040000 1968.000000 2007.200000 4478.240000
574.000000 590.400000 1752.000000 1612.000000 3954.400000
575.000000 924.800000 1764.000000 1892.800000 4581.600000
576.000000 887.360000 1980.000000 1976.000000 4843.360000
577.000000 419.200000 1548.000000 1674.400000 3641.600000
578.000000 525.760000 1884.000000 1840.800000 4250.560000
579.000000 375.680000 1764.000000 1684.800000 3824.480000
580.000000 533.120000 2004.000000 1632.800000 4169.920000
581.000000 596.160000 2004.000000 1747.200000 4347.360000
582.000000 414.720000 1596.000000 1809.600000 3820.320000
583.000000 623.680000 1692.000000 1768.000000 4083.680000
584.000000 455.040000 1764.000000 1726.400000 3945.440000
585.000000 543.360000 1752.000000 1612.000000 3907.360000
586.000000 424.960000 1824.000000 1851.200000 4100.160000
587.000000 443.520000 1800.000000 1830.400000 4073.920000
588.000000 620.480000 2052.000000 1747.200000 4419.680000
589.000000 477.120000 1752.000000 1778.400000 4007.520000
590.000000 517.760000 1848.000000 1830.400000 4196.160000
591.000000 427.200000 1632.000000 1778.400000 3837.600000
592.000000 472.320000 1728.000000 1747.200000 3947.520000
593.000000 558.400000 2064.000000 1653.600000 4276.000000
594.000000 388.160000 1548.000000 1456.000000 3392.160000
595.000000 491.520000 1944.000000 2048.800000 4484.320000
596.000000 522.880000 1524.000000 1539.200000 3586.080000
597.000000 652.160000 1908.000000 1903.200000 4463.360000
598.000000 627.200000 1860.000000 1882.400000 4369.600000
599.000000 406.400000 1800.000000 1580.800000 3787.200000
600.000000 7.680000 12.000000 83.200000 102.880000
