Interval	Avg	Std	CI=0.95	Min	Median	Max
    0 --     1	0.009	0.005	0.004	0.002	0.008	0.019
    1 --     2	0.009	0.004	0.003	0.003	0.008	0.017
    2 --     3	0.016	0.019	0.013	0.002	0.011	0.071
    3 --     4	0.011	0.007	0.005	0.003	0.010	0.025
    4 --     5	0.010	0.007	0.005	0.002	0.008	0.025
    5 --     6	0.011	0.006	0.004	0.004	0.011	0.022
    6 --     7	0.010	0.004	0.003	0.004	0.011	0.015
    7 --     8	0.011	0.005	0.004	0.003	0.012	0.020
    8 --     9	0.012	0.008	0.006	0.004	0.011	0.032
    9 --    10	0.010	0.004	0.003	0.002	0.010	0.015
   10 --    11	0.018	0.031	0.022	0.002	0.009	0.109
   11 --    12	0.032	0.071	0.051	0.002	0.009	0.245
   12 --    13	0.017	0.027	0.019	0.003	0.007	0.096
   13 --    14	0.039	0.102	0.073	0.001	0.005	0.345
   14 --    15	0.050	0.130	0.093	0.000	0.007	0.439
   15 --    16	0.014	0.016	0.012	0.000	0.011	0.060
   16 --    17	0.011	0.007	0.005	0.002	0.011	0.022
   17 --    18	0.035	0.076	0.054	0.003	0.013	0.262
   18 --    19	0.046	0.089	0.063	0.003	0.011	0.300
   19 --    20	0.049	0.083	0.059	0.002	0.010	0.255
   20 --    21	0.013	0.020	0.015	0.002	0.005	0.073
   21 --    22	0.010	0.015	0.011	0.001	0.004	0.054
   22 --    23	0.007	0.004	0.003	0.002	0.005	0.015
   23 --    24	0.007	0.003	0.002	0.003	0.006	0.013
   24 --    25	0.011	0.005	0.003	0.002	0.013	0.015
   25 --    26	0.012	0.013	0.009	0.002	0.012	0.047
   26 --    27	0.009	0.005	0.004	0.001	0.010	0.016
   27 --    28	0.007	0.004	0.003	0.002	0.006	0.014
   28 --    29	0.015	0.015	0.011	0.005	0.011	0.058
   29 --    30	0.013	0.018	0.013	0.002	0.009	0.065
   30 --    31	0.019	0.037	0.026	0.002	0.007	0.129
   31 --    32	0.026	0.047	0.033	0.001	0.011	0.164
   32 --    33	0.009	0.004	0.003	0.003	0.009	0.015
   33 --    34	0.007	0.004	0.003	0.003	0.005	0.014
   34 --    35	0.008	0.004	0.003	0.002	0.008	0.015
   35 --    36	0.009	0.004	0.003	0.002	0.010	0.015
   36 --    37	0.009	0.005	0.004	0.002	0.009	0.015
   37 --    38	0.009	0.005	0.004	0.001	0.009	0.017
   38 --    39	0.039	0.093	0.066	0.002	0.010	0.317
   39 --    40	0.047	0.089	0.063	0.002	0.004	0.286
   40 --    41	0.037	0.072	0.051	0.002	0.006	0.242
   41 --    42	0.035	0.057	0.041	0.002	0.008	0.156
   42 --    43	0.009	0.006	0.004	0.002	0.008	0.024
   43 --    44	0.013	0.012	0.008	0.003	0.010	0.042
   44 --    45	0.023	0.036	0.026	0.003	0.012	0.131
   45 --    46	0.067	0.166	0.118	0.004	0.012	0.563
   46 --    47	0.079	0.208	0.149	0.002	0.011	0.702
   47 --    48	0.018	0.029	0.020	0.003	0.010	0.103
   48 --    49	0.009	0.005	0.004	0.003	0.010	0.016
   49 --    50	0.009	0.005	0.004	0.002	0.010	0.017
   50 --    51	0.010	0.004	0.003	0.003	0.011	0.015
   51 --    52	0.009	0.004	0.003	0.002	0.010	0.014
   52 --    53	0.009	0.005	0.003	0.001	0.009	0.016
   53 --    54	0.008	0.004	0.003	0.002	0.010	0.014
   54 --    55	0.010	0.006	0.005	0.004	0.010	0.026
   55 --    56	0.007	0.005	0.003	0.002	0.005	0.016
   56 --    57	0.009	0.005	0.003	0.003	0.009	0.016
   57 --    58	0.007	0.003	0.002	0.003	0.007	0.012
   58 --    59	0.007	0.005	0.003	0.002	0.006	0.016
   59 --    60	0.008	0.004	0.003	0.003	0.008	0.015
   60 --    61	0.009	0.004	0.003	0.002	0.009	0.016
   61 --    62	0.009	0.004	0.003	0.002	0.010	0.015
   62 --    63	0.009	0.004	0.003	0.002	0.010	0.015
   63 --    64	0.010	0.006	0.004	0.002	0.011	0.020
   64 --    65	0.010	0.005	0.003	0.003	0.012	0.015
   65 --    66	0.010	0.005	0.003	0.003	0.010	0.020
   66 --    67	0.008	0.004	0.003	0.002	0.009	0.014
   67 --    68	0.007	0.004	0.003	0.003	0.005	0.014
   68 --    69	0.008	0.006	0.004	0.002	0.005	0.020
   69 --    70	0.009	0.005	0.004	0.002	0.009	0.015
   70 --    71	0.008	0.005	0.003	0.002	0.010	0.015
   71 --    72	0.011	0.004	0.003	0.003	0.014	0.015
   72 --    73	0.010	0.004	0.003	0.002	0.012	0.014
   73 --    74	0.010	0.005	0.003	0.002	0.013	0.015
   74 --    75	0.012	0.011	0.008	0.002	0.010	0.043
   75 --    76	0.007	0.005	0.003	0.002	0.006	0.016
   76 --    77	0.008	0.004	0.003	0.002	0.009	0.015
   77 --    78	0.007	0.005	0.003	0.002	0.004	0.015
   78 --    79	0.007	0.004	0.003	0.001	0.006	0.014
   79 --    80	0.008	0.004	0.003	0.001	0.010	0.013
   80 --    81	0.007	0.005	0.003	0.002	0.007	0.015
   81 --    82	0.009	0.004	0.003	0.003	0.011	0.014
   82 --    83	0.009	0.004	0.003	0.002	0.007	0.016
   83 --    84	0.006	0.003	0.002	0.002	0.006	0.010
   84 --    85	0.008	0.004	0.003	0.002	0.009	0.013
   85 --    86	0.006	0.004	0.003	0.002	0.004	0.014
   86 --    87	0.005	0.003	0.002	0.003	0.004	0.010
   87 --    88	0.006	0.004	0.003	0.002	0.004	0.014
   88 --    89	0.009	0.005	0.003	0.002	0.009	0.016
   89 --    90	0.008	0.004	0.003	0.003	0.008	0.015
   90 --    91	0.007	0.004	0.003	0.002	0.005	0.014
   91 --    92	0.030	0.068	0.049	0.003	0.008	0.234
   92 --    93	0.027	0.058	0.042	0.002	0.009	0.201
   93 --    94	0.008	0.004	0.003	0.003	0.007	0.018
   94 --    95	0.042	0.107	0.076	0.002	0.005	0.362
   95 --    96	0.024	0.055	0.039	0.002	0.004	0.189
   96 --    97	0.008	0.005	0.003	0.002	0.008	0.015
   97 --    98	0.010	0.006	0.004	0.002	0.010	0.021
   98 --    99	0.007	0.003	0.002	0.002	0.007	0.012
   99 --   100	0.005	0.004	0.003	0.002	0.004	0.014
  100 --   101	0.006	0.004	0.003	0.001	0.004	0.015
  101 --   102	0.008	0.005	0.003	0.002	0.007	0.015
  102 --   103	0.011	0.006	0.004	0.001	0.011	0.023
  103 --   104	0.009	0.004	0.003	0.003	0.009	0.014
  104 --   105	0.039	0.093	0.067	0.002	0.009	0.318
  105 --   106	0.032	0.081	0.058	0.002	0.005	0.275
  106 --   107	0.014	0.020	0.014	0.001	0.005	0.065
  107 --   108	0.034	0.072	0.052	0.003	0.008	0.249
  108 --   109	0.027	0.057	0.041	0.002	0.008	0.198
  109 --   110	0.009	0.006	0.004	0.002	0.009	0.021
  110 --   111	0.007	0.004	0.003	0.003	0.004	0.015
  111 --   112	0.007	0.004	0.003	0.002	0.007	0.015
  112 --   113	0.010	0.010	0.007	0.003	0.008	0.039
  113 --   114	0.009	0.008	0.006	0.004	0.007	0.031
  114 --   115	0.008	0.005	0.003	0.003	0.008	0.016
  115 --   116	0.011	0.009	0.007	0.002	0.009	0.035
  116 --   117	0.009	0.004	0.003	0.002	0.008	0.015
  117 --   118	0.011	0.008	0.006	0.003	0.010	0.035
  118 --   119	0.011	0.003	0.002	0.004	0.012	0.015
  119 --   120	0.011	0.004	0.003	0.002	0.013	0.016
  120 --   121	0.011	0.005	0.003	0.002	0.012	0.018
  121 --   122	0.007	0.004	0.003	0.002	0.008	0.014
  122 --   123	0.005	0.003	0.002	0.002	0.004	0.012
  123 --   124	0.007	0.004	0.003	0.003	0.005	0.013
  124 --   125	0.010	0.009	0.006	0.002	0.010	0.034
  125 --   126	0.008	0.005	0.003	0.002	0.008	0.015
  126 --   127	0.007	0.004	0.003	0.003	0.005	0.017
  127 --   128	0.007	0.005	0.003	0.002	0.006	0.016
  128 --   129	0.008	0.004	0.003	0.003	0.008	0.014
  129 --   130	0.010	0.003	0.002	0.003	0.010	0.015
  130 --   131	0.008	0.004	0.003	0.003	0.006	0.014
  131 --   132	0.009	0.005	0.003	0.002	0.009	0.014
  132 --   133	0.009	0.004	0.003	0.002	0.010	0.015
  133 --   134	0.008	0.005	0.004	0.002	0.009	0.016
  134 --   135	0.008	0.005	0.004	0.002	0.006	0.016
  135 --   136	0.008	0.005	0.003	0.003	0.010	0.014
  136 --   137	0.008	0.004	0.003	0.002	0.008	0.016
  137 --   138	0.009	0.004	0.003	0.002	0.010	0.015
  138 --   139	0.007	0.003	0.002	0.003	0.006	0.013
  139 --   140	0.008	0.004	0.003	0.002	0.007	0.015
  140 --   141	0.008	0.004	0.003	0.002	0.009	0.013
  141 --   142	0.009	0.004	0.003	0.004	0.010	0.016
  142 --   143	0.010	0.003	0.002	0.005	0.011	0.014
  143 --   144	0.014	0.013	0.009	0.005	0.011	0.051
  144 --   145	0.009	0.004	0.003	0.002	0.010	0.015
  145 --   146	0.010	0.005	0.004	0.002	0.012	0.016
  146 --   147	0.012	0.008	0.006	0.004	0.010	0.034
  147 --   148	0.013	0.012	0.008	0.004	0.006	0.045
  148 --   149	0.020	0.033	0.024	0.004	0.009	0.118
  149 --   150	0.038	0.073	0.052	0.002	0.012	0.255
  150 --   151	0.009	0.004	0.003	0.004	0.010	0.019
  151 --   152	0.007	0.004	0.003	0.003	0.007	0.016
  152 --   153	0.008	0.004	0.003	0.002	0.009	0.013
  153 --   154	0.009	0.004	0.003	0.004	0.008	0.015
  154 --   155	0.007	0.004	0.003	0.003	0.006	0.014
  155 --   156	0.009	0.005	0.003	0.003	0.011	0.015
  156 --   157	0.010	0.004	0.003	0.004	0.009	0.017
  157 --   158	0.009	0.004	0.003	0.002	0.010	0.014
  158 --   159	0.010	0.004	0.003	0.003	0.012	0.015
  159 --   160	0.008	0.004	0.003	0.003	0.007	0.014
  160 --   161	0.011	0.006	0.004	0.002	0.011	0.026
  161 --   162	0.010	0.002	0.002	0.007	0.011	0.015
  162 --   163	0.010	0.003	0.002	0.004	0.011	0.012
  163 --   164	0.008	0.003	0.002	0.003	0.008	0.013
  164 --   165	0.007	0.003	0.002	0.003	0.006	0.012
  165 --   166	0.007	0.004	0.003	0.002	0.007	0.014
  166 --   167	0.009	0.004	0.003	0.003	0.010	0.016
  167 --   168	0.009	0.005	0.003	0.003	0.010	0.014
  168 --   169	0.010	0.005	0.004	0.002	0.011	0.016
  169 --   170	0.009	0.004	0.003	0.003	0.009	0.016
  170 --   171	0.010	0.004	0.003	0.004	0.011	0.015
  171 --   172	0.009	0.004	0.003	0.002	0.009	0.013
  172 --   173	0.006	0.004	0.003	0.002	0.004	0.013
  173 --   174	0.007	0.004	0.003	0.003	0.006	0.015
  174 --   175	0.007	0.004	0.003	0.002	0.006	0.013
  175 --   176	0.010	0.003	0.002	0.004	0.011	0.013
  176 --   177	0.016	0.023	0.016	0.003	0.011	0.084
  177 --   178	0.015	0.017	0.012	0.002	0.011	0.064
  178 --   179	0.008	0.004	0.003	0.002	0.009	0.015
  179 --   180	0.007	0.004	0.003	0.001	0.007	0.014
  180 --   181	0.006	0.004	0.003	0.002	0.005	0.013
  181 --   182	0.007	0.004	0.003	0.002	0.006	0.015
  182 --   183	0.006	0.003	0.002	0.003	0.006	0.012
  183 --   184	0.007	0.004	0.003	0.002	0.006	0.012
  184 --   185	0.007	0.005	0.004	0.002	0.005	0.016
  185 --   186	0.027	0.054	0.038	0.003	0.010	0.188
  186 --   187	0.022	0.043	0.030	0.002	0.006	0.149
  187 --   188	0.008	0.004	0.003	0.003	0.007	0.014
  188 --   189	0.007	0.003	0.002	0.002	0.006	0.014
  189 --   190	0.008	0.004	0.003	0.002	0.008	0.015
  190 --   191	0.008	0.004	0.003	0.002	0.009	0.013
  191 --   192	0.008	0.004	0.003	0.003	0.008	0.015
  192 --   193	0.009	0.004	0.003	0.003	0.010	0.014
  193 --   194	0.008	0.004	0.003	0.003	0.006	0.016
  194 --   195	0.008	0.004	0.003	0.002	0.008	0.013
  195 --   196	0.007	0.004	0.003	0.002	0.005	0.015
  196 --   197	0.005	0.003	0.002	0.002	0.004	0.010
  197 --   198	0.008	0.004	0.003	0.003	0.008	0.015
  198 --   199	0.007	0.003	0.002	0.002	0.007	0.014
  199 --   200	0.007	0.004	0.003	0.002	0.007	0.013
  200 --   201	0.015	0.018	0.013	0.005	0.010	0.068
  201 --   202	0.008	0.004	0.003	0.004	0.008	0.013
  202 --   203	0.008	0.003	0.002	0.002	0.009	0.012
  203 --   204	0.029	0.067	0.048	0.002	0.007	0.229
  204 --   205	0.023	0.049	0.035	0.003	0.007	0.168
  205 --   206	0.008	0.003	0.002	0.003	0.009	0.013
  206 --   207	0.008	0.003	0.002	0.003	0.007	0.013
  207 --   208	0.010	0.004	0.003	0.003	0.012	0.015
  208 --   209	0.011	0.004	0.003	0.004	0.013	0.015
  209 --   210	0.017	0.021	0.015	0.004	0.010	0.078
  210 --   211	0.014	0.019	0.014	0.002	0.008	0.070
  211 --   212	0.010	0.008	0.006	0.002	0.008	0.033
  212 --   213	0.014	0.015	0.011	0.002	0.010	0.058
  213 --   214	0.010	0.004	0.003	0.003	0.011	0.019
  214 --   215	0.013	0.007	0.005	0.002	0.011	0.029
  215 --   216	0.012	0.007	0.005	0.002	0.013	0.028
  216 --   217	0.011	0.005	0.004	0.003	0.010	0.024
  217 --   218	0.011	0.011	0.008	0.003	0.006	0.042
  218 --   219	0.007	0.004	0.003	0.003	0.005	0.015
  219 --   220	0.014	0.012	0.009	0.002	0.012	0.040
  220 --   221	0.010	0.004	0.003	0.002	0.012	0.014
  221 --   222	0.021	0.029	0.021	0.004	0.013	0.107
  222 --   223	0.042	0.051	0.037	0.004	0.011	0.143
  223 --   224	0.027	0.050	0.036	0.004	0.009	0.175
  224 --   225	0.020	0.025	0.018	0.002	0.011	0.083
  225 --   226	0.012	0.012	0.009	0.002	0.008	0.046
  226 --   227	0.009	0.004	0.003	0.004	0.010	0.014
  227 --   228	0.008	0.004	0.003	0.002	0.009	0.014
  228 --   229	0.008	0.004	0.003	0.003	0.006	0.014
  229 --   230	0.008	0.006	0.004	0.003	0.005	0.019
  230 --   231	0.008	0.003	0.002	0.004	0.008	0.014
  231 --   232	0.009	0.005	0.003	0.002	0.009	0.016
  232 --   233	0.010	0.003	0.002	0.004	0.010	0.015
  233 --   234	0.009	0.003	0.002	0.003	0.009	0.015
  234 --   235	0.007	0.004	0.003	0.002	0.007	0.014
  235 --   236	0.009	0.005	0.003	0.002	0.009	0.015
  236 --   237	0.008	0.004	0.003	0.002	0.009	0.013
  237 --   238	0.009	0.005	0.003	0.002	0.008	0.019
  238 --   239	0.012	0.010	0.007	0.002	0.009	0.040
  239 --   240	0.030	0.050	0.036	0.002	0.009	0.167
  240 --   241	0.009	0.004	0.003	0.003	0.011	0.015
  241 --   242	0.026	0.041	0.030	0.003	0.009	0.145
  242 --   243	0.016	0.022	0.016	0.002	0.006	0.062
  243 --   244	0.011	0.010	0.007	0.001	0.009	0.040
  244 --   245	0.008	0.005	0.003	0.003	0.007	0.015
  245 --   246	0.010	0.005	0.003	0.004	0.010	0.018
  246 --   247	0.046	0.119	0.085	0.003	0.005	0.402
  247 --   248	0.019	0.031	0.022	0.003	0.009	0.111
  248 --   249	0.007	0.002	0.001	0.003	0.007	0.010
  249 --   250	0.007	0.004	0.003	0.002	0.006	0.015
  250 --   251	0.007	0.004	0.003	0.002	0.006	0.016
  251 --   252	0.008	0.004	0.003	0.002	0.007	0.015
  252 --   253	0.007	0.004	0.003	0.002	0.005	0.014
  253 --   254	0.007	0.006	0.004	0.002	0.006	0.022
  254 --   255	0.007	0.004	0.003	0.002	0.007	0.012
  255 --   256	0.008	0.003	0.002	0.001	0.008	0.014
  256 --   257	0.009	0.004	0.003	0.002	0.009	0.014
  257 --   258	0.010	0.008	0.006	0.002	0.008	0.031
  258 --   259	0.008	0.004	0.003	0.003	0.007	0.015
  259 --   260	0.009	0.004	0.003	0.003	0.010	0.014
  260 --   261	0.011	0.004	0.003	0.004	0.012	0.015
  261 --   262	0.009	0.004	0.003	0.002	0.009	0.017
  262 --   263	0.005	0.004	0.003	0.002	0.004	0.016
  263 --   264	0.007	0.004	0.003	0.002	0.005	0.013
  264 --   265	0.010	0.007	0.005	0.003	0.009	0.028
  265 --   266	0.009	0.006	0.004	0.002	0.008	0.022
  266 --   267	0.006	0.004	0.003	0.002	0.004	0.013
  267 --   268	0.007	0.004	0.003	0.002	0.007	0.016
  268 --   269	0.007	0.003	0.002	0.003	0.006	0.012
  269 --   270	0.009	0.004	0.003	0.002	0.010	0.015
  270 --   271	0.014	0.020	0.014	0.002	0.007	0.072
  271 --   272	0.007	0.003	0.002	0.003	0.007	0.012
  272 --   273	0.007	0.004	0.003	0.002	0.007	0.014
  273 --   274	0.005	0.002	0.001	0.002	0.005	0.007
  274 --   275	0.005	0.002	0.002	0.002	0.004	0.010
  275 --   276	0.005	0.003	0.002	0.002	0.004	0.012
  276 --   277	0.006	0.003	0.002	0.002	0.006	0.011
  277 --   278	0.007	0.004	0.003	0.002	0.005	0.014
  278 --   279	0.017	0.027	0.020	0.003	0.009	0.098
  279 --   280	0.008	0.005	0.003	0.002	0.008	0.014
  280 --   281	0.006	0.003	0.002	0.003	0.005	0.012
  281 --   282	0.012	0.016	0.012	0.002	0.007	0.059
  282 --   283	0.007	0.004	0.003	0.002	0.007	0.016
  283 --   284	0.007	0.004	0.003	0.002	0.006	0.013
  284 --   285	0.006	0.003	0.002	0.002	0.005	0.013
  285 --   286	0.007	0.003	0.002	0.004	0.008	0.014
  286 --   287	0.007	0.003	0.002	0.003	0.007	0.013
  287 --   288	0.008	0.003	0.002	0.005	0.007	0.015
  288 --   289	0.008	0.003	0.002	0.002	0.007	0.013
  289 --   290	0.015	0.023	0.017	0.002	0.007	0.084
  290 --   291	0.008	0.004	0.003	0.003	0.008	0.013
  291 --   292	0.008	0.004	0.003	0.002	0.009	0.015
  292 --   293	0.008	0.004	0.003	0.003	0.007	0.020
  293 --   294	0.008	0.005	0.003	0.003	0.008	0.019
  294 --   295	0.007	0.003	0.002	0.002	0.006	0.012
  295 --   296	0.009	0.007	0.005	0.003	0.007	0.027
  296 --   297	0.009	0.004	0.003	0.003	0.011	0.015
  297 --   298	0.014	0.017	0.012	0.002	0.010	0.063
  298 --   299	0.011	0.010	0.007	0.004	0.007	0.037
  299 --   300	0.012	0.016	0.011	0.002	0.005	0.058
  300 --   301	0.008	0.003	0.002	0.003	0.007	0.013
  301 --   302	0.009	0.004	0.003	0.002	0.010	0.014
  302 --   303	0.007	0.003	0.002	0.003	0.007	0.013
  303 --   304	0.007	0.004	0.003	0.003	0.005	0.014
  304 --   305	0.007	0.004	0.003	0.002	0.006	0.013
  305 --   306	0.005	0.003	0.002	0.002	0.004	0.013
  306 --   307	0.008	0.004	0.003	0.002	0.009	0.012
  307 --   308	0.007	0.003	0.002	0.003	0.006	0.013
  308 --   309	0.009	0.004	0.003	0.002	0.011	0.016
  309 --   310	0.006	0.005	0.003	0.001	0.004	0.018
  310 --   311	0.006	0.004	0.003	0.002	0.004	0.012
  311 --   312	0.007	0.004	0.003	0.002	0.007	0.014
  312 --   313	0.008	0.002	0.002	0.004	0.008	0.012
  313 --   314	0.009	0.004	0.003	0.002	0.008	0.015
  314 --   315	0.007	0.004	0.003	0.002	0.005	0.016
  315 --   316	0.009	0.004	0.003	0.003	0.010	0.015
  316 --   317	0.010	0.003	0.002	0.005	0.010	0.015
  317 --   318	0.007	0.004	0.003	0.002	0.007	0.012
  318 --   319	0.011	0.006	0.004	0.005	0.009	0.027
  319 --   320	0.007	0.004	0.003	0.001	0.007	0.016
  320 --   321	0.005	0.004	0.003	0.002	0.004	0.015
  321 --   322	0.007	0.004	0.003	0.002	0.005	0.013
  322 --   323	0.007	0.003	0.002	0.002	0.007	0.012
  323 --   324	0.007	0.004	0.003	0.002	0.008	0.012
  324 --   325	0.008	0.003	0.002	0.003	0.007	0.013
  325 --   326	0.006	0.005	0.003	0.002	0.003	0.015
  326 --   327	0.014	0.024	0.017	0.002	0.006	0.086
  327 --   328	0.013	0.019	0.013	0.001	0.007	0.067
  328 --   329	0.007	0.003	0.002	0.002	0.006	0.013
  329 --   330	0.016	0.025	0.018	0.003	0.007	0.090
  330 --   331	0.019	0.043	0.031	0.002	0.005	0.149
  331 --   332	0.011	0.010	0.007	0.003	0.009	0.039
  332 --   333	0.021	0.034	0.024	0.002	0.012	0.121
  333 --   334	0.010	0.005	0.004	0.003	0.009	0.022
  334 --   335	0.013	0.015	0.011	0.003	0.009	0.056
  335 --   336	0.014	0.015	0.011	0.003	0.008	0.056
  336 --   337	0.007	0.004	0.003	0.002	0.008	0.012
  337 --   338	0.008	0.005	0.003	0.003	0.007	0.016
  338 --   339	0.007	0.004	0.003	0.002	0.007	0.013
  339 --   340	0.008	0.005	0.003	0.002	0.006	0.015
  340 --   341	0.006	0.004	0.003	0.002	0.005	0.013
  341 --   342	0.024	0.054	0.038	0.002	0.007	0.184
  342 --   343	0.010	0.006	0.004	0.001	0.012	0.019
  343 --   344	0.020	0.034	0.024	0.003	0.009	0.121
  344 --   345	0.011	0.007	0.005	0.003	0.011	0.021
  345 --   346	0.008	0.004	0.003	0.003	0.008	0.013
  346 --   347	0.007	0.004	0.003	0.003	0.005	0.013
  347 --   348	0.008	0.005	0.004	0.003	0.005	0.020
  348 --   349	0.009	0.004	0.003	0.002	0.009	0.016
  349 --   350	0.008	0.005	0.004	0.002	0.008	0.019
  350 --   351	0.009	0.004	0.003	0.003	0.010	0.013
  351 --   352	0.008	0.004	0.003	0.002	0.008	0.013
  352 --   353	0.007	0.004	0.003	0.003	0.006	0.015
  353 --   354	0.005	0.002	0.001	0.003	0.005	0.010
  354 --   355	0.009	0.005	0.003	0.002	0.010	0.015
  355 --   356	0.006	0.003	0.002	0.003	0.004	0.013
  356 --   357	0.008	0.006	0.005	0.002	0.006	0.021
  357 --   358	0.022	0.043	0.031	0.003	0.007	0.150
  358 --   359	0.017	0.018	0.013	0.003	0.012	0.066
  359 --   360	0.007	0.004	0.003	0.002	0.007	0.015
  360 --   361	0.007	0.003	0.002	0.002	0.005	0.013
  361 --   362	0.006	0.003	0.002	0.002	0.005	0.014
  362 --   363	0.009	0.005	0.003	0.003	0.010	0.014
  363 --   364	0.008	0.004	0.003	0.002	0.008	0.013
  364 --   365	0.007	0.004	0.003	0.003	0.007	0.012
  365 --   366	0.012	0.014	0.010	0.002	0.006	0.052
  366 --   367	0.007	0.003	0.002	0.003	0.007	0.011
  367 --   368	0.008	0.004	0.003	0.002	0.009	0.013
  368 --   369	0.008	0.004	0.003	0.002	0.007	0.015
  369 --   370	0.009	0.004	0.003	0.002	0.011	0.014
  370 --   371	0.007	0.005	0.003	0.002	0.005	0.016
  371 --   372	0.007	0.006	0.005	0.002	0.003	0.023
  372 --   373	0.011	0.016	0.011	0.002	0.005	0.057
  373 --   374	0.011	0.013	0.009	0.002	0.006	0.048
  374 --   375	0.021	0.039	0.028	0.002	0.006	0.138
  375 --   376	0.011	0.007	0.005	0.003	0.010	0.030
  376 --   377	0.031	0.059	0.042	0.003	0.010	0.205
  377 --   378	0.012	0.016	0.012	0.001	0.007	0.059
  378 --   379	0.009	0.005	0.003	0.002	0.009	0.018
  379 --   380	0.008	0.005	0.004	0.003	0.007	0.018
  380 --   381	0.006	0.004	0.003	0.003	0.004	0.013
  381 --   382	0.019	0.036	0.026	0.003	0.007	0.127
  382 --   383	0.011	0.015	0.011	0.003	0.006	0.056
  383 --   384	0.007	0.004	0.003	0.003	0.006	0.013
  384 --   385	0.007	0.005	0.003	0.002	0.006	0.016
  385 --   386	0.006	0.004	0.003	0.002	0.005	0.014
  386 --   387	0.007	0.003	0.002	0.004	0.005	0.011
  387 --   388	0.007	0.004	0.003	0.002	0.006	0.014
  388 --   389	0.010	0.004	0.003	0.003	0.011	0.015
  389 --   390	0.008	0.003	0.002	0.002	0.009	0.013
  390 --   391	0.008	0.005	0.004	0.002	0.010	0.019
  391 --   392	0.007	0.005	0.004	0.002	0.004	0.017
  392 --   393	0.013	0.019	0.014	0.002	0.007	0.070
  393 --   394	0.006	0.004	0.003	0.002	0.006	0.012
  394 --   395	0.008	0.004	0.003	0.003	0.009	0.015
  395 --   396	0.009	0.005	0.003	0.002	0.009	0.016
  396 --   397	0.009	0.011	0.008	0.003	0.005	0.042
  397 --   398	0.009	0.004	0.003	0.004	0.010	0.015
  398 --   399	0.008	0.003	0.002	0.003	0.007	0.012
  399 --   400	0.029	0.067	0.048	0.004	0.007	0.231
  400 --   401	0.062	0.165	0.118	0.003	0.005	0.555
  401 --   402	0.042	0.101	0.072	0.003	0.009	0.345
  402 --   403	0.090	0.241	0.172	0.005	0.011	0.811
  403 --   404	0.046	0.109	0.078	0.006	0.010	0.373
  404 --   405	0.032	0.052	0.037	0.003	0.007	0.147
  405 --   406	0.028	0.059	0.042	0.003	0.009	0.204
  406 --   407	0.011	0.004	0.003	0.003	0.011	0.019
  407 --   408	0.009	0.003	0.002	0.004	0.010	0.015
  408 --   409	0.008	0.004	0.003	0.003	0.006	0.014
  409 --   410	0.008	0.010	0.007	0.002	0.005	0.039
  410 --   411	0.009	0.008	0.006	0.003	0.006	0.027
  411 --   412	0.007	0.003	0.002	0.003	0.006	0.013
  412 --   413	0.058	0.154	0.110	0.002	0.009	0.520
  413 --   414	0.027	0.063	0.045	0.003	0.007	0.216
  414 --   415	0.010	0.007	0.005	0.002	0.009	0.027
  415 --   416	0.027	0.058	0.041	0.004	0.009	0.200
  416 --   417	0.016	0.023	0.016	0.003	0.010	0.083
  417 --   418	0.007	0.004	0.003	0.002	0.005	0.014
  418 --   419	0.008	0.004	0.003	0.002	0.010	0.012
  419 --   420	0.009	0.005	0.004	0.003	0.008	0.021
  420 --   421	0.007	0.004	0.003	0.003	0.006	0.017
  421 --   422	0.008	0.006	0.004	0.002	0.007	0.021
  422 --   423	0.012	0.009	0.007	0.005	0.008	0.038
  423 --   424	0.014	0.015	0.011	0.005	0.010	0.058
  424 --   425	0.023	0.046	0.033	0.002	0.009	0.161
  425 --   426	0.011	0.011	0.008	0.003	0.009	0.042
  426 --   427	0.009	0.009	0.006	0.002	0.004	0.027
  427 --   428	0.006	0.002	0.002	0.002	0.006	0.010
  428 --   429	0.008	0.004	0.003	0.003	0.008	0.016
  429 --   430	0.008	0.004	0.003	0.002	0.008	0.016
  430 --   431	0.010	0.003	0.002	0.004	0.011	0.015
  431 --   432	0.021	0.030	0.021	0.003	0.011	0.108
  432 --   433	0.019	0.038	0.027	0.002	0.007	0.132
  433 --   434	0.008	0.004	0.003	0.002	0.008	0.013
  434 --   435	0.011	0.009	0.006	0.002	0.010	0.034
  435 --   436	0.007	0.004	0.003	0.002	0.007	0.012
  436 --   437	0.008	0.004	0.003	0.002	0.007	0.015
  437 --   438	0.005	0.003	0.002	0.002	0.005	0.010
  438 --   439	0.006	0.004	0.003	0.002	0.005	0.013
  439 --   440	0.011	0.016	0.011	0.002	0.004	0.057
  440 --   441	0.009	0.004	0.003	0.003	0.010	0.014
  441 --   442	0.008	0.004	0.003	0.002	0.009	0.016
  442 --   443	0.008	0.003	0.002	0.002	0.008	0.012
  443 --   444	0.007	0.004	0.003	0.002	0.007	0.014
  444 --   445	0.006	0.003	0.002	0.003	0.006	0.012
  445 --   446	0.008	0.004	0.003	0.002	0.008	0.016
  446 --   447	0.008	0.004	0.003	0.003	0.007	0.014
  447 --   448	0.008	0.004	0.003	0.003	0.007	0.014
  448 --   449	0.006	0.003	0.002	0.002	0.005	0.011
  449 --   450	0.008	0.004	0.003	0.002	0.008	0.015
  450 --   451	0.010	0.006	0.005	0.002	0.009	0.025
  451 --   452	0.006	0.004	0.003	0.002	0.005	0.013
  452 --   453	0.007	0.004	0.003	0.003	0.006	0.015
  453 --   454	0.010	0.013	0.009	0.002	0.005	0.048
  454 --   455	0.011	0.012	0.009	0.002	0.007	0.046
  455 --   456	0.009	0.004	0.003	0.003	0.008	0.016
  456 --   457	0.009	0.004	0.003	0.003	0.009	0.015
  457 --   458	0.009	0.005	0.003	0.001	0.010	0.014
  458 --   459	0.008	0.004	0.003	0.003	0.007	0.014
  459 --   460	0.006	0.004	0.003	0.002	0.004	0.013
  460 --   461	0.008	0.004	0.003	0.002	0.009	0.014
  461 --   462	0.008	0.007	0.005	0.003	0.005	0.027
  462 --   463	0.007	0.004	0.003	0.002	0.008	0.014
  463 --   464	0.007	0.004	0.003	0.003	0.006	0.015
  464 --   465	0.005	0.003	0.002	0.002	0.004	0.009
  465 --   466	0.008	0.006	0.004	0.003	0.005	0.021
  466 --   467	0.007	0.004	0.003	0.001	0.009	0.012
  467 --   468	0.009	0.004	0.003	0.003	0.009	0.014
  468 --   469	0.015	0.015	0.011	0.004	0.012	0.058
  469 --   470	0.009	0.004	0.003	0.002	0.010	0.016
  470 --   471	0.008	0.005	0.003	0.002	0.009	0.015
  471 --   472	0.007	0.005	0.003	0.002	0.006	0.017
  472 --   473	0.029	0.069	0.049	0.003	0.007	0.236
  473 --   474	0.009	0.004	0.003	0.003	0.011	0.014
  474 --   475	0.016	0.025	0.018	0.001	0.008	0.091
  475 --   476	0.046	0.112	0.080	0.003	0.011	0.383
  476 --   477	0.043	0.109	0.078	0.003	0.006	0.371
  477 --   478	0.011	0.014	0.010	0.003	0.005	0.051
  478 --   479	0.007	0.004	0.003	0.002	0.008	0.013
  479 --   480	0.010	0.012	0.009	0.003	0.007	0.045
  480 --   481	0.010	0.013	0.010	0.003	0.005	0.049
  481 --   482	0.011	0.006	0.004	0.003	0.009	0.022
  482 --   483	0.011	0.010	0.007	0.003	0.010	0.038
  483 --   484	0.009	0.007	0.005	0.003	0.007	0.023
  484 --   485	0.024	0.041	0.029	0.003	0.005	0.138
  485 --   486	0.048	0.102	0.073	0.002	0.009	0.349
  486 --   487	0.028	0.064	0.046	0.003	0.005	0.220
  487 --   488	0.010	0.006	0.004	0.003	0.009	0.024
  488 --   489	0.009	0.003	0.002	0.004	0.009	0.013
  489 --   490	0.008	0.004	0.003	0.002	0.007	0.015
  490 --   491	0.008	0.006	0.004	0.001	0.006	0.021
  491 --   492	0.008	0.008	0.005	0.003	0.006	0.030
  492 --   493	0.009	0.004	0.003	0.002	0.008	0.015
  493 --   494	0.009	0.004	0.003	0.003	0.008	0.013
  494 --   495	0.009	0.004	0.003	0.002	0.010	0.016
  495 --   496	0.008	0.003	0.002	0.003	0.008	0.012
  496 --   497	0.009	0.003	0.002	0.005	0.009	0.012
  497 --   498	0.011	0.005	0.004	0.005	0.012	0.023
  498 --   499	0.043	0.102	0.073	0.005	0.011	0.348
  499 --   500	0.013	0.013	0.009	0.003	0.009	0.049
  500 --   501	0.008	0.005	0.004	0.002	0.008	0.015
  501 --   502	0.055	0.144	0.103	0.002	0.006	0.487
  502 --   503	0.023	0.050	0.036	0.002	0.005	0.171
  503 --   504	0.040	0.094	0.067	0.003	0.010	0.321
  504 --   505	0.015	0.025	0.018	0.002	0.009	0.089
  505 --   506	0.057	0.148	0.106	0.002	0.009	0.500
  506 --   507	0.044	0.105	0.075	0.002	0.010	0.359
  507 --   508	0.020	0.033	0.023	0.002	0.011	0.117
  508 --   509	0.008	0.004	0.003	0.002	0.008	0.014
  509 --   510	0.007	0.005	0.003	0.002	0.006	0.014
  510 --   511	0.008	0.005	0.003	0.003	0.007	0.015
  511 --   512	0.006	0.004	0.003	0.003	0.004	0.014
  512 --   513	0.035	0.084	0.060	0.003	0.006	0.287
  513 --   514	0.007	0.004	0.003	0.002	0.007	0.015
  514 --   515	0.010	0.004	0.003	0.003	0.010	0.016
  515 --   516	0.011	0.008	0.006	0.002	0.011	0.032
  516 --   517	0.010	0.004	0.003	0.003	0.011	0.015
  517 --   518	0.008	0.004	0.003	0.003	0.007	0.017
  518 --   519	0.009	0.006	0.004	0.003	0.007	0.025
  519 --   520	0.013	0.014	0.010	0.003	0.010	0.053
  520 --   521	0.008	0.005	0.004	0.003	0.008	0.020
  521 --   522	0.009	0.005	0.004	0.003	0.009	0.015
  522 --   523	0.007	0.003	0.002	0.003	0.007	0.011
  523 --   524	0.006	0.003	0.002	0.002	0.005	0.011
  524 --   525	0.006	0.004	0.003	0.002	0.005	0.013
  525 --   526	0.006	0.004	0.003	0.002	0.006	0.013
  526 --   527	0.007	0.004	0.003	0.002	0.008	0.014
  527 --   528	0.007	0.004	0.003	0.002	0.005	0.013
  528 --   529	0.007	0.004	0.003	0.003	0.007	0.015
  529 --   530	0.007	0.004	0.003	0.003	0.005	0.013
  530 --   531	0.008	0.009	0.006	0.002	0.004	0.031
  531 --   532	0.010	0.007	0.005	0.003	0.008	0.027
  532 --   533	0.007	0.003	0.002	0.002	0.008	0.015
  533 --   534	0.010	0.006	0.004	0.002	0.008	0.024
  534 --   535	0.008	0.004	0.003	0.002	0.011	0.013
  535 --   536	0.007	0.004	0.003	0.002	0.006	0.013
  536 --   537	0.008	0.004	0.003	0.003	0.008	0.016
  537 --   538	0.008	0.004	0.003	0.002	0.007	0.015
  538 --   539	0.008	0.005	0.003	0.003	0.006	0.016
  539 --   540	0.007	0.004	0.003	0.002	0.007	0.012
  540 --   541	0.007	0.004	0.003	0.002	0.006	0.014
  541 --   542	0.009	0.004	0.003	0.004	0.010	0.015
  542 --   543	0.010	0.004	0.003	0.003	0.010	0.016
  543 --   544	0.010	0.010	0.007	0.003	0.007	0.036
  544 --   545	0.006	0.004	0.003	0.002	0.006	0.015
  545 --   546	0.009	0.004	0.003	0.002	0.009	0.016
  546 --   547	0.010	0.005	0.003	0.004	0.010	0.018
  547 --   548	0.010	0.005	0.003	0.003	0.009	0.016
  548 --   549	0.014	0.021	0.015	0.003	0.005	0.076
  549 --   550	0.010	0.005	0.004	0.001	0.011	0.017
  550 --   551	0.012	0.008	0.006	0.004	0.012	0.034
  551 --   552	0.019	0.036	0.026	0.002	0.007	0.125
  552 --   553	0.007	0.004	0.003	0.002	0.005	0.013
  553 --   554	0.006	0.004	0.003	0.002	0.005	0.016
  554 --   555	0.007	0.003	0.002	0.002	0.007	0.011
  555 --   556	0.007	0.004	0.003	0.002	0.005	0.014
  556 --   557	0.008	0.005	0.003	0.002	0.008	0.014
  557 --   558	0.009	0.009	0.006	0.002	0.007	0.034
  558 --   559	0.008	0.004	0.003	0.003	0.006	0.013
  559 --   560	0.006	0.003	0.002	0.002	0.006	0.011
  560 --   561	0.008	0.003	0.002	0.004	0.007	0.015
  561 --   562	0.008	0.004	0.003	0.002	0.007	0.016
  562 --   563	0.008	0.004	0.003	0.002	0.007	0.015
  563 --   564	0.008	0.004	0.003	0.003	0.007	0.015
  564 --   565	0.009	0.004	0.003	0.002	0.010	0.016
  565 --   566	0.007	0.004	0.003	0.002	0.007	0.014
  566 --   567	0.007	0.003	0.002	0.003	0.007	0.015
  567 --   568	0.008	0.004	0.003	0.002	0.009	0.015
  568 --   569	0.006	0.003	0.002	0.002	0.006	0.012
  569 --   570	0.007	0.004	0.003	0.003	0.004	0.015
  570 --   571	0.007	0.005	0.003	0.002	0.004	0.015
  571 --   572	0.009	0.005	0.003	0.003	0.007	0.016
  572 --   573	0.007	0.004	0.003	0.002	0.006	0.013
  573 --   574	0.006	0.004	0.003	0.002	0.005	0.014
  574 --   575	0.005	0.003	0.002	0.002	0.004	0.014
  575 --   576	0.007	0.004	0.003	0.002	0.006	0.014
  576 --   577	0.007	0.004	0.003	0.002	0.006	0.013
  577 --   578	0.007	0.004	0.003	0.002	0.006	0.014
  578 --   579	0.009	0.004	0.003	0.002	0.008	0.015
  579 --   580	0.009	0.005	0.004	0.002	0.012	0.016
  580 --   581	0.009	0.004	0.003	0.003	0.009	0.015
  581 --   582	0.014	0.020	0.014	0.003	0.008	0.074
  582 --   583	0.006	0.004	0.003	0.002	0.005	0.014
  583 --   584	0.007	0.003	0.002	0.003	0.006	0.012
  584 --   585	0.008	0.004	0.003	0.003	0.007	0.015
  585 --   586	0.008	0.004	0.003	0.004	0.008	0.015
  586 --   587	0.010	0.004	0.003	0.002	0.013	0.014
  587 --   588	0.010	0.003	0.002	0.006	0.009	0.014
  588 --   589	0.010	0.004	0.003	0.004	0.012	0.015
  589 --   590	0.009	0.005	0.003	0.003	0.008	0.015
  590 --   591	0.008	0.004	0.003	0.002	0.007	0.015
  591 --   592	0.012	0.016	0.011	0.003	0.006	0.057
  592 --   593	0.007	0.004	0.003	0.002	0.007	0.015
  593 --   594	0.009	0.004	0.003	0.002	0.011	0.013
  594 --   595	0.011	0.005	0.004	0.003	0.011	0.021
  595 --   596	0.005	0.003	0.002	0.002	0.004	0.012
  596 --   597	0.005	0.004	0.003	0.002	0.003	0.013
  597 --   598	0.005	0.002	0.001	0.002	0.004	0.009
  598 --   599	0.008	0.005	0.003	0.002	0.008	0.014
  599 --   600	0.009	0.005	0.003	0.002	0.012	0.014
    0 --   600	0.012	0.003	0.002	0.007	0.011	0.019