0	1620.000000
1	1824.000000
2	2076.000000
3	1644.000000
4	1800.000000
5	1620.000000
6	1836.000000
7	1632.000000
8	1872.000000
9	1956.000000
10	1752.000000
11	1824.000000
12	1884.000000
13	1800.000000
14	1692.000000
15	1860.000000
16	1824.000000
17	1752.000000
18	1740.000000
19	1704.000000
20	1848.000000
21	1620.000000
22	1728.000000
23	2136.000000
24	1704.000000
25	1692.000000
26	2040.000000
27	1740.000000
28	1704.000000
29	1620.000000
30	1956.000000
31	1776.000000
32	1872.000000
33	1776.000000
34	1776.000000
35	1680.000000
36	1620.000000
37	1932.000000
38	1932.000000
39	1788.000000
40	1728.000000
41	1872.000000
42	1656.000000
43	1716.000000
44	1992.000000
45	1776.000000
46	1644.000000
47	1776.000000
48	1668.000000
49	1872.000000
50	1932.000000
51	2124.000000
52	2112.000000
53	1548.000000
54	1644.000000
55	1692.000000
56	1824.000000
57	1752.000000
58	1776.000000
59	1908.000000
60	1704.000000
61	1740.000000
62	1884.000000
63	1608.000000
64	1824.000000
65	1764.000000
66	1992.000000
67	1752.000000
68	1848.000000
69	1680.000000
70	1620.000000
71	1704.000000
72	1680.000000
73	1740.000000
74	1944.000000
75	1608.000000
76	2088.000000
77	1836.000000
78	2184.000000
79	1728.000000
80	1908.000000
81	1836.000000
82	1836.000000
83	1836.000000
84	1824.000000
85	1512.000000
86	1788.000000
87	1548.000000
88	1872.000000
89	1752.000000
90	2004.000000
91	1956.000000
92	1512.000000
93	1512.000000
94	1704.000000
95	1908.000000
96	1932.000000
97	1824.000000
98	1908.000000
99	1560.000000
100	1764.000000
101	1800.000000
102	1848.000000
103	1848.000000
104	1668.000000
105	1848.000000
106	1908.000000
107	1956.000000
108	1872.000000
109	1956.000000
110	1860.000000
111	1836.000000
112	1896.000000
113	1968.000000
114	1500.000000
115	1956.000000
116	1836.000000
117	1692.000000
118	1800.000000
119	1776.000000
120	1968.000000
121	1692.000000
122	1764.000000
123	1536.000000
124	1884.000000
125	1776.000000
126	1776.000000
127	1692.000000
128	1632.000000
129	1932.000000
130	1764.000000
131	1884.000000
132	1704.000000
133	1584.000000
134	1800.000000
135	1500.000000
136	1668.000000
137	1764.000000
138	1776.000000
139	1752.000000
140	1716.000000
141	1680.000000
142	1704.000000
143	1776.000000
144	1680.000000
145	1848.000000
146	1692.000000
147	1692.000000
148	1944.000000
149	1884.000000
150	1740.000000
151	1620.000000
152	1752.000000
153	1944.000000
154	1824.000000
155	1728.000000
156	1632.000000
157	1956.000000
158	1896.000000
159	1812.000000
160	1788.000000
161	1644.000000
162	1920.000000
163	1764.000000
164	1704.000000
165	1920.000000
166	1632.000000
167	1800.000000
168	2160.000000
169	2016.000000
170	1992.000000
171	1752.000000
172	1896.000000
173	1776.000000
174	1836.000000
175	1944.000000
176	1752.000000
177	1740.000000
178	1872.000000
179	1944.000000
180	1836.000000
181	1656.000000
182	2016.000000
183	1848.000000
184	2016.000000
185	1764.000000
186	1896.000000
187	1956.000000
188	1836.000000
189	1788.000000
190	1872.000000
191	1716.000000
192	2388.000000
193	1956.000000
194	1992.000000
195	1740.000000
196	1776.000000
197	1680.000000
198	1908.000000
199	1692.000000
200	1512.000000
201	1872.000000
202	1812.000000
203	2076.000000
204	1956.000000
205	1680.000000
206	2160.000000
207	1860.000000
208	1692.000000
209	1800.000000
210	1860.000000
211	1776.000000
212	2004.000000
213	1716.000000
214	1644.000000
215	1920.000000
216	1872.000000
217	1776.000000
218	2064.000000
219	1620.000000
220	1968.000000
221	1608.000000
222	1596.000000
223	1728.000000
224	2004.000000
225	1860.000000
226	1800.000000
227	1872.000000
228	1812.000000
229	1884.000000
230	2148.000000
231	1932.000000
232	1740.000000
233	1956.000000
234	1764.000000
235	1656.000000
236	1620.000000
237	1848.000000
238	1704.000000
239	1596.000000
240	1884.000000
241	1728.000000
242	1800.000000
243	1428.000000
244	1872.000000
245	2088.000000
246	2064.000000
247	1944.000000
248	1776.000000
249	1776.000000
250	1764.000000
251	1932.000000
252	2040.000000
253	1716.000000
254	1764.000000
255	1704.000000
256	1608.000000
257	1764.000000
258	2040.000000
259	1824.000000
260	1716.000000
261	1884.000000
262	1536.000000
263	1992.000000
264	2004.000000
265	1776.000000
266	1848.000000
267	1920.000000
268	1848.000000
269	1632.000000
270	1680.000000
271	1836.000000
272	1776.000000
273	1800.000000
274	1680.000000
275	2124.000000
276	1716.000000
277	1824.000000
278	1920.000000
279	1620.000000
280	1824.000000
281	1632.000000
282	1968.000000
283	1728.000000
284	1728.000000
285	1716.000000
286	1776.000000
287	1968.000000
288	1740.000000
289	1620.000000
290	1836.000000
291	1704.000000
292	1788.000000
293	1728.000000
294	1932.000000
295	1320.000000
296	1692.000000
297	1836.000000
298	1848.000000
299	1308.000000
300	1824.000000
301	1668.000000
302	1872.000000
303	1668.000000
304	1812.000000
305	1944.000000
306	1836.000000
307	2016.000000
308	2004.000000
309	1716.000000
310	1764.000000
311	1944.000000
312	1932.000000
313	1776.000000
314	2196.000000
315	1788.000000
316	1884.000000
317	1836.000000
318	1692.000000
319	1956.000000
320	1716.000000
321	1620.000000
322	1740.000000
323	1776.000000
324	2208.000000
325	1776.000000
326	1632.000000
327	1740.000000
328	1884.000000
329	1956.000000
330	1824.000000
331	1896.000000
332	1704.000000
333	1692.000000
334	1932.000000
335	1956.000000
336	1812.000000
337	1968.000000
338	1788.000000
339	1560.000000
340	1776.000000
341	1680.000000
342	2028.000000
343	1704.000000
344	1764.000000
345	1920.000000
346	1824.000000
347	1836.000000
348	1812.000000
349	1836.000000
350	2004.000000
351	1788.000000
352	1836.000000
353	1896.000000
354	1764.000000
355	1920.000000
356	1836.000000
357	1872.000000
358	2016.000000
359	1800.000000
360	2160.000000
361	1812.000000
362	1884.000000
363	1788.000000
364	2088.000000
365	1740.000000
366	1704.000000
367	1860.000000
368	1812.000000
369	1740.000000
370	1896.000000
371	1728.000000
372	2052.000000
373	1836.000000
374	1872.000000
375	1728.000000
376	2148.000000
377	1920.000000
378	1932.000000
379	1980.000000
380	1824.000000
381	1872.000000
382	1716.000000
383	1680.000000
384	1740.000000
385	1872.000000
386	1704.000000
387	1704.000000
388	1848.000000
389	1920.000000
390	1812.000000
391	1716.000000
392	1872.000000
393	1536.000000
394	1908.000000
395	1956.000000
396	1956.000000
397	1704.000000
398	2028.000000
399	1620.000000
400	1464.000000
401	1248.000000
402	2544.000000
403	2256.000000
404	2436.000000
405	1872.000000
406	1680.000000
407	1884.000000
408	1536.000000
409	1824.000000
410	1728.000000
411	888.000000
412	2160.000000
413	2400.000000
414	1896.000000
415	1740.000000
416	1848.000000
417	1704.000000
418	1836.000000
419	1680.000000
420	1992.000000
421	1572.000000
422	1908.000000
423	1728.000000
424	1980.000000
425	1944.000000
426	1728.000000
427	1812.000000
428	2088.000000
429	1860.000000
430	1860.000000
431	1764.000000
432	1776.000000
433	1920.000000
434	1848.000000
435	1500.000000
436	1788.000000
437	1764.000000
438	1968.000000
439	1908.000000
440	2100.000000
441	2040.000000
442	1920.000000
443	1872.000000
444	1620.000000
445	1788.000000
446	1872.000000
447	1860.000000
448	1728.000000
449	1812.000000
450	1608.000000
451	2004.000000
452	1740.000000
453	1944.000000
454	2040.000000
455	1536.000000
456	1884.000000
457	1404.000000
458	2148.000000
459	1464.000000
460	1788.000000
461	2016.000000
462	1920.000000
463	1920.000000
464	1836.000000
465	1992.000000
466	1644.000000
467	1284.000000
468	2592.000000
469	1752.000000
470	1728.000000
471	1308.000000
472	2124.000000
473	2004.000000
474	1056.000000
475	1248.000000
476	3180.000000
477	2088.000000
478	1644.000000
479	1596.000000
480	1728.000000
481	1692.000000
482	1836.000000
483	1980.000000
484	1764.000000
485	1656.000000
486	2172.000000
487	1944.000000
488	2076.000000
489	1992.000000
490	1992.000000
491	2016.000000
492	1944.000000
493	1980.000000
494	1716.000000
495	1608.000000
496	1956.000000
497	1644.000000
498	1836.000000
499	2052.000000
500	1596.000000
501	1872.000000
502	1848.000000
503	1968.000000
504	1800.000000
505	1956.000000
506	1884.000000
507	2040.000000
508	1788.000000
509	1644.000000
510	2004.000000
511	2052.000000
512	1536.000000
513	1824.000000
514	1764.000000
515	1860.000000
516	1776.000000
517	2136.000000
518	1932.000000
519	1572.000000
520	1740.000000
521	1776.000000
522	1812.000000
523	2040.000000
524	1860.000000
525	1716.000000
526	1692.000000
527	1764.000000
528	1608.000000
529	1812.000000
530	1788.000000
531	1596.000000
532	1740.000000
533	1920.000000
534	1824.000000
535	1908.000000
536	1728.000000
537	1536.000000
538	1860.000000
539	1680.000000
540	1764.000000
541	1620.000000
542	1872.000000
543	2028.000000
544	1848.000000
545	1920.000000
546	1692.000000
547	1836.000000
548	1596.000000
549	1764.000000
550	1980.000000
551	2016.000000
552	1680.000000
553	1440.000000
554	1920.000000
555	1680.000000
556	1908.000000
557	1692.000000
558	1644.000000
559	1872.000000
560	1980.000000
561	1788.000000
562	1668.000000
563	1848.000000
564	1752.000000
565	1824.000000
566	1992.000000
567	1776.000000
568	1860.000000
569	1884.000000
570	1512.000000
571	1932.000000
572	1860.000000
573	1824.000000
574	1740.000000
575	1812.000000
576	1860.000000
577	1752.000000
578	1896.000000
579	1500.000000
580	1800.000000
581	1800.000000
582	1620.000000
583	1788.000000
584	1944.000000
585	2004.000000
586	1476.000000
587	1884.000000
588	1692.000000
589	1692.000000
590	1500.000000
591	1764.000000
592	1812.000000
593	2052.000000
594	1788.000000
595	1992.000000
596	1584.000000
597	1908.000000
598	1836.000000
599	1668.000000
600	0.000000