0	469.120000
1	424.320000
2	439.040000
3	476.800000
4	384.960000
5	472.960000
6	410.560000
7	560.320000
8	537.600000
9	445.760000
10	677.120000
11	545.920000
12	808.320000
13	568.960000
14	791.360000
15	621.120000
16	373.440000
17	557.760000
18	465.280000
19	612.480000
20	525.440000
21	535.680000
22	639.040000
23	454.400000
24	503.680000
25	415.040000
26	520.000000
27	665.600000
28	464.000000
29	542.400000
30	422.720000
31	518.720000
32	401.280000
33	498.880000
34	649.600000
35	848.640000
36	682.880000
37	993.280000
38	1202.880000
39	1159.040000
40	1099.520000
41	531.520000
42	929.600000
43	1166.080000
44	626.240000
45	619.840000
46	552.000000
47	806.720000
48	552.000000
49	425.600000
50	481.920000
51	418.240000
52	697.920000
53	539.520000
54	588.480000
55	530.240000
56	382.080000
57	619.520000
58	392.320000
59	726.080000
60	622.720000
61	604.480000
62	616.960000
63	307.200000
64	508.480000
65	567.680000
66	428.160000
67	653.120000
68	473.600000
69	579.840000
70	439.360000
71	529.920000
72	482.560000
73	418.560000
74	742.720000
75	420.160000
76	624.320000
77	616.960000
78	493.440000
79	512.960000
80	435.520000
81	603.200000
82	509.440000
83	526.720000
84	476.800000
85	451.520000
86	656.000000
87	599.680000
88	729.920000
89	472.640000
90	748.800000
91	554.560000
92	517.440000
93	630.720000
94	570.560000
95	571.520000
96	430.400000
97	670.080000
98	659.200000
99	532.160000
100	691.840000
101	475.200000
102	821.120000
103	560.320000
104	541.760000
105	754.560000
106	558.720000
107	812.480000
108	543.040000
109	535.040000
110	722.240000
111	449.920000
112	593.920000
113	484.160000
114	574.400000
115	488.320000
116	507.520000
117	671.680000
118	466.560000
119	518.400000
120	450.560000
121	518.400000
122	609.920000
123	518.080000
124	616.960000
125	588.160000
126	623.680000
127	495.680000
128	661.120000
129	576.960000
130	751.360000
131	561.600000
132	572.160000
133	598.400000
134	406.400000
135	477.440000
136	550.400000
137	694.400000
138	614.080000
139	423.680000
140	536.960000
141	412.160000
142	509.120000
143	554.240000
144	505.600000
145	733.120000
146	392.320000
147	675.200000
148	448.960000
149	528.320000
150	740.160000
151	444.480000
152	644.160000
153	437.440000
154	498.880000
155	426.560000
156	469.760000
157	483.840000
158	403.520000
159	533.120000
160	567.680000
161	617.920000
162	620.480000
163	584.320000
164	712.640000
165	524.480000
166	574.080000
167	440.960000
168	493.760000
169	453.440000
170	436.160000
171	519.680000
172	467.840000
173	695.360000
174	582.080000
175	764.800000
176	535.680000
177	437.120000
178	552.000000
179	467.200000
180	688.960000
181	594.560000
182	732.160000
183	648.960000
184	459.840000
185	705.280000
186	561.600000
187	990.720000
188	938.560000
189	468.160000
190	754.240000
191	690.240000
192	1132.160000
193	924.480000
194	1236.480000
195	1101.440000
196	846.720000
197	1111.680000
198	1033.280000
199	1256.000000
200	1172.160000
201	1040.320000
202	1024.640000
203	1117.440000
204	1023.680000
205	1112.640000
206	1031.680000
207	1231.680000
208	1086.720000
209	447.360000
210	768.960000
211	510.720000
212	763.200000
213	583.680000
214	490.880000
215	475.520000
216	386.880000
217	764.160000
218	558.720000
219	584.640000
220	560.320000
221	446.720000
222	605.440000
223	438.400000
224	647.040000
225	395.200000
226	480.320000
227	557.440000
228	379.200000
229	461.760000
230	371.520000
231	469.120000
232	438.720000
233	552.320000
234	481.280000
235	411.200000
236	479.040000
237	391.680000
238	488.640000
239	443.200000
240	448.000000
241	455.680000
242	674.240000
243	614.080000
244	463.360000
245	521.920000
246	315.520000
247	625.920000
248	636.800000
249	469.440000
250	812.800000
251	490.560000
252	518.720000
253	693.120000
254	604.160000
255	719.040000
256	427.200000
257	512.000000
258	435.200000
259	462.400000
260	464.320000
261	374.080000
262	671.040000
263	520.000000
264	576.640000
265	661.440000
266	571.840000
267	669.760000
268	472.320000
269	490.240000
270	582.720000
271	509.120000
272	578.560000
273	540.800000
274	784.640000
275	596.800000
276	593.920000
277	448.000000
278	498.240000
279	442.880000
280	508.160000
281	453.760000
282	377.280000
283	473.280000
284	551.360000
285	690.880000
286	545.600000
287	424.320000
288	525.760000
289	438.080000
290	646.080000
291	456.000000
292	521.920000
293	743.040000
294	526.720000
295	783.360000
296	426.880000
297	504.320000
298	496.320000
299	425.920000
300	596.160000
301	418.880000
302	493.760000
303	440.000000
304	494.400000
305	736.000000
306	471.040000
307	734.400000
308	458.560000
309	621.760000
310	684.800000
311	567.680000
312	648.320000
313	486.080000
314	734.400000
315	435.840000
316	473.280000
317	596.800000
318	438.400000
319	659.200000
320	567.360000
321	632.640000
322	569.600000
323	658.880000
324	659.200000
325	699.520000
326	475.840000
327	497.600000
328	619.520000
329	418.880000
330	602.880000
331	519.360000
332	401.600000
333	534.720000
334	412.480000
335	502.720000
336	454.400000
337	673.280000
338	462.720000
339	514.880000
340	371.200000
341	638.720000
342	596.800000
343	481.600000
344	474.240000
345	695.680000
346	616.640000
347	719.040000
348	517.120000
349	628.800000
350	612.480000
351	469.120000
352	645.440000
353	505.920000
354	515.840000
355	434.880000
356	682.880000
357	737.600000
358	858.560000
359	739.840000
360	522.560000
361	509.760000
362	441.280000
363	481.600000
364	504.320000
365	555.840000
366	471.040000
367	473.600000
368	608.640000
369	442.560000
370	509.120000
371	417.600000
372	619.840000
373	634.560000
374	411.520000
375	512.000000
376	405.440000
377	551.040000
378	623.040000
379	553.920000
380	733.120000
381	414.080000
382	712.960000
383	626.880000
384	699.520000
385	741.120000
386	408.960000
387	516.160000
388	441.280000
389	485.760000
390	420.800000
391	458.240000
392	632.000000
393	575.040000
394	1010.880000
395	820.800000
396	1070.400000
397	1155.200000
398	950.720000
399	1105.600000
400	1117.760000
401	1003.840000
402	1072.000000
403	1112.960000
404	494.720000
405	758.400000
406	417.600000
407	429.440000
408	536.320000
409	543.680000
410	830.720000
411	456.000000
412	590.720000
413	512.960000
414	450.880000
415	670.080000
416	405.760000
417	688.320000
418	594.560000
419	776.640000
420	746.240000
421	449.920000
422	570.240000
423	435.200000
424	476.480000
425	506.880000
426	660.160000
427	728.960000
428	451.200000
429	522.560000
430	468.800000
431	476.800000
432	492.480000
433	472.320000
434	494.400000
435	414.080000
436	719.680000
437	535.680000
438	538.880000
439	568.640000
440	469.440000
441	572.160000
442	956.480000
443	1123.840000
444	711.360000
445	1090.560000
446	536.000000
447	485.760000
448	626.560000
449	390.400000
450	526.720000
451	425.600000
452	608.320000
453	731.200000
454	549.440000
455	712.640000
456	375.040000
457	490.240000
458	447.360000
459	516.480000
460	492.800000
461	440.640000
462	551.360000
463	397.440000
464	504.000000
465	585.920000
466	449.920000
467	682.240000
468	422.080000
469	512.320000
470	445.440000
471	568.960000
472	601.920000
473	429.120000
474	503.040000
475	431.360000
476	502.720000
477	429.760000
478	499.200000
479	387.200000
480	506.240000
481	525.120000
482	444.160000
483	515.840000
484	464.640000
485	517.760000
486	546.560000
487	395.200000
488	704.320000
489	497.280000
490	685.120000
491	418.240000
492	457.600000
493	550.080000
494	428.480000
495	497.600000
496	401.280000
497	494.720000
498	575.680000
499	538.560000
500	669.760000
501	422.720000
502	510.400000
503	424.640000
504	493.120000
505	688.960000
506	552.960000
507	686.400000
508	513.920000
509	517.760000
510	429.120000
511	481.600000
512	519.680000
513	407.040000
514	568.000000
515	504.960000
516	553.920000
517	528.320000
518	433.600000
519	453.120000
520	368.640000
521	435.200000
522	423.680000
523	451.200000
524	623.680000
525	536.640000
526	540.480000
527	496.640000
528	687.040000
529	664.320000
530	518.400000
531	502.400000
532	434.560000
533	594.240000
534	422.720000
535	542.720000
536	486.720000
537	428.480000
538	582.720000
539	433.600000
540	498.560000
541	487.040000
542	411.520000
543	486.720000
544	449.920000
545	707.840000
546	422.400000
547	293.120000
548	614.400000
549	401.920000
550	484.800000
551	398.720000
552	521.280000
553	607.040000
554	436.800000
555	593.920000
556	407.040000
557	643.200000
558	550.400000
559	413.120000
560	530.880000
561	407.040000
562	712.640000
563	548.800000
564	463.680000
565	696.000000
566	429.120000
567	542.720000
568	442.240000
569	596.800000
570	637.120000
571	444.480000
572	515.840000
573	413.760000
574	605.760000
575	611.840000
576	515.520000
577	451.840000
578	465.920000
579	527.680000
580	420.480000
581	616.000000
582	524.480000
583	630.720000
584	567.360000
585	444.800000
586	503.680000
587	454.720000
588	500.480000
589	429.120000
590	440.960000
591	551.040000
592	440.000000
593	523.840000
594	492.800000
595	693.760000
596	434.240000
597	607.680000
598	506.240000
599	420.160000
600	8.000000