0	0.005818
1	0.008315
2	0.007926
3	0.005129
4	0.008709
5	0.014943
6	0.012394
7	0.017696
8	0.010882
9	0.008605
10	0.003399
11	0.004481
12	0.008296
13	0.009693
14	0.010380
15	0.013645
16	0.009693
17	0.013132
18	0.011678
19	0.010140
20	0.003696
21	0.002970
22	0.006309
23	0.010864
24	0.014549
25	0.013356
26	0.009133
27	0.007669
28	0.058213
29	0.064993
30	0.129084
31	0.164444
32	0.011731
33	0.004390
34	0.003359
35	0.011387
36	0.006643
37	0.006006
38	0.013612
39	0.012266
40	0.005760
41	0.004544
42	0.009023
43	0.005459
44	0.006452
45	0.012456
46	0.004707
47	0.007841
48	0.002812
49	0.002242
50	0.006185
51	0.003606
52	0.007118
53	0.010679
54	0.003820
55	0.003302
56	0.003114
57	0.007762
58	0.012482
59	0.014552
60	0.006257
61	0.007086
62	0.006194
63	0.013027
64	0.013465
65	0.011411
66	0.011937
67	0.010827
68	0.004788
69	0.002450
70	0.010347
71	0.015063
72	0.010140
73	0.006136
74	0.004056
75	0.007926
76	0.003334
77	0.003952
78	0.003251
79	0.002219
80	0.009573
81	0.013284
82	0.006479
83	0.007714
84	0.008605
85	0.002433
86	0.003290
87	0.005202
88	0.013811
89	0.002793
90	0.004705
91	0.003795
92	0.007100
93	0.010311
94	0.008223
95	0.003892
96	0.004687
97	0.005273
98	0.004373
99	0.003189
100	0.002580
101	0.003237
102	0.006607
103	0.007000
104	0.008440
105	0.006860
106	0.010235
107	0.005850
108	0.006705
109	0.002944
110	0.011964
111	0.015200
112	0.011258
113	0.004053
114	0.002949
115	0.012266
116	0.013572
117	0.010650
118	0.012907
119	0.009128
120	0.009946
121	0.001933
122	0.006381
123	0.012751
124	0.011351
125	0.013374
126	0.010628
127	0.016203
128	0.013807
129	0.011228
130	0.004944
131	0.002520
132	0.003568
133	0.002233
134	0.002761
135	0.006813
136	0.003035
137	0.006281
138	0.003362
139	0.008066
140	0.009309
141	0.010421
142	0.005265
143	0.004853
144	0.007762
145	0.015977
146	0.033706
147	0.005731
148	0.009533
149	0.017869
150	0.010556
151	0.005117
152	0.006993
153	0.004586
154	0.003323
155	0.013977
156	0.012920
157	0.013905
158	0.009530
159	0.004244
160	0.010741
161	0.010771
162	0.011768
163	0.010452
164	0.002750
165	0.006689
166	0.002957
167	0.013947
168	0.003783
169	0.003323
170	0.005711
171	0.005272
172	0.003123
173	0.003518
174	0.002912
175	0.010002
176	0.012911
177	0.011232
178	0.004020
179	0.014137
180	0.008870
181	0.009688
182	0.006013
183	0.012357
184	0.011590
185	0.007460
186	0.003991
187	0.005601
188	0.014465
189	0.014793
190	0.013342
191	0.015262
192	0.013015
193	0.016351
194	0.012600
195	0.009036
196	0.002804
197	0.006340
198	0.007225
199	0.007431
200	0.013841
201	0.013049
202	0.011260
203	0.229348
204	0.168219
205	0.003683
206	0.002999
207	0.012717
208	0.013523
209	0.078050
210	0.069888
211	0.032819
212	0.014738
213	0.011167
214	0.002194
215	0.009937
216	0.010424
217	0.002629
218	0.003125
219	0.001578
220	0.008801
221	0.013196
222	0.014441
223	0.011239
224	0.015064
225	0.001773
226	0.003902
227	0.007270
228	0.009856
229	0.003489
230	0.011760
231	0.015173
232	0.010935
233	0.006710
234	0.002853
235	0.011358
236	0.008044
237	0.002402
238	0.002802
239	0.003890
240	0.004283
241	0.005544
242	0.006183
243	0.010271
244	0.010785
245	0.015005
246	0.004643
247	0.008228
248	0.007421
249	0.004295
250	0.006920
251	0.007428
252	0.002407
253	0.002482
254	0.003283
255	0.007263
256	0.004595
257	0.004481
258	0.007575
259	0.003227
260	0.008185
261	0.003191
262	0.005207
263	0.012676
264	0.010028
265	0.009818
266	0.013221
267	0.009129
268	0.003207
269	0.002380
270	0.010210
271	0.011379
272	0.012405
273	0.005394
274	0.003308
275	0.005865
276	0.001990
277	0.005035
278	0.003403
279	0.003194
280	0.012342
281	0.059332
282	0.005992
283	0.005250
284	0.009492
285	0.010090
286	0.003764
287	0.006778
288	0.012469
289	0.084468
290	0.012705
291	0.002920
292	0.006919
293	0.008893
294	0.010380
295	0.017487
296	0.003938
297	0.005086
298	0.018654
299	0.004780
300	0.002950
301	0.004909
302	0.007930
303	0.012457
304	0.012003
305	0.006601
306	0.002725
307	0.002791
308	0.003195
309	0.003688
310	0.010740
311	0.005131
312	0.004317
313	0.004791
314	0.007163
315	0.010371
316	0.009939
317	0.004421
318	0.012990
319	0.006829
320	0.005443
321	0.006398
322	0.005679
323	0.011195
324	0.007794
325	0.011969
326	0.011301
327	0.012808
328	0.003399
329	0.002880
330	0.013134
331	0.010986
332	0.014417
333	0.010060
334	0.013353
335	0.004999
336	0.003463
337	0.007032
338	0.008205
339	0.005649
340	0.009699
341	0.012614
342	0.011093
343	0.121112
344	0.020262
345	0.010837
346	0.006887
347	0.003960
348	0.002489
349	0.004077
350	0.011110
351	0.012005
352	0.015466
353	0.003474
354	0.003200
355	0.003137
356	0.001702
357	0.006844
358	0.014089
359	0.010917
360	0.005213
361	0.002952
362	0.002839
363	0.002418
364	0.004747
365	0.013683
366	0.010857
367	0.012885
368	0.006032
369	0.003636
370	0.003114
371	0.002847
372	0.005311
373	0.006083
374	0.002164
375	0.007392
376	0.009751
377	0.004503
378	0.008733
379	0.004445
380	0.011409
381	0.011040
382	0.006952
383	0.006783
384	0.007322
385	0.006463
386	0.004399
387	0.004912
388	0.014560
389	0.010699
390	0.009468
391	0.004272
392	0.007539
393	0.008415
394	0.008936
395	0.012744
396	0.005307
397	0.006940
398	0.010443
399	0.006716
400	0.014234
401	0.010633
402	0.010704
403	0.009657
404	0.006509
405	0.010359
406	0.009105
407	0.010371
408	0.003848
409	0.003108
410	0.009411
411	0.003729
412	0.001533
413	0.003160
414	0.007585
415	0.008763
416	0.009615
417	0.004172
418	0.009048
419	0.005691
420	0.007388
421	0.003645
422	0.005396
423	0.012242
424	0.004120
425	0.010113
426	0.027237
427	0.009724
428	0.008998
429	0.007083
430	0.009644
431	0.005079
432	0.007044
433	0.013242
434	0.010785
435	0.008353
436	0.009955
437	0.004019
438	0.006965
439	0.012023
440	0.010974
441	0.003449
442	0.005304
443	0.007011
444	0.005386
445	0.007887
446	0.013359
447	0.012814
448	0.003926
449	0.003828
450	0.008670
451	0.003991
452	0.005459
453	0.013586
454	0.003638
455	0.009881
456	0.014569
457	0.010229
458	0.013609
459	0.010510
460	0.011239
461	0.003140
462	0.002040
463	0.003415
464	0.002120
465	0.014060
466	0.010581
467	0.013555
468	0.012894
469	0.009646
470	0.013544
471	0.009110
472	0.010523
473	0.011158
474	0.011708
475	0.014509
476	0.005739
477	0.003882
478	0.002306
479	0.003216
480	0.009306
481	0.008030
482	0.002728
483	0.003580
484	0.004273
485	0.002672
486	0.002774
487	0.004427
488	0.008407
489	0.008481
490	0.011868
491	0.002900
492	0.006358
493	0.012197
494	0.007554
495	0.003009
496	0.005598
497	0.006268
498	0.005008
499	0.004988
500	0.005189
501	0.003922
502	0.005029
503	0.006743
504	0.004143
505	0.014639
506	0.012538
507	0.009239
508	0.002411
509	0.002849
510	0.011853
511	0.002969
512	0.005379
513	0.002782
514	0.003689
515	0.005545
516	0.013829
517	0.016525
518	0.011274
519	0.014338
520	0.008905
521	0.002786
522	0.006907
523	0.005808
524	0.002046
525	0.007248
526	0.002491
527	0.002036
528	0.008571
529	0.002692
530	0.001945
531	0.026889
532	0.014622
533	0.006622
534	0.002171
535	0.009369
536	0.008572
537	0.002195
538	0.002829
539	0.004678
540	0.005848
541	0.012175
542	0.016154
543	0.002728
544	0.003790
545	0.008750
546	0.009969
547	0.015982
548	0.014963
549	0.014134
550	0.013187
551	0.003052
552	0.005707
553	0.003680
554	0.007216
555	0.005409
556	0.002779
557	0.008526
558	0.004853
559	0.004127
560	0.010252
561	0.006617
562	0.005667
563	0.006375
564	0.003180
565	0.011567
566	0.014972
567	0.011697
568	0.003228
569	0.004235
570	0.013051
571	0.014437
572	0.012650
573	0.008889
574	0.008839
575	0.007875
576	0.003428
577	0.008792
578	0.014347
579	0.012413
580	0.011627
581	0.073929
582	0.013794
583	0.010193
584	0.013891
585	0.003769
586	0.002234
587	0.009098
588	0.007144
589	0.011673
590	0.014689
591	0.011355
592	0.001560
593	0.011700
594	0.011283
595	0.003494
596	0.004817
597	0.004831
598	0.010270
599	0.012432
600	0.057728
