0	1017.600	236.042	781.558	1253.642
1	1019.100	194.018	825.082	1213.118
2	1132.700	184.552	948.148	1317.252
3	1026.800	237.498	789.302	1264.298
4	1010.300	246.624	763.676	1256.924
5	1080.500	280.869	799.631	1361.369
6	1006.700	229.795	776.905	1236.495
7	1009.700	230.775	778.925	1240.475
8	951.700	227.499	724.201	1179.199
9	1003.600	250.001	753.599	1253.601
10	938.700	248.921	689.779	1187.621
11	1046.800	464.937	581.863	1511.737
12	1064.200	391.728	672.472	1455.928
13	731.300	179.432	551.868	910.732
14	811.900	239.198	572.702	1051.098
15	916.700	237.819	678.881	1154.519
16	992.300	283.923	708.377	1276.223
17	1109.600	262.435	847.165	1372.035
18	1230.900	786.309	444.591	2017.209
19	1230.100	574.246	655.854	1804.346
20	849.600	268.286	581.314	1117.886
21	736.200	184.083	552.117	920.283
22	888.100	272.331	615.769	1160.431
23	1077.400	551.145	526.255	1628.545
24	1214.000	197.314	1016.686	1411.314
25	1125.500	294.233	831.267	1419.733
26	1061.300	240.301	820.999	1301.601
27	845.100	207.128	637.972	1052.228
28	1294.100	542.041	752.059	1836.141
29	976.000	225.897	750.103	1201.897
30	950.700	275.991	674.709	1226.691
31	1095.000	235.649	859.351	1330.649
32	1063.300	230.817	832.483	1294.117
33	903.500	270.447	633.053	1173.947
34	1058.900	282.133	776.767	1341.033
35	1007.200	220.421	786.779	1227.621
36	960.600	276.154	684.446	1236.754
37	953.600	289.569	664.031	1243.169
38	1017.800	285.748	732.052	1303.548
39	886.900	283.774	603.126	1170.674
40	810.700	258.322	552.378	1069.022
41	899.000	257.004	641.996	1156.004
42	929.300	364.353	564.947	1293.653
43	1102.900	457.212	645.688	1560.112
44	1158.600	392.757	765.843	1551.357
45	1155.600	146.565	1009.035	1302.165
46	1062.700	245.812	816.888	1308.512
47	1054.100	283.257	770.843	1337.357
48	1157.000	396.648	760.352	1553.648
49	1116.500	402.141	714.359	1518.641
50	1134.200	310.244	823.956	1444.444
51	1051.000	270.272	780.728	1321.272
52	1019.000	246.123	772.877	1265.123
53	1054.300	305.723	748.577	1360.023
54	1068.400	399.364	669.036	1467.764
55	911.700	263.255	648.445	1174.955
56	953.900	291.488	662.412	1245.388
57	951.500	248.852	702.648	1200.352
58	1073.800	641.263	432.537	1715.063
59	1004.500	356.116	648.384	1360.616
60	893.900	214.325	679.575	1108.225
61	957.800	235.566	722.234	1193.366
62	971.300	208.881	762.419	1180.181
63	1044.100	284.653	759.447	1328.753
64	1053.500	243.099	810.401	1296.599
65	1003.600	227.527	776.073	1231.127
66	924.900	215.980	708.920	1140.880
67	910.700	290.799	619.901	1201.499
68	991.600	356.381	635.219	1347.981
69	987.700	252.720	734.980	1240.420
70	976.600	237.507	739.093	1214.107
71	1160.900	227.535	933.365	1388.435
72	1130.200	232.033	898.167	1362.233
73	1168.000	212.919	955.081	1380.919
74	954.600	233.723	720.877	1188.323
75	858.800	207.493	651.307	1066.293
76	1029.300	342.035	687.265	1371.335
77	890.700	308.275	582.425	1198.975
78	911.400	218.665	692.735	1130.065
79	912.700	227.192	685.508	1139.892
80	884.900	227.165	657.735	1112.065
81	1093.600	262.589	831.011	1356.189
82	1019.400	265.029	754.371	1284.429
83	758.700	132.472	626.228	891.172
84	830.400	222.143	608.257	1052.543
85	768.000	239.849	528.151	1007.849
86	712.400	316.603	395.797	1029.003
87	715.500	254.527	460.973	970.027
88	974.800	288.288	686.512	1263.088
89	913.600	218.860	694.740	1132.460
90	922.500	277.926	644.574	1200.426
91	966.600	338.078	628.522	1304.678
92	930.400	233.538	696.862	1163.938
93	948.000	191.004	756.996	1139.004
94	958.700	366.136	592.564	1324.836
95	886.000	332.536	553.464	1218.536
96	857.000	266.790	590.210	1123.790
97	973.900	233.628	740.272	1207.528
98	755.300	178.807	576.493	934.107
99	750.500	270.603	479.897	1021.103
100	793.700	283.069	510.631	1076.769
101	938.300	221.533	716.767	1159.833
102	1003.300	271.237	732.063	1274.537
103	1016.700	193.144	823.556	1209.844
104	1004.700	184.285	820.415	1188.985
105	789.600	216.578	573.022	1006.178
106	751.400	190.256	561.144	941.656
107	934.500	236.050	698.450	1170.550
108	933.400	194.604	738.796	1128.004
109	946.900	271.216	675.684	1218.116
110	723.000	234.395	488.605	957.395
111	830.700	239.652	591.048	1070.352
112	804.000	162.493	641.507	966.493
113	777.000	224.577	552.423	1001.577
114	853.100	225.364	627.736	1078.464
115	817.000	225.835	591.165	1042.835
116	995.200	281.789	713.411	1276.989
117	903.100	147.967	755.133	1051.067
118	1119.300	168.043	951.257	1287.343
119	1104.100	258.222	845.878	1362.322
120	1027.300	248.518	778.782	1275.818
121	901.300	254.428	646.872	1155.728
122	597.000	130.265	466.735	727.265
123	770.400	220.024	550.376	990.424
124	820.800	188.677	632.123	1009.477
125	832.100	212.481	619.619	1044.581
126	798.900	237.036	561.864	1035.936
127	729.000	199.754	529.246	928.754
128	908.300	225.397	682.903	1133.697
129	1040.300	201.677	838.623	1241.977
130	897.600	258.184	639.416	1155.784
131	927.200	250.209	676.991	1177.409
132	908.600	244.110	664.490	1152.710
133	910.800	281.807	628.993	1192.607
134	878.600	305.386	573.214	1183.986
135	902.000	266.234	635.766	1168.234
136	869.300	257.524	611.776	1126.824
137	902.900	279.201	623.699	1182.101
138	785.800	218.645	567.155	1004.445
139	761.500	287.862	473.638	1049.362
140	830.800	214.128	616.672	1044.928
141	954.200	274.264	679.936	1228.464
142	1051.900	149.099	902.801	1200.999
143	982.500	216.691	765.809	1199.191
144	885.600	273.096	612.504	1158.696
145	890.700	261.740	628.960	1152.440
146	969.200	214.882	754.318	1184.082
147	881.900	279.667	602.233	1161.567
148	841.500	210.466	631.034	1051.966
149	906.200	243.108	663.092	1149.308
150	923.400	193.681	729.719	1117.081
151	807.800	213.152	594.648	1020.952
152	853.300	242.149	611.151	1095.449
153	893.400	260.514	632.886	1153.914
154	764.400	255.916	508.484	1020.316
155	946.400	313.254	633.146	1259.654
156	1000.500	254.044	746.456	1254.544
157	940.400	223.442	716.958	1163.842
158	925.300	292.240	633.060	1217.540
159	863.400	226.595	636.805	1089.995
160	939.200	202.625	736.575	1141.825
161	1025.000	177.493	847.507	1202.493
162	961.000	190.717	770.283	1151.717
163	885.900	227.735	658.165	1113.635
164	704.100	197.163	506.937	901.263
165	761.500	247.732	513.768	1009.232
166	911.400	303.700	607.700	1215.100
167	912.300	242.827	669.473	1155.127
168	1039.700	317.434	722.266	1357.134
169	888.000	216.755	671.245	1104.755
170	979.900	236.028	743.872	1215.928
171	911.700	215.269	696.431	1126.969
172	752.600	233.038	519.562	985.638
173	780.200	244.899	535.301	1025.099
174	766.200	237.121	529.079	1003.321
175	1014.800	200.760	814.040	1215.560
176	966.500	183.370	783.130	1149.870
177	1011.000	273.429	737.571	1284.429
178	859.700	211.024	648.676	1070.724
179	836.300	225.878	610.422	1062.178
180	765.300	211.763	553.537	977.063
181	828.500	280.504	547.996	1109.004
182	728.600	189.610	538.990	918.210
183	841.000	193.293	647.707	1034.293
184	841.400	306.828	534.572	1148.228
185	1016.500	239.053	777.447	1255.553
186	891.200	203.040	688.160	1094.240
187	806.000	222.576	583.424	1028.576
188	726.100	149.190	576.910	875.290
189	789.300	251.615	537.685	1040.915
190	828.300	232.102	596.198	1060.402
191	814.700	200.777	613.923	1015.477
192	815.200	246.677	568.523	1061.877
193	836.200	259.330	576.870	1095.530
194	862.800	186.372	676.428	1049.172
195	709.100	199.456	509.644	908.556
196	654.600	161.510	493.090	816.110
197	869.200	209.163	660.037	1078.363
198	761.600	186.537	575.063	948.137
199	744.100	195.474	548.626	939.574
200	946.200	242.947	703.253	1189.147
201	875.900	230.787	645.113	1106.687
202	817.000	171.988	645.012	988.988
203	832.200	229.908	602.292	1062.108
204	748.500	138.156	610.344	886.656
205	773.000	162.152	610.848	935.152
206	812.000	199.243	612.757	1011.243
207	939.600	274.842	664.758	1214.442
208	1029.800	277.037	752.763	1306.837
209	1017.900	122.077	895.823	1139.977
210	917.100	280.956	636.144	1198.056
211	918.200	173.338	744.862	1091.538
212	974.800	279.267	695.533	1254.067
213	1004.700	202.111	802.589	1206.811
214	1046.100	200.441	845.659	1246.541
215	1066.900	308.715	758.185	1375.615
216	965.000	206.889	758.111	1171.889
217	877.400	291.768	585.632	1169.168
218	736.100	214.572	521.528	950.672
219	901.200	202.214	698.986	1103.414
220	993.000	227.811	765.189	1220.811
221	1218.700	215.838	1002.862	1434.538
222	1107.600	208.629	898.971	1316.229
223	901.100	193.909	707.191	1095.009
224	929.200	277.453	651.747	1206.653
225	877.000	286.762	590.238	1163.762
226	944.100	201.923	742.177	1146.023
227	896.300	219.911	676.389	1116.211
228	824.900	222.162	602.738	1047.062
229	833.900	247.086	586.814	1080.986
230	859.700	172.102	687.598	1031.802
231	955.600	275.099	680.501	1230.699
232	961.000	228.158	732.842	1189.158
233	933.300	203.418	729.882	1136.718
234	829.200	249.585	579.615	1078.785
235	876.000	283.479	592.521	1159.479
236	883.300	192.337	690.963	1075.637
237	800.100	269.654	530.446	1069.754
238	865.300	262.642	602.658	1127.942
239	889.600	276.244	613.356	1165.844
240	966.800	259.960	706.840	1226.760
241	875.600	247.141	628.459	1122.741
242	744.500	225.844	518.656	970.344
243	770.600	210.811	559.789	981.411
244	825.400	261.908	563.492	1087.308
245	862.000	233.859	628.141	1095.859
246	730.700	241.599	489.101	972.299
247	804.400	171.826	632.574	976.226
248	688.300	146.154	542.146	834.454
249	680.300	261.588	418.712	941.888
250	709.900	174.424	535.476	884.324
251	735.100	184.192	550.908	919.292
252	714.000	255.238	458.762	969.238
253	642.500	199.820	442.680	842.320
254	739.500	224.606	514.894	964.106
255	861.200	229.181	632.019	1090.381
256	880.000	282.368	597.632	1162.368
257	828.700	222.484	606.216	1051.184
258	849.100	268.488	580.612	1117.588
259	870.500	251.579	618.921	1122.079
260	1070.300	229.579	840.721	1299.879
261	886.000	243.274	642.726	1129.274
262	685.400	247.485	437.915	932.885
263	783.500	216.276	567.224	999.776
264	878.500	209.198	669.302	1087.698
265	867.700	240.391	627.309	1108.091
266	690.300	195.816	494.484	886.116
267	831.200	251.539	579.661	1082.739
268	766.400	175.743	590.657	942.143
269	951.100	189.839	761.261	1140.939
270	834.600	252.644	581.956	1087.244
271	769.400	212.752	556.648	982.152
272	759.400	194.300	565.100	953.700
273	588.500	81.756	506.744	670.256
274	551.100	91.978	459.122	643.078
275	602.200	193.729	408.471	795.929
276	686.400	178.334	508.066	864.734
277	704.900	200.948	503.952	905.848
278	804.300	252.694	551.606	1056.994
279	837.400	261.814	575.586	1099.214
280	592.300	118.324	473.976	710.624
281	797.100	224.864	572.236	1021.964
282	812.400	251.863	560.537	1064.263
283	728.900	209.526	519.374	938.426
284	686.600	195.487	491.113	882.087
285	757.300	235.956	521.344	993.256
286	759.900	208.379	551.521	968.279
287	802.900	217.902	584.998	1020.802
288	771.200	217.495	553.705	988.695
289	768.800	297.780	471.020	1066.580
290	794.900	220.487	574.413	1015.387
291	754.400	269.125	485.275	1023.525
292	732.500	164.680	567.820	897.180
293	762.100	221.260	540.840	983.360
294	713.800	169.616	544.184	883.416
295	881.600	248.394	633.206	1129.994
296	914.800	259.395	655.405	1174.195
297	879.500	222.209	657.291	1101.709
298	881.500	298.470	583.030	1179.970
299	867.200	297.680	569.520	1164.880
300	728.300	180.258	548.042	908.558
301	896.900	281.036	615.864	1177.936
302	745.600	210.471	535.129	956.071
303	819.100	274.006	545.094	1093.106
304	797.200	182.241	614.959	979.441
305	635.700	199.190	436.510	834.890
306	841.600	229.245	612.355	1070.845
307	771.400	198.696	572.704	970.096
308	975.900	259.102	716.798	1235.002
309	733.100	193.419	539.681	926.519
310	711.100	212.791	498.309	923.891
311	801.300	233.362	567.938	1034.662
312	847.700	159.391	688.309	1007.091
313	930.500	233.436	697.064	1163.936
314	733.900	259.688	474.212	993.588
315	927.300	266.975	660.325	1194.275
316	964.900	222.299	742.601	1187.199
317	727.500	204.151	523.349	931.651
318	931.800	148.756	783.044	1080.556
319	797.600	257.485	540.115	1055.085
320	648.400	175.009	473.391	823.409
321	702.500	239.253	463.247	941.753
322	801.000	200.619	600.381	1001.619
323	767.200	240.073	527.127	1007.273
324	755.600	221.287	534.313	976.887
325	767.300	266.143	501.157	1033.443
326	799.200	212.006	587.194	1011.206
327	856.000	195.095	660.905	1051.095
328	746.600	167.334	579.266	913.934
329	883.300	300.451	582.849	1183.751
330	746.600	168.542	578.058	915.142
331	826.800	222.798	604.002	1049.598
332	1077.500	276.566	800.934	1354.066
333	879.300	141.459	737.841	1020.759
334	909.200	217.798	691.402	1126.998
335	915.700	284.124	631.576	1199.824
336	781.500	211.746	569.754	993.246
337	923.100	262.624	660.476	1185.724
338	774.100	165.780	608.320	939.880
339	879.400	279.676	599.724	1159.076
340	694.000	162.937	531.063	856.937
341	787.600	207.735	579.865	995.335
342	971.500	281.355	690.145	1252.855
343	943.000	192.408	750.592	1135.408
344	990.700	311.005	679.695	1301.705
345	815.200	214.942	600.258	1030.142
346	783.900	246.086	537.814	1029.986
347	785.700	240.559	545.141	1026.259
348	895.000	261.779	633.221	1156.779
349	858.300	252.615	605.685	1110.915
350	851.300	207.654	643.646	1058.954
351	890.500	220.679	669.821	1111.179
352	709.300	152.132	557.168	861.432
353	679.300	128.047	551.253	807.347
354	915.200	282.232	632.968	1197.432
355	696.000	199.199	496.801	895.199
356	777.600	274.940	502.660	1052.540
357	798.400	216.925	581.475	1015.325
358	977.600	241.562	736.038	1219.162
359	770.100	247.670	522.430	1017.770
360	757.000	209.132	547.868	966.132
361	729.200	228.265	500.935	957.465
362	909.300	250.810	658.490	1160.110
363	859.300	238.996	620.304	1098.296
364	773.500	228.155	545.345	1001.655
365	859.700	299.610	560.090	1159.310
366	710.800	184.063	526.737	894.863
367	874.200	246.302	627.898	1120.502
368	888.900	231.879	657.021	1120.779
369	935.100	216.622	718.478	1151.722
370	792.200	239.352	552.848	1031.552
371	713.000	255.924	457.076	968.924
372	732.900	169.297	563.603	902.197
373	749.200	187.727	561.473	936.927
374	874.700	298.856	575.844	1173.556
375	1010.900	213.623	797.277	1224.523
376	931.200	279.950	651.250	1211.150
377	762.000	217.639	544.361	979.639
378	801.000	231.761	569.239	1032.761
379	771.700	216.795	554.905	988.495
380	701.000	253.526	447.474	954.526
381	803.000	263.737	539.263	1066.737
382	779.000	187.114	591.886	966.114
383	792.100	224.534	567.566	1016.634
384	775.400	264.290	511.110	1039.690
385	731.100	229.032	502.068	960.132
386	766.400	212.525	553.875	978.925
387	796.700	214.127	582.573	1010.827
388	1001.800	261.183	740.617	1262.983
389	851.000	173.808	677.192	1024.808
390	855.500	218.164	637.336	1073.664
391	710.400	210.074	500.326	920.474
392	760.100	170.968	589.132	931.068
393	741.600	190.248	551.352	931.848
394	828.800	265.229	563.571	1094.029
395	889.700	288.785	600.915	1178.485
396	657.300	193.504	463.796	850.804
397	869.700	265.586	604.114	1135.286
398	773.600	174.586	599.014	948.186
399	686.700	147.806	538.894	834.506
400	698.900	225.104	473.796	924.004
401	808.200	266.064	542.136	1074.264
402	888.600	164.628	723.972	1053.228
403	861.200	180.943	680.257	1042.143
404	764.300	162.987	601.313	927.287
405	842.500	169.062	673.438	1011.562
406	1008.200	178.426	829.774	1186.626
407	946.600	199.738	746.862	1146.338
408	799.400	234.629	564.771	1034.029
409	666.300	193.511	472.789	859.811
410	686.700	174.433	512.267	861.133
411	760.700	205.542	555.158	966.242
412	814.800	225.959	588.841	1040.759
413	703.800	222.456	481.344	926.256
414	827.000	255.917	571.083	1082.917
415	906.000	197.394	708.606	1103.394
416	966.000	240.057	725.943	1206.057
417	770.600	205.680	564.920	976.280
418	888.900	195.871	693.029	1084.771
419	914.600	225.876	688.724	1140.476
420	756.200	175.547	580.653	931.747
421	865.600	253.567	612.033	1119.167
422	983.100	203.781	779.319	1186.881
423	1000.800	209.356	791.444	1210.156
424	909.100	253.569	655.531	1162.669
425	785.500	200.218	585.282	985.718
426	744.200	269.385	474.815	1013.585
427	627.700	133.185	494.515	760.885
428	771.400	123.484	647.916	894.884
429	841.900	234.932	606.968	1076.832
430	1045.800	202.140	843.660	1247.940
431	1027.800	205.053	822.747	1232.853
432	839.700	228.272	611.428	1067.972
433	850.800	199.652	651.148	1050.452
434	972.400	248.828	723.572	1221.228
435	786.000	208.012	577.988	994.012
436	859.100	266.645	592.455	1125.745
437	678.100	154.513	523.587	832.613
438	707.100	164.548	542.552	871.648
439	696.000	236.786	459.214	932.786
440	928.200	224.898	703.302	1153.098
441	917.100	263.296	653.804	1180.396
442	781.800	140.170	641.630	921.970
443	779.800	234.235	545.565	1014.035
444	708.200	180.430	527.770	888.630
445	855.200	269.177	586.023	1124.377
446	825.500	222.165	603.335	1047.665
447	870.700	249.266	621.434	1119.966
448	680.400	172.376	508.024	852.776
449	770.800	206.189	564.611	976.989
450	960.200	226.547	733.653	1186.747
451	713.500	228.142	485.358	941.642
452	791.600	238.682	552.918	1030.282
453	719.500	233.985	485.515	953.485
454	771.000	228.913	542.087	999.913
455	913.900	258.411	655.489	1172.311
456	948.000	266.327	681.673	1214.327
457	901.200	231.339	669.861	1132.539
458	867.800	232.048	635.752	1099.848
459	712.100	239.789	472.311	951.889
460	880.600	264.109	616.491	1144.709
461	748.000	222.556	525.444	970.556
462	814.800	235.637	579.163	1050.437
463	740.700	240.746	499.954	981.446
464	650.500	162.852	487.648	813.352
465	768.900	251.495	517.405	1020.395
466	798.200	246.605	551.595	1044.805
467	949.200	265.161	684.039	1214.361
468	1057.900	256.795	801.105	1314.695
469	982.500	257.101	725.399	1239.601
470	921.000	263.214	657.786	1184.214
471	721.300	177.760	543.540	899.060
472	786.800	216.012	570.788	1002.812
473	942.100	241.078	701.022	1183.178
474	891.300	286.786	604.514	1178.086
475	975.600	317.914	657.686	1293.514
476	766.400	194.640	571.760	961.040
477	770.500	214.317	556.183	984.817
478	797.300	234.301	562.999	1031.601
479	792.400	211.429	580.971	1003.829
480	744.300	198.065	546.235	942.365
481	1028.300	275.827	752.473	1304.127
482	951.600	232.502	719.098	1184.102
483	832.900	244.841	588.059	1077.741
484	872.300	282.075	590.225	1154.375
485	838.600	283.310	555.290	1121.910
486	750.200	161.096	589.104	911.296
487	897.200	239.751	657.449	1136.951
488	864.600	206.748	657.852	1071.348
489	791.100	237.159	553.941	1028.259
490	801.100	254.370	546.730	1055.470
491	716.800	225.506	491.294	942.306
492	864.800	267.940	596.860	1132.740
493	917.100	202.090	715.010	1119.190
494	965.900	258.484	707.416	1224.384
495	857.300	177.061	680.239	1034.361
496	936.800	207.227	729.573	1144.027
497	1106.500	240.914	865.586	1347.414
498	958.400	184.203	774.197	1142.603
499	872.700	198.620	674.080	1071.320
500	838.200	298.783	539.417	1136.983
501	779.900	270.782	509.118	1050.682
502	761.500	209.580	551.920	971.080
503	899.000	300.902	598.098	1199.902
504	827.100	242.246	584.854	1069.346
505	897.000	276.732	620.268	1173.732
506	904.300	215.946	688.354	1120.246
507	983.800	245.729	738.071	1229.529
508	859.100	227.598	631.502	1086.698
509	816.600	260.741	555.859	1077.341
510	826.800	285.941	540.859	1112.741
511	733.500	229.396	504.104	962.896
512	830.900	220.459	610.441	1051.359
513	820.100	249.965	570.135	1070.065
514	1065.600	263.749	801.851	1329.349
515	939.700	192.612	747.088	1132.312
516	1041.000	228.975	812.025	1269.975
517	888.600	217.395	671.205	1105.995
518	768.300	151.049	617.251	919.349
519	937.700	299.998	637.702	1237.698
520	742.900	215.407	527.493	958.307
521	845.100	314.112	530.988	1159.212
522	704.900	194.208	510.692	899.108
523	602.000	166.935	435.065	768.935
524	603.800	155.696	448.104	759.496
525	693.500	212.250	481.250	905.750
526	750.400	225.743	524.657	976.143
527	760.700	226.182	534.518	986.882
528	805.300	247.803	557.497	1053.103
529	715.400	207.107	508.293	922.507
530	705.400	201.168	504.232	906.568
531	906.500	266.551	639.949	1173.051
532	836.200	155.977	680.223	992.177
533	964.200	257.803	706.397	1222.003
534	838.400	249.446	588.954	1087.846
535	816.500	235.884	580.616	1052.384
536	849.300	263.545	585.755	1112.845
537	858.500	189.393	669.107	1047.893
538	862.900	311.031	551.869	1173.931
539	697.400	200.716	496.684	898.116
540	831.000	260.012	570.988	1091.012
541	909.400	255.938	653.462	1165.338
542	942.400	271.180	671.220	1213.580
543	805.300	258.897	546.403	1064.197
544	779.900	177.673	602.227	957.573
545	874.300	224.620	649.680	1098.920
546	980.600	236.032	744.568	1216.632
547	1008.800	283.577	725.223	1292.377
548	864.800	275.011	589.789	1139.811
549	1023.300	234.768	788.532	1258.068
550	1019.200	223.086	796.114	1242.286
551	890.200	244.996	645.204	1135.196
552	888.000	214.614	673.386	1102.614
553	764.100	212.383	551.717	976.483
554	829.400	185.267	644.133	1014.667
555	864.000	233.896	630.104	1097.896
556	860.600	234.336	626.264	1094.936
557	788.800	200.015	588.785	988.815
558	873.000	214.919	658.081	1087.919
559	715.000	184.356	530.644	899.356
560	856.500	186.721	669.779	1043.221
561	927.600	219.779	707.821	1147.379
562	855.400	265.993	589.407	1121.393
563	902.100	255.231	646.869	1157.331
564	946.900	252.889	694.011	1199.789
565	798.300	237.737	560.563	1036.037
566	809.000	224.028	584.972	1033.028
567	845.600	225.359	620.241	1070.959
568	699.100	181.355	517.745	880.455
569	728.400	236.435	491.965	964.835
570	773.900	246.658	527.242	1020.558
571	885.300	279.991	605.309	1165.291
572	798.500	210.653	587.847	1009.153
573	734.500	206.272	528.228	940.772
574	650.500	202.264	448.236	852.764
575	618.000	132.121	485.879	750.121
576	657.000	214.818	442.182	871.818
577	809.100	209.302	599.798	1018.402
578	889.400	260.539	628.861	1149.939
579	891.700	278.200	613.500	1169.900
580	925.100	246.223	678.877	1171.323
581	788.700	211.713	576.987	1000.413
582	711.900	246.743	465.157	958.643
583	711.800	208.329	503.471	920.129
584	844.300	215.893	628.407	1060.193
585	895.400	218.382	677.018	1113.782
586	1018.200	260.513	757.687	1278.713
587	1064.800	202.448	862.352	1267.248
588	1008.600	223.486	785.114	1232.086
589	952.900	246.103	706.797	1199.003
590	883.400	257.266	626.134	1140.666
591	880.100	283.970	596.130	1164.070
592	795.700	231.941	563.759	1027.641
593	991.100	238.299	752.801	1229.399
594	1061.000	291.894	769.106	1352.894
595	676.400	177.345	499.055	853.745
596	599.000	205.602	393.398	804.602
597	582.900	130.730	452.170	713.630
598	845.000	258.327	586.673	1103.327
599	889.300	232.559	656.741	1121.859
600	864.170	39.476	824.694	903.646