Interval	Avg	Std	CI=0.95	Min	Median	Max
    0 --     1	0.004	0.002	0.002	0.002	0.004	0.006
    1 --     2	0.006	0.002	0.003	0.004	0.005	0.010
    2 --     3	0.007	0.007	0.009	0.002	0.004	0.021
    3 --     4	0.006	0.003	0.003	0.002	0.007	0.010
    4 --     5	0.018	0.025	0.031	0.003	0.006	0.067
    5 --     6	0.008	0.003	0.004	0.004	0.009	0.012
    6 --     7	0.020	0.028	0.035	0.005	0.006	0.076
    7 --     8	0.009	0.004	0.005	0.003	0.008	0.014
    8 --     9	0.007	0.002	0.003	0.003	0.008	0.009
    9 --    10	0.008	0.004	0.005	0.003	0.008	0.014
   10 --    11	0.006	0.001	0.002	0.003	0.007	0.007
   11 --    12	0.007	0.002	0.003	0.003	0.009	0.009
   12 --    13	0.005	0.002	0.003	0.002	0.006	0.008
   13 --    14	0.005	0.003	0.004	0.002	0.005	0.010
   14 --    15	0.004	0.003	0.003	0.002	0.003	0.009
   15 --    16	0.006	0.002	0.002	0.004	0.005	0.009
   16 --    17	0.008	0.001	0.001	0.007	0.008	0.010
   17 --    18	0.008	0.003	0.004	0.003	0.008	0.012
   18 --    19	0.014	0.018	0.022	0.002	0.008	0.050
   19 --    20	0.005	0.002	0.003	0.002	0.005	0.008
   20 --    21	0.005	0.001	0.001	0.004	0.005	0.006
   21 --    22	0.010	0.007	0.008	0.005	0.007	0.023
   22 --    23	0.006	0.003	0.004	0.002	0.008	0.010
   23 --    24	0.016	0.022	0.027	0.002	0.008	0.060
   24 --    25	0.005	0.002	0.003	0.003	0.005	0.008
   25 --    26	0.005	0.003	0.004	0.002	0.004	0.011
   26 --    27	0.005	0.003	0.004	0.002	0.003	0.011
   27 --    28	0.005	0.002	0.003	0.002	0.004	0.009
   28 --    29	0.006	0.003	0.004	0.002	0.007	0.010
   29 --    30	0.004	0.002	0.003	0.002	0.004	0.009
   30 --    31	0.005	0.002	0.002	0.004	0.005	0.009
   31 --    32	0.006	0.002	0.002	0.004	0.007	0.009
   32 --    33	0.004	0.003	0.003	0.002	0.003	0.008
   33 --    34	0.005	0.002	0.003	0.002	0.003	0.008
   34 --    35	0.005	0.004	0.005	0.002	0.003	0.013
   35 --    36	0.030	0.051	0.063	0.002	0.005	0.132
   36 --    37	0.005	0.002	0.003	0.002	0.004	0.009
   37 --    38	0.037	0.065	0.081	0.002	0.006	0.168
   38 --    39	0.054	0.098	0.122	0.002	0.005	0.251
   39 --    40	0.005	0.001	0.002	0.003	0.004	0.007
   40 --    41	0.004	0.002	0.003	0.003	0.003	0.008
   41 --    42	0.004	0.001	0.002	0.003	0.005	0.006
   42 --    43	0.009	0.008	0.009	0.003	0.004	0.023
   43 --    44	0.006	0.002	0.002	0.002	0.006	0.008
   44 --    45	0.004	0.002	0.003	0.002	0.003	0.007
   45 --    46	0.006	0.003	0.004	0.004	0.005	0.012
   46 --    47	0.004	0.002	0.002	0.003	0.003	0.006
   47 --    48	0.004	0.002	0.002	0.002	0.003	0.008
   48 --    49	0.005	0.002	0.002	0.002	0.006	0.007
   49 --    50	0.003	0.001	0.002	0.003	0.003	0.006
   50 --    51	0.005	0.002	0.002	0.003	0.005	0.008
   51 --    52	0.007	0.003	0.003	0.003	0.008	0.010
   52 --    53	0.007	0.004	0.005	0.003	0.007	0.014
   53 --    54	0.006	0.002	0.002	0.002	0.006	0.008
   54 --    55	0.004	0.002	0.003	0.002	0.003	0.008
   55 --    56	0.006	0.002	0.002	0.004	0.006	0.008
   56 --    57	0.005	0.001	0.002	0.004	0.004	0.007
   57 --    58	0.005	0.003	0.003	0.002	0.003	0.008
   58 --    59	0.006	0.002	0.002	0.003	0.007	0.007
   59 --    60	0.006	0.002	0.003	0.003	0.007	0.009
   60 --    61	0.006	0.003	0.003	0.003	0.005	0.010
   61 --    62	0.007	0.005	0.006	0.002	0.007	0.017
   62 --    63	0.006	0.003	0.003	0.002	0.005	0.010
   63 --    64	0.005	0.003	0.003	0.002	0.004	0.008
   64 --    65	0.006	0.003	0.003	0.002	0.006	0.009
   65 --    66	0.005	0.001	0.001	0.004	0.005	0.006
   66 --    67	0.006	0.004	0.005	0.002	0.006	0.012
   67 --    68	0.004	0.001	0.002	0.002	0.003	0.006
   68 --    69	0.005	0.002	0.002	0.002	0.004	0.008
   69 --    70	0.005	0.002	0.002	0.002	0.005	0.007
   70 --    71	0.006	0.002	0.002	0.003	0.007	0.008
   71 --    72	0.007	0.001	0.002	0.005	0.007	0.009
   72 --    73	0.004	0.003	0.003	0.002	0.003	0.009
   73 --    74	0.005	0.004	0.005	0.002	0.003	0.013
   74 --    75	0.007	0.004	0.006	0.002	0.007	0.015
   75 --    76	0.005	0.002	0.002	0.002	0.005	0.007
   76 --    77	0.008	0.003	0.003	0.003	0.008	0.012
   77 --    78	0.005	0.003	0.004	0.002	0.003	0.010
   78 --    79	0.005	0.002	0.003	0.002	0.005	0.007
   79 --    80	0.004	0.002	0.002	0.002	0.003	0.006
   80 --    81	0.005	0.002	0.003	0.002	0.007	0.007
   81 --    82	0.004	0.002	0.002	0.002	0.004	0.007
   82 --    83	0.004	0.003	0.003	0.002	0.003	0.009
   83 --    84	0.004	0.002	0.002	0.002	0.003	0.007
   84 --    85	0.004	0.001	0.001	0.003	0.004	0.007
   85 --    86	0.005	0.001	0.002	0.003	0.005	0.006
   86 --    87	0.005	0.002	0.003	0.002	0.004	0.008
   87 --    88	0.012	0.013	0.016	0.002	0.007	0.038
   88 --    89	0.005	0.001	0.001	0.003	0.005	0.007
   89 --    90	0.005	0.002	0.002	0.003	0.005	0.007
   90 --    91	0.007	0.003	0.003	0.003	0.008	0.010
   91 --    92	0.006	0.002	0.002	0.003	0.007	0.008
   92 --    93	0.005	0.002	0.002	0.002	0.004	0.007
   93 --    94	0.005	0.003	0.003	0.002	0.005	0.010
   94 --    95	0.006	0.003	0.003	0.003	0.005	0.009
   95 --    96	0.004	0.001	0.002	0.003	0.004	0.006
   96 --    97	0.006	0.003	0.004	0.002	0.005	0.010
   97 --    98	0.006	0.004	0.004	0.002	0.003	0.011
   98 --    99	0.005	0.002	0.003	0.002	0.007	0.007
   99 --   100	0.008	0.004	0.005	0.003	0.008	0.015
  100 --   101	0.009	0.005	0.006	0.003	0.008	0.019
  101 --   102	0.005	0.002	0.002	0.003	0.004	0.008
  102 --   103	0.004	0.002	0.003	0.002	0.003	0.009
  103 --   104	0.005	0.002	0.003	0.002	0.007	0.009
  104 --   105	0.005	0.002	0.002	0.003	0.006	0.008
  105 --   106	0.005	0.002	0.003	0.003	0.006	0.008
  106 --   107	0.005	0.002	0.002	0.003	0.004	0.008
  107 --   108	0.003	0.001	0.001	0.002	0.003	0.004
  108 --   109	0.004	0.002	0.002	0.002	0.003	0.006
  109 --   110	0.004	0.002	0.002	0.003	0.003	0.007
  110 --   111	0.006	0.002	0.003	0.002	0.005	0.009
  111 --   112	0.004	0.002	0.003	0.003	0.004	0.008
  112 --   113	0.005	0.002	0.002	0.003	0.004	0.007
  113 --   114	0.006	0.002	0.003	0.002	0.006	0.009
  114 --   115	0.006	0.005	0.006	0.002	0.003	0.016
  115 --   116	0.006	0.002	0.003	0.001	0.007	0.007
  116 --   117	0.005	0.002	0.003	0.002	0.004	0.008
  117 --   118	0.004	0.002	0.003	0.002	0.003	0.007
  118 --   119	0.004	0.002	0.002	0.002	0.005	0.007
  119 --   120	0.004	0.002	0.002	0.002	0.003	0.007
  120 --   121	0.018	0.015	0.019	0.002	0.015	0.037
  121 --   122	0.004	0.002	0.003	0.001	0.003	0.008
  122 --   123	0.004	0.002	0.002	0.002	0.003	0.006
  123 --   124	0.004	0.002	0.002	0.002	0.003	0.006
  124 --   125	0.006	0.003	0.004	0.002	0.006	0.011
  125 --   126	0.005	0.002	0.002	0.003	0.005	0.009
  126 --   127	0.005	0.002	0.003	0.003	0.005	0.009
  127 --   128	0.005	0.002	0.002	0.002	0.005	0.007
  128 --   129	0.004	0.003	0.003	0.002	0.002	0.008
  129 --   130	0.004	0.002	0.002	0.002	0.003	0.007
  130 --   131	0.007	0.003	0.004	0.003	0.006	0.013
  131 --   132	0.007	0.002	0.003	0.004	0.008	0.009
  132 --   133	0.008	0.006	0.008	0.002	0.007	0.020
  133 --   134	0.013	0.016	0.020	0.002	0.006	0.046
  134 --   135	0.028	0.049	0.060	0.003	0.003	0.126
  135 --   136	0.050	0.081	0.101	0.004	0.006	0.211
  136 --   137	0.004	0.001	0.001	0.002	0.004	0.005
  137 --   138	0.024	0.041	0.051	0.002	0.005	0.107
  138 --   139	0.065	0.121	0.151	0.002	0.007	0.308
  139 --   140	0.005	0.002	0.003	0.002	0.005	0.009
  140 --   141	0.005	0.002	0.002	0.003	0.004	0.007
  141 --   142	0.004	0.002	0.002	0.002	0.005	0.006
  142 --   143	0.005	0.003	0.003	0.002	0.006	0.009
  143 --   144	0.005	0.003	0.004	0.002	0.003	0.011
  144 --   145	0.004	0.002	0.002	0.001	0.003	0.008
  145 --   146	0.016	0.023	0.029	0.002	0.006	0.062
  146 --   147	0.021	0.033	0.040	0.001	0.004	0.086
  147 --   148	0.053	0.100	0.124	0.002	0.003	0.253
  148 --   149	0.003	0.001	0.002	0.002	0.003	0.005
  149 --   150	0.003	0.001	0.001	0.002	0.003	0.003
  150 --   151	0.011	0.010	0.012	0.002	0.009	0.030
  151 --   152	0.005	0.002	0.003	0.002	0.004	0.008
  152 --   153	0.005	0.003	0.003	0.002	0.006	0.008
  153 --   154	0.004	0.002	0.003	0.002	0.002	0.008
  154 --   155	0.004	0.001	0.002	0.003	0.003	0.006
  155 --   156	0.004	0.001	0.002	0.002	0.004	0.005
  156 --   157	0.003	0.001	0.001	0.002	0.003	0.003
  157 --   158	0.003	0.001	0.001	0.002	0.003	0.004
  158 --   159	0.004	0.002	0.003	0.002	0.004	0.007
  159 --   160	0.004	0.002	0.003	0.002	0.003	0.008
  160 --   161	0.005	0.002	0.003	0.002	0.005	0.009
  161 --   162	0.005	0.002	0.002	0.002	0.006	0.007
  162 --   163	0.006	0.003	0.003	0.002	0.007	0.008
  163 --   164	0.004	0.001	0.001	0.002	0.004	0.005
  164 --   165	0.003	0.001	0.001	0.002	0.003	0.004
  165 --   166	0.005	0.002	0.003	0.002	0.006	0.008
  166 --   167	0.006	0.003	0.004	0.002	0.006	0.010
  167 --   168	0.006	0.002	0.003	0.002	0.007	0.008
  168 --   169	0.006	0.003	0.004	0.002	0.008	0.011
  169 --   170	0.005	0.003	0.003	0.002	0.005	0.008
  170 --   171	0.005	0.003	0.004	0.002	0.005	0.011
  171 --   172	0.004	0.002	0.002	0.003	0.003	0.007
  172 --   173	0.005	0.003	0.004	0.002	0.004	0.010
  173 --   174	0.004	0.002	0.002	0.002	0.004	0.006
  174 --   175	0.003	0.001	0.002	0.002	0.003	0.006
  175 --   176	0.004	0.002	0.003	0.002	0.003	0.008
  176 --   177	0.005	0.003	0.004	0.003	0.003	0.010
  177 --   178	0.005	0.002	0.002	0.002	0.005	0.008
  178 --   179	0.005	0.003	0.003	0.002	0.005	0.009
  179 --   180	0.005	0.003	0.003	0.003	0.003	0.009
  180 --   181	0.005	0.002	0.002	0.002	0.004	0.007
  181 --   182	0.005	0.003	0.003	0.003	0.004	0.010
  182 --   183	0.004	0.002	0.003	0.002	0.003	0.007
  183 --   184	0.006	0.002	0.002	0.003	0.006	0.008
  184 --   185	0.003	0.001	0.002	0.002	0.003	0.006
  185 --   186	0.004	0.001	0.002	0.002	0.003	0.006
  186 --   187	0.004	0.003	0.003	0.002	0.003	0.009
  187 --   188	0.004	0.001	0.002	0.002	0.005	0.006
  188 --   189	0.004	0.001	0.001	0.003	0.004	0.006
  189 --   190	0.004	0.001	0.001	0.003	0.003	0.006
  190 --   191	0.004	0.001	0.002	0.003	0.003	0.005
  191 --   192	0.004	0.001	0.002	0.002	0.005	0.006
  192 --   193	0.004	0.001	0.001	0.003	0.003	0.006
  193 --   194	0.004	0.001	0.001	0.002	0.003	0.005
  194 --   195	0.004	0.002	0.002	0.002	0.004	0.008
  195 --   196	0.006	0.004	0.005	0.003	0.005	0.013
  196 --   197	0.005	0.002	0.002	0.003	0.005	0.008
  197 --   198	0.004	0.002	0.002	0.002	0.004	0.007
  198 --   199	0.005	0.002	0.002	0.002	0.004	0.008
  199 --   200	0.006	0.002	0.003	0.003	0.007	0.008
  200 --   201	0.007	0.004	0.005	0.003	0.006	0.014
  201 --   202	0.005	0.002	0.003	0.002	0.005	0.009
  202 --   203	0.007	0.002	0.002	0.004	0.007	0.009
  203 --   204	0.005	0.001	0.002	0.003	0.004	0.007
  204 --   205	0.006	0.002	0.003	0.003	0.006	0.008
  205 --   206	0.006	0.003	0.004	0.003	0.004	0.011
  206 --   207	0.005	0.003	0.004	0.002	0.005	0.010
  207 --   208	0.004	0.002	0.002	0.003	0.004	0.007
  208 --   209	0.004	0.002	0.002	0.003	0.004	0.008
  209 --   210	0.004	0.002	0.003	0.002	0.003	0.008
  210 --   211	0.005	0.002	0.003	0.004	0.004	0.009
  211 --   212	0.005	0.003	0.003	0.003	0.003	0.010
  212 --   213	0.005	0.001	0.001	0.003	0.005	0.007
  213 --   214	0.005	0.002	0.003	0.003	0.006	0.009
  214 --   215	0.003	0.001	0.001	0.003	0.003	0.004
  215 --   216	0.003	0.001	0.001	0.002	0.003	0.004
  216 --   217	0.003	0.002	0.002	0.002	0.002	0.007
  217 --   218	0.004	0.001	0.002	0.002	0.003	0.006
  218 --   219	0.006	0.002	0.002	0.004	0.006	0.009
  219 --   220	0.007	0.002	0.003	0.005	0.006	0.011
  220 --   221	0.005	0.003	0.004	0.002	0.004	0.010
  221 --   222	0.006	0.004	0.005	0.002	0.004	0.012
  222 --   223	0.005	0.002	0.003	0.002	0.004	0.008
  223 --   224	0.004	0.001	0.002	0.002	0.004	0.006
  224 --   225	0.004	0.002	0.002	0.002	0.003	0.007
  225 --   226	0.005	0.001	0.001	0.004	0.005	0.007
  226 --   227	0.007	0.001	0.002	0.005	0.006	0.008
  227 --   228	0.007	0.001	0.001	0.006	0.006	0.009
  228 --   229	0.007	0.002	0.003	0.003	0.007	0.010
  229 --   230	0.005	0.002	0.002	0.003	0.005	0.008
  230 --   231	0.005	0.002	0.003	0.003	0.004	0.009
  231 --   232	0.005	0.002	0.003	0.002	0.006	0.006
  232 --   233	0.004	0.001	0.001	0.003	0.004	0.005
  233 --   234	0.004	0.001	0.002	0.003	0.004	0.007
  234 --   235	0.004	0.001	0.002	0.002	0.003	0.005
  235 --   236	0.004	0.002	0.003	0.002	0.004	0.009
  236 --   237	0.003	0.000	0.001	0.002	0.003	0.004
  237 --   238	0.004	0.001	0.001	0.003	0.004	0.006
  238 --   239	0.006	0.002	0.003	0.002	0.007	0.009
  239 --   240	0.006	0.003	0.003	0.003	0.005	0.009
  240 --   241	0.005	0.001	0.001	0.003	0.004	0.006
  241 --   242	0.004	0.002	0.003	0.002	0.003	0.007
  242 --   243	0.004	0.002	0.002	0.002	0.003	0.008
  243 --   244	0.004	0.002	0.002	0.003	0.003	0.007
  244 --   245	0.003	0.001	0.001	0.002	0.003	0.005
  245 --   246	0.005	0.004	0.005	0.002	0.004	0.014
  246 --   247	0.003	0.001	0.001	0.002	0.003	0.004
  247 --   248	0.004	0.001	0.001	0.003	0.004	0.006
  248 --   249	0.006	0.002	0.002	0.003	0.006	0.008
  249 --   250	0.007	0.002	0.003	0.004	0.006	0.010
  250 --   251	0.004	0.001	0.002	0.002	0.004	0.006
  251 --   252	0.004	0.002	0.003	0.002	0.003	0.009
  252 --   253	0.005	0.002	0.003	0.003	0.005	0.009
  253 --   254	0.006	0.002	0.003	0.003	0.007	0.009
  254 --   255	0.005	0.003	0.003	0.002	0.004	0.009
  255 --   256	0.005	0.003	0.003	0.002	0.006	0.009
  256 --   257	0.004	0.002	0.002	0.002	0.003	0.006
  257 --   258	0.004	0.002	0.002	0.003	0.004	0.008
  258 --   259	0.005	0.001	0.002	0.003	0.005	0.008
  259 --   260	0.005	0.002	0.002	0.003	0.005	0.008
  260 --   261	0.005	0.002	0.002	0.003	0.004	0.007
  261 --   262	0.004	0.003	0.004	0.002	0.003	0.009
  262 --   263	0.006	0.005	0.007	0.002	0.003	0.016
  263 --   264	0.004	0.001	0.001	0.003	0.003	0.005
  264 --   265	0.005	0.002	0.002	0.003	0.005	0.007
  265 --   266	0.005	0.002	0.003	0.002	0.004	0.009
  266 --   267	0.006	0.003	0.003	0.002	0.006	0.010
  267 --   268	0.004	0.002	0.002	0.002	0.004	0.008
  268 --   269	0.005	0.002	0.002	0.002	0.006	0.007
  269 --   270	0.004	0.001	0.001	0.002	0.004	0.006
  270 --   271	0.005	0.002	0.003	0.002	0.005	0.008
  271 --   272	0.005	0.002	0.002	0.001	0.005	0.007
  272 --   273	0.005	0.002	0.002	0.003	0.005	0.008
  273 --   274	0.005	0.002	0.002	0.003	0.005	0.007
  274 --   275	0.004	0.002	0.003	0.003	0.004	0.009
  275 --   276	0.003	0.001	0.001	0.002	0.003	0.004
  276 --   277	0.004	0.002	0.002	0.002	0.003	0.007
  277 --   278	0.005	0.002	0.002	0.003	0.004	0.007
  278 --   279	0.005	0.002	0.003	0.002	0.006	0.008
  279 --   280	0.005	0.002	0.003	0.002	0.004	0.008
  280 --   281	0.004	0.002	0.002	0.002	0.005	0.006
  281 --   282	0.004	0.001	0.002	0.002	0.003	0.006
  282 --   283	0.004	0.002	0.003	0.002	0.002	0.008
  283 --   284	0.004	0.001	0.002	0.002	0.005	0.005
  284 --   285	0.004	0.001	0.002	0.002	0.004	0.006
  285 --   286	0.004	0.001	0.002	0.002	0.004	0.006
  286 --   287	0.003	0.002	0.002	0.002	0.002	0.006
  287 --   288	0.004	0.001	0.001	0.002	0.004	0.004
  288 --   289	0.004	0.002	0.002	0.002	0.003	0.007
  289 --   290	0.004	0.001	0.002	0.002	0.003	0.006
  290 --   291	0.003	0.001	0.001	0.002	0.003	0.005
  291 --   292	0.005	0.003	0.004	0.001	0.005	0.011
  292 --   293	0.005	0.001	0.002	0.004	0.004	0.008
  293 --   294	0.003	0.002	0.002	0.002	0.004	0.006
  294 --   295	0.005	0.002	0.003	0.003	0.005	0.009
  295 --   296	0.005	0.003	0.003	0.002	0.004	0.009
  296 --   297	0.006	0.005	0.007	0.002	0.005	0.016
  297 --   298	0.003	0.001	0.001	0.002	0.002	0.003
  298 --   299	0.003	0.001	0.001	0.001	0.003	0.004
  299 --   300	0.003	0.002	0.002	0.002	0.003	0.007
  300 --   301	0.003	0.001	0.001	0.002	0.003	0.004
  301 --   302	0.005	0.002	0.003	0.002	0.006	0.007
  302 --   303	0.005	0.003	0.003	0.002	0.004	0.008
  303 --   304	0.005	0.003	0.004	0.002	0.004	0.010
  304 --   305	0.006	0.003	0.004	0.002	0.006	0.012
  305 --   306	0.005	0.003	0.004	0.002	0.004	0.011
  306 --   307	0.005	0.002	0.002	0.002	0.005	0.006
  307 --   308	0.003	0.001	0.001	0.002	0.003	0.003
  308 --   309	0.004	0.002	0.002	0.002	0.004	0.006
  309 --   310	0.007	0.003	0.004	0.003	0.007	0.013
  310 --   311	0.004	0.001	0.002	0.002	0.005	0.006
  311 --   312	0.005	0.004	0.005	0.001	0.004	0.012
  312 --   313	0.005	0.002	0.003	0.002	0.004	0.008
  313 --   314	0.006	0.002	0.002	0.003	0.006	0.008
  314 --   315	0.006	0.002	0.002	0.003	0.006	0.008
  315 --   316	0.007	0.006	0.007	0.003	0.004	0.017
  316 --   317	0.005	0.002	0.003	0.002	0.005	0.009
  317 --   318	0.007	0.003	0.004	0.004	0.006	0.011
  318 --   319	0.016	0.024	0.030	0.002	0.005	0.064
  319 --   320	0.047	0.086	0.107	0.003	0.004	0.219
  320 --   321	0.005	0.001	0.001	0.003	0.005	0.006
  321 --   322	0.004	0.001	0.002	0.002	0.004	0.006
  322 --   323	0.003	0.001	0.001	0.002	0.003	0.004
  323 --   324	0.003	0.001	0.001	0.002	0.003	0.004
  324 --   325	0.003	0.000	0.000	0.003	0.003	0.004
  325 --   326	0.004	0.001	0.002	0.002	0.003	0.007
  326 --   327	0.008	0.007	0.008	0.002	0.007	0.021
  327 --   328	0.012	0.015	0.018	0.002	0.006	0.042
  328 --   329	0.006	0.003	0.003	0.002	0.005	0.009
  329 --   330	0.005	0.001	0.002	0.004	0.006	0.007
  330 --   331	0.005	0.003	0.004	0.002	0.003	0.011
  331 --   332	0.003	0.001	0.002	0.002	0.002	0.005
  332 --   333	0.003	0.001	0.001	0.002	0.003	0.004
  333 --   334	0.004	0.003	0.004	0.002	0.003	0.010
  334 --   335	0.005	0.002	0.003	0.002	0.004	0.007
  335 --   336	0.005	0.002	0.003	0.002	0.005	0.008
  336 --   337	0.004	0.003	0.004	0.002	0.002	0.011
  337 --   338	0.004	0.002	0.002	0.002	0.003	0.008
  338 --   339	0.005	0.002	0.003	0.002	0.006	0.007
  339 --   340	0.005	0.002	0.003	0.002	0.005	0.009
  340 --   341	0.003	0.001	0.001	0.003	0.003	0.005
  341 --   342	0.004	0.002	0.003	0.001	0.003	0.008
  342 --   343	0.003	0.001	0.001	0.002	0.003	0.005
  343 --   344	0.005	0.002	0.002	0.003	0.005	0.007
  344 --   345	0.005	0.002	0.002	0.003	0.003	0.008
  345 --   346	0.006	0.004	0.005	0.003	0.004	0.012
  346 --   347	0.005	0.002	0.003	0.002	0.004	0.008
  347 --   348	0.005	0.003	0.003	0.002	0.004	0.009
  348 --   349	0.004	0.002	0.002	0.003	0.004	0.007
  349 --   350	0.005	0.002	0.002	0.003	0.006	0.008
  350 --   351	0.004	0.003	0.003	0.002	0.003	0.009
  351 --   352	0.004	0.002	0.003	0.002	0.003	0.008
  352 --   353	0.003	0.001	0.001	0.002	0.004	0.004
  353 --   354	0.005	0.002	0.003	0.003	0.005	0.009
  354 --   355	0.006	0.002	0.003	0.002	0.007	0.009
  355 --   356	0.022	0.035	0.043	0.002	0.005	0.091
  356 --   357	0.072	0.136	0.169	0.002	0.003	0.345
  357 --   358	0.006	0.006	0.008	0.002	0.003	0.019
  358 --   359	0.005	0.001	0.002	0.003	0.005	0.007
  359 --   360	0.005	0.002	0.003	0.003	0.005	0.009
  360 --   361	0.004	0.002	0.002	0.002	0.003	0.007
  361 --   362	0.004	0.002	0.003	0.003	0.003	0.008
  362 --   363	0.006	0.002	0.003	0.003	0.006	0.008
  363 --   364	0.005	0.001	0.001	0.003	0.005	0.006
  364 --   365	0.007	0.002	0.003	0.002	0.008	0.009
  365 --   366	0.005	0.003	0.003	0.002	0.003	0.009
  366 --   367	0.004	0.002	0.002	0.002	0.003	0.007
  367 --   368	0.005	0.002	0.003	0.003	0.004	0.009
  368 --   369	0.005	0.002	0.002	0.003	0.006	0.007
  369 --   370	0.004	0.002	0.002	0.002	0.004	0.008
  370 --   371	0.005	0.002	0.002	0.003	0.004	0.008
  371 --   372	0.006	0.002	0.003	0.002	0.007	0.008
  372 --   373	0.005	0.003	0.003	0.003	0.004	0.009
  373 --   374	0.004	0.002	0.003	0.002	0.003	0.008
  374 --   375	0.006	0.003	0.004	0.002	0.004	0.011
  375 --   376	0.006	0.003	0.004	0.002	0.004	0.012
  376 --   377	0.005	0.002	0.002	0.003	0.005	0.008
  377 --   378	0.004	0.002	0.002	0.002	0.004	0.007
  378 --   379	0.003	0.001	0.002	0.002	0.003	0.006
  379 --   380	0.005	0.002	0.003	0.002	0.004	0.009
  380 --   381	0.003	0.000	0.000	0.002	0.003	0.004
  381 --   382	0.005	0.002	0.003	0.002	0.003	0.008
  382 --   383	0.003	0.001	0.001	0.002	0.003	0.005
  383 --   384	0.004	0.002	0.003	0.002	0.003	0.008
  384 --   385	0.005	0.002	0.002	0.002	0.006	0.007
  385 --   386	0.005	0.002	0.003	0.002	0.004	0.008
  386 --   387	0.005	0.002	0.003	0.002	0.004	0.008
  387 --   388	0.004	0.001	0.001	0.003	0.003	0.005
  388 --   389	0.005	0.002	0.002	0.003	0.004	0.007
  389 --   390	0.005	0.003	0.004	0.003	0.004	0.011
  390 --   391	0.005	0.002	0.003	0.002	0.005	0.008
  391 --   392	0.006	0.004	0.005	0.003	0.004	0.013
  392 --   393	0.005	0.002	0.003	0.003	0.003	0.008
  393 --   394	0.005	0.002	0.002	0.002	0.004	0.008
  394 --   395	0.005	0.003	0.004	0.002	0.003	0.010
  395 --   396	0.005	0.003	0.004	0.002	0.003	0.010
  396 --   397	0.005	0.003	0.003	0.003	0.004	0.010
  397 --   398	0.004	0.002	0.002	0.003	0.003	0.008
  398 --   399	0.004	0.001	0.002	0.003	0.003	0.006
  399 --   400	0.004	0.002	0.002	0.003	0.004	0.008
  400 --   401	0.003	0.001	0.001	0.002	0.003	0.004
  401 --   402	0.003	0.000	0.001	0.003	0.003	0.004
  402 --   403	0.003	0.001	0.002	0.002	0.003	0.006
  403 --   404	0.004	0.001	0.002	0.002	0.004	0.006
  404 --   405	0.004	0.002	0.003	0.002	0.003	0.008
  405 --   406	0.004	0.003	0.003	0.002	0.003	0.009
  406 --   407	0.003	0.001	0.001	0.002	0.003	0.004
  407 --   408	0.004	0.001	0.002	0.002	0.003	0.006
  408 --   409	0.005	0.003	0.004	0.002	0.004	0.010
  409 --   410	0.005	0.005	0.006	0.002	0.003	0.015
  410 --   411	0.003	0.001	0.001	0.002	0.003	0.004
  411 --   412	0.003	0.001	0.001	0.002	0.003	0.004
  412 --   413	0.003	0.001	0.001	0.002	0.002	0.005
  413 --   414	0.004	0.001	0.002	0.003	0.005	0.005
  414 --   415	0.002	0.000	0.000	0.002	0.003	0.003
  415 --   416	0.003	0.001	0.001	0.002	0.003	0.005
  416 --   417	0.005	0.002	0.003	0.002	0.003	0.007
  417 --   418	0.004	0.003	0.004	0.002	0.003	0.011
  418 --   419	0.005	0.002	0.003	0.002	0.005	0.009
  419 --   420	0.003	0.001	0.001	0.002	0.003	0.005
  420 --   421	0.004	0.002	0.003	0.002	0.003	0.008
  421 --   422	0.004	0.002	0.003	0.002	0.003	0.008
  422 --   423	0.005	0.003	0.004	0.002	0.003	0.010
  423 --   424	0.005	0.003	0.003	0.002	0.003	0.009
  424 --   425	0.004	0.002	0.003	0.002	0.003	0.008
  425 --   426	0.003	0.001	0.001	0.002	0.003	0.004
  426 --   427	0.004	0.002	0.002	0.002	0.003	0.007
  427 --   428	0.003	0.001	0.002	0.002	0.003	0.006
  428 --   429	0.003	0.002	0.002	0.002	0.003	0.007
  429 --   430	0.004	0.003	0.003	0.002	0.002	0.008
  430 --   431	0.004	0.001	0.001	0.003	0.004	0.006
  431 --   432	0.007	0.002	0.002	0.003	0.007	0.008
  432 --   433	0.004	0.002	0.002	0.002	0.004	0.008
  433 --   434	0.005	0.003	0.003	0.003	0.003	0.010
  434 --   435	0.005	0.001	0.002	0.003	0.005	0.007
  435 --   436	0.008	0.007	0.009	0.003	0.004	0.022
  436 --   437	0.004	0.001	0.002	0.002	0.004	0.007
  437 --   438	0.004	0.002	0.002	0.003	0.004	0.008
  438 --   439	0.004	0.002	0.003	0.002	0.003	0.008
  439 --   440	0.005	0.002	0.003	0.003	0.003	0.008
  440 --   441	0.005	0.002	0.003	0.002	0.005	0.009
  441 --   442	0.003	0.001	0.001	0.002	0.003	0.005
  442 --   443	0.005	0.002	0.003	0.002	0.004	0.009
  443 --   444	0.005	0.001	0.002	0.002	0.005	0.007
  444 --   445	0.007	0.005	0.006	0.002	0.008	0.015
  445 --   446	0.005	0.002	0.002	0.003	0.005	0.007
  446 --   447	0.005	0.002	0.003	0.003	0.003	0.009
  447 --   448	0.004	0.002	0.003	0.003	0.003	0.008
  448 --   449	0.005	0.001	0.001	0.003	0.005	0.006
  449 --   450	0.006	0.002	0.003	0.002	0.005	0.009
  450 --   451	0.004	0.002	0.003	0.002	0.003	0.009
  451 --   452	0.006	0.002	0.002	0.003	0.006	0.008
  452 --   453	0.005	0.003	0.003	0.002	0.004	0.009
  453 --   454	0.007	0.004	0.005	0.003	0.008	0.014
  454 --   455	0.006	0.003	0.004	0.002	0.007	0.009
  455 --   456	0.005	0.003	0.004	0.002	0.004	0.011
  456 --   457	0.006	0.003	0.003	0.002	0.006	0.009
  457 --   458	0.004	0.003	0.004	0.002	0.003	0.011
  458 --   459	0.005	0.003	0.003	0.003	0.003	0.009
  459 --   460	0.005	0.002	0.003	0.002	0.005	0.008
  460 --   461	0.008	0.005	0.007	0.003	0.007	0.019
  461 --   462	0.032	0.055	0.068	0.003	0.005	0.142
  462 --   463	0.021	0.028	0.035	0.004	0.008	0.078
  463 --   464	0.006	0.002	0.003	0.002	0.008	0.008
  464 --   465	0.005	0.002	0.002	0.002	0.005	0.008
  465 --   466	0.005	0.002	0.002	0.002	0.005	0.007
  466 --   467	0.005	0.002	0.003	0.002	0.006	0.008
  467 --   468	0.005	0.002	0.002	0.003	0.004	0.008
  468 --   469	0.008	0.003	0.003	0.003	0.009	0.011
  469 --   470	0.023	0.034	0.042	0.003	0.007	0.090
  470 --   471	0.006	0.002	0.003	0.003	0.005	0.010
  471 --   472	0.005	0.002	0.003	0.002	0.006	0.009
  472 --   473	0.005	0.002	0.002	0.002	0.005	0.007
  473 --   474	0.005	0.002	0.002	0.002	0.005	0.007
  474 --   475	0.005	0.002	0.002	0.002	0.005	0.007
  475 --   476	0.005	0.002	0.003	0.002	0.005	0.007
  476 --   477	0.009	0.006	0.007	0.003	0.008	0.018
  477 --   478	0.020	0.023	0.029	0.002	0.010	0.066
  478 --   479	0.005	0.003	0.004	0.003	0.003	0.011
  479 --   480	0.005	0.002	0.003	0.002	0.006	0.009
  480 --   481	0.005	0.003	0.003	0.002	0.006	0.009
  481 --   482	0.004	0.001	0.001	0.003	0.003	0.005
  482 --   483	0.006	0.004	0.005	0.002	0.003	0.011
  483 --   484	0.006	0.003	0.004	0.002	0.006	0.012
  484 --   485	0.006	0.004	0.004	0.002	0.007	0.012
  485 --   486	0.050	0.091	0.113	0.003	0.006	0.232
  486 --   487	0.020	0.031	0.039	0.002	0.003	0.082
  487 --   488	0.006	0.004	0.005	0.003	0.004	0.014
  488 --   489	0.006	0.003	0.003	0.004	0.005	0.011
  489 --   490	0.006	0.003	0.004	0.003	0.003	0.011
  490 --   491	0.006	0.002	0.002	0.003	0.005	0.009
  491 --   492	0.006	0.002	0.002	0.003	0.005	0.008
  492 --   493	0.006	0.003	0.004	0.002	0.006	0.010
  493 --   494	0.006	0.003	0.003	0.003	0.007	0.009
  494 --   495	0.005	0.002	0.002	0.003	0.005	0.008
  495 --   496	0.006	0.002	0.003	0.002	0.006	0.008
  496 --   497	0.003	0.001	0.001	0.003	0.003	0.005
  497 --   498	0.004	0.002	0.003	0.002	0.005	0.008
  498 --   499	0.004	0.003	0.003	0.002	0.003	0.008
  499 --   500	0.008	0.007	0.009	0.002	0.005	0.022
  500 --   501	0.005	0.003	0.003	0.002	0.004	0.008
  501 --   502	0.006	0.003	0.004	0.002	0.007	0.010
  502 --   503	0.005	0.004	0.005	0.002	0.002	0.011
  503 --   504	0.014	0.018	0.022	0.004	0.006	0.049
  504 --   505	0.007	0.005	0.006	0.003	0.005	0.016
  505 --   506	0.006	0.003	0.004	0.003	0.004	0.011
  506 --   507	0.004	0.002	0.003	0.002	0.003	0.008
  507 --   508	0.005	0.003	0.003	0.003	0.004	0.010
  508 --   509	0.006	0.001	0.002	0.004	0.007	0.007
  509 --   510	0.006	0.002	0.003	0.003	0.006	0.009
  510 --   511	0.004	0.002	0.002	0.003	0.003	0.007
  511 --   512	0.005	0.002	0.002	0.003	0.005	0.008
  512 --   513	0.004	0.002	0.003	0.002	0.004	0.009
  513 --   514	0.004	0.002	0.002	0.003	0.004	0.007
  514 --   515	0.005	0.002	0.002	0.003	0.003	0.007
  515 --   516	0.005	0.001	0.002	0.002	0.005	0.007
  516 --   517	0.004	0.002	0.003	0.003	0.003	0.009
  517 --   518	0.005	0.002	0.003	0.003	0.004	0.008
  518 --   519	0.006	0.001	0.001	0.005	0.007	0.008
  519 --   520	0.006	0.003	0.004	0.002	0.007	0.010
  520 --   521	0.004	0.002	0.002	0.003	0.003	0.008
  521 --   522	0.003	0.001	0.001	0.003	0.003	0.005
  522 --   523	0.005	0.002	0.002	0.003	0.004	0.008
  523 --   524	0.005	0.001	0.002	0.003	0.004	0.006
  524 --   525	0.008	0.001	0.002	0.006	0.008	0.010
  525 --   526	0.006	0.002	0.002	0.003	0.008	0.008
  526 --   527	0.005	0.003	0.003	0.003	0.005	0.010
  527 --   528	0.007	0.002	0.003	0.003	0.007	0.011
  528 --   529	0.007	0.002	0.003	0.003	0.006	0.009
  529 --   530	0.011	0.012	0.015	0.003	0.004	0.035
  530 --   531	0.011	0.011	0.014	0.003	0.007	0.033
  531 --   532	0.005	0.002	0.003	0.003	0.003	0.009
  532 --   533	0.005	0.003	0.004	0.002	0.003	0.009
  533 --   534	0.006	0.002	0.002	0.004	0.006	0.008
  534 --   535	0.007	0.001	0.001	0.005	0.007	0.009
  535 --   536	0.010	0.011	0.013	0.003	0.007	0.031
  536 --   537	0.033	0.055	0.068	0.003	0.006	0.143
  537 --   538	0.006	0.002	0.003	0.004	0.005	0.009
  538 --   539	0.005	0.002	0.002	0.003	0.006	0.007
  539 --   540	0.006	0.002	0.003	0.003	0.007	0.008
  540 --   541	0.006	0.001	0.001	0.005	0.006	0.007
  541 --   542	0.006	0.002	0.003	0.002	0.007	0.009
  542 --   543	0.006	0.002	0.002	0.003	0.007	0.008
  543 --   544	0.005	0.001	0.002	0.004	0.005	0.008
  544 --   545	0.006	0.002	0.003	0.003	0.008	0.008
  545 --   546	0.004	0.001	0.002	0.003	0.003	0.006
  546 --   547	0.005	0.001	0.002	0.003	0.006	0.007
  547 --   548	0.005	0.002	0.002	0.003	0.004	0.007
  548 --   549	0.004	0.002	0.003	0.002	0.003	0.008
  549 --   550	0.005	0.003	0.003	0.003	0.004	0.009
  550 --   551	0.003	0.001	0.001	0.003	0.003	0.004
  551 --   552	0.004	0.002	0.003	0.002	0.003	0.008
  552 --   553	0.004	0.002	0.002	0.002	0.004	0.006
  553 --   554	0.004	0.002	0.003	0.002	0.003	0.008
  554 --   555	0.004	0.001	0.002	0.002	0.004	0.005
  555 --   556	0.004	0.002	0.002	0.003	0.003	0.007
  556 --   557	0.004	0.002	0.003	0.002	0.003	0.009
  557 --   558	0.004	0.003	0.003	0.002	0.003	0.009
  558 --   559	0.005	0.003	0.003	0.002	0.003	0.010
  559 --   560	0.005	0.003	0.004	0.002	0.006	0.008
  560 --   561	0.006	0.002	0.003	0.003	0.006	0.008
  561 --   562	0.005	0.003	0.003	0.002	0.005	0.008
  562 --   563	0.005	0.002	0.003	0.002	0.005	0.009
  563 --   564	0.004	0.003	0.003	0.002	0.002	0.008
  564 --   565	0.005	0.002	0.003	0.002	0.004	0.008
  565 --   566	0.005	0.003	0.003	0.002	0.003	0.009
  566 --   567	0.005	0.003	0.003	0.002	0.007	0.009
  567 --   568	0.005	0.003	0.003	0.002	0.006	0.008
  568 --   569	0.007	0.006	0.008	0.003	0.005	0.019
  569 --   570	0.007	0.003	0.003	0.003	0.008	0.010
  570 --   571	0.004	0.002	0.002	0.003	0.004	0.008
  571 --   572	0.035	0.063	0.079	0.002	0.003	0.161
  572 --   573	0.004	0.002	0.003	0.002	0.003	0.008
  573 --   574	0.004	0.002	0.002	0.002	0.003	0.007
  574 --   575	0.004	0.001	0.002	0.002	0.004	0.006
  575 --   576	0.003	0.001	0.001	0.002	0.003	0.004
  576 --   577	0.004	0.002	0.003	0.002	0.003	0.008
  577 --   578	0.004	0.002	0.003	0.002	0.004	0.008
  578 --   579	0.005	0.003	0.003	0.002	0.006	0.008
  579 --   580	0.004	0.001	0.002	0.003	0.003	0.006
  580 --   581	0.004	0.002	0.002	0.002	0.003	0.006
  581 --   582	0.008	0.006	0.008	0.002	0.007	0.020
  582 --   583	0.008	0.006	0.007	0.003	0.005	0.019
  583 --   584	0.003	0.002	0.003	0.002	0.003	0.007
  584 --   585	0.005	0.003	0.003	0.002	0.003	0.009
  585 --   586	0.005	0.003	0.003	0.002	0.004	0.008
  586 --   587	0.011	0.014	0.017	0.003	0.005	0.039
  587 --   588	0.005	0.002	0.003	0.002	0.004	0.009
  588 --   589	0.005	0.002	0.002	0.003	0.005	0.008
  589 --   590	0.005	0.003	0.003	0.001	0.007	0.008
  590 --   591	0.008	0.006	0.007	0.002	0.007	0.018
  591 --   592	0.004	0.001	0.001	0.002	0.004	0.005
  592 --   593	0.004	0.003	0.003	0.002	0.003	0.008
  593 --   594	0.004	0.002	0.002	0.002	0.004	0.008
  594 --   595	0.005	0.002	0.002	0.003	0.003	0.007
  595 --   596	0.005	0.002	0.003	0.002	0.005	0.009
  596 --   597	0.006	0.003	0.003	0.002	0.006	0.010
  597 --   598	0.004	0.002	0.002	0.002	0.003	0.008
  598 --   599	0.003	0.001	0.001	0.002	0.003	0.004
  599 --   600	0.005	0.002	0.003	0.002	0.004	0.008
    0 --   600	0.006	0.001	0.001	0.005	0.006	0.007