Interval	Avg	Std	CI=0.95	Min	Median	Max
    0 --     1	1537.120	109.551	136.026	1341.600	1539.200	1664.000
    1 --     2	1453.920	82.783	102.789	1310.400	1497.600	1539.200
    2 --     3	1551.680	168.775	209.562	1352.000	1518.400	1747.200
    3 --     4	1593.280	115.323	143.192	1372.800	1643.200	1695.200
    4 --     5	1508.000	109.867	136.417	1362.400	1549.600	1632.800
    5 --     6	1466.400	164.964	204.830	1196.000	1456.000	1695.200
    6 --     7	1555.840	90.330	112.160	1435.200	1580.800	1664.000
    7 --     8	1508.000	80.826	100.359	1393.600	1487.200	1643.200
    8 --     9	1570.400	111.236	138.118	1456.000	1497.600	1705.600
    9 --    10	1483.040	82.048	101.876	1352.000	1518.400	1560.000
   10 --    11	1634.880	126.076	156.544	1424.800	1643.200	1820.000
   11 --    12	1555.840	87.657	108.840	1445.600	1549.600	1674.400
   12 --    13	1599.520	120.101	149.125	1456.000	1612.000	1799.200
   13 --    14	1514.240	117.405	145.777	1383.200	1497.600	1726.400
   14 --    15	1634.880	247.634	307.478	1144.000	1757.600	1809.600
   15 --    16	1576.640	41.391	51.394	1508.000	1591.200	1632.800
   16 --    17	1424.800	84.490	104.908	1320.800	1393.600	1570.400
   17 --    18	1584.960	88.882	110.362	1476.800	1539.200	1705.600
   18 --    19	1636.960	144.496	179.416	1476.800	1549.600	1840.800
   19 --    20	1599.520	111.508	138.456	1445.600	1601.600	1736.800
   20 --    21	1653.600	149.558	185.700	1508.000	1622.400	1934.400
   21 --    22	1603.680	127.441	158.239	1487.200	1549.600	1851.200
   22 --    23	1537.120	200.415	248.848	1164.800	1601.600	1747.200
   23 --    24	1636.960	199.029	247.127	1310.400	1643.200	1934.400
   24 --    25	1612.000	130.062	161.494	1487.200	1549.600	1820.000
   25 --    26	1491.360	119.233	148.048	1331.200	1456.000	1674.400
   26 --    27	1595.360	191.834	238.194	1383.200	1570.400	1913.600
   27 --    28	1497.600	303.209	376.484	1268.800	1404.000	2090.400
   28 --    29	1582.880	116.071	144.121	1414.400	1632.800	1736.800
   29 --    30	1607.840	134.414	166.897	1362.400	1674.400	1736.800
   30 --    31	1574.560	108.000	134.100	1414.400	1612.000	1726.400
   31 --    32	1537.120	169.159	210.039	1300.000	1539.200	1778.400
   32 --    33	1636.960	198.048	245.909	1414.400	1518.400	1924.000
   33 --    34	1580.800	162.053	201.216	1414.400	1508.000	1872.000
   34 --    35	1433.120	238.012	295.531	967.200	1570.400	1591.200
   35 --    36	1711.840	287.657	357.174	1424.800	1580.800	2256.800
   36 --    37	1441.440	228.099	283.223	1123.200	1362.400	1799.200
   37 --    38	1518.400	144.556	179.490	1279.200	1497.600	1705.600
   38 --    39	1782.560	317.130	393.769	1560.000	1591.200	2392.000
   39 --    40	1524.640	126.624	157.224	1320.800	1539.200	1695.200
   40 --    41	1622.400	248.993	309.165	1372.800	1549.600	2080.000
   41 --    42	1597.440	136.173	169.080	1456.000	1508.000	1768.000
   42 --    43	1426.880	181.973	225.950	1175.200	1435.200	1705.600
   43 --    44	1678.560	44.417	55.151	1622.400	1674.400	1747.200
   44 --    45	1722.240	161.197	200.152	1445.600	1747.200	1903.200
   45 --    46	1562.080	223.578	277.609	1154.400	1580.800	1799.200
   46 --    47	1609.920	89.561	111.204	1518.400	1612.000	1768.000
   47 --    48	1624.480	177.032	219.815	1414.400	1539.200	1840.800
   48 --    49	1653.600	141.684	175.925	1414.400	1674.400	1851.200
   49 --    50	1614.080	64.915	80.602	1508.000	1622.400	1684.800
   50 --    51	1535.040	82.835	102.853	1435.200	1549.600	1664.000
   51 --    52	1510.080	147.431	183.059	1268.800	1476.800	1684.800
   52 --    53	1572.480	70.352	87.354	1466.400	1570.400	1684.800
   53 --    54	1495.520	92.179	114.456	1331.200	1497.600	1601.600
   54 --    55	1537.120	153.187	190.207	1414.400	1476.800	1830.400
   55 --    56	1595.360	139.313	172.980	1352.000	1632.800	1778.400
   56 --    57	1526.720	95.181	118.183	1393.600	1518.400	1632.800
   57 --    58	1495.520	98.751	122.615	1404.000	1435.200	1674.400
   58 --    59	1614.080	100.703	125.039	1435.200	1612.000	1736.800
   59 --    60	1591.200	136.395	169.356	1393.600	1622.400	1747.200
   60 --    61	1539.200	104.622	129.906	1414.400	1476.800	1674.400
   61 --    62	1566.240	70.413	87.430	1445.600	1601.600	1632.800
   62 --    63	1545.440	132.468	164.481	1310.400	1601.600	1684.800
   63 --    64	1574.560	89.125	110.663	1497.600	1549.600	1747.200
   64 --    65	1713.920	77.380	96.081	1612.000	1716.000	1799.200
   65 --    66	1630.720	152.196	188.976	1476.800	1549.600	1820.000
   66 --    67	1630.720	145.511	180.676	1362.400	1684.800	1768.000
   67 --    68	1607.840	103.290	128.252	1476.800	1612.000	1788.800
   68 --    69	1566.240	130.990	162.646	1404.000	1518.400	1778.400
   69 --    70	1643.200	106.263	131.943	1528.800	1591.200	1830.400
   70 --    71	1605.760	263.151	326.745	1310.400	1539.200	2090.400
   71 --    72	1497.600	216.160	268.398	1216.800	1487.200	1861.600
   72 --    73	1666.080	158.053	196.248	1456.000	1653.600	1882.400
   73 --    74	1589.120	129.796	161.163	1424.800	1539.200	1799.200
   74 --    75	1620.320	86.614	107.545	1487.200	1612.000	1757.600
   75 --    76	1634.880	162.506	201.778	1341.600	1664.000	1820.000
   76 --    77	1483.040	152.366	189.188	1300.000	1404.000	1716.000
   77 --    78	1545.440	71.632	88.943	1435.200	1591.200	1622.400
   78 --    79	1693.120	88.345	109.695	1570.400	1653.600	1809.600
   79 --    80	1649.440	157.943	196.112	1372.800	1716.000	1830.400
   80 --    81	1589.120	193.831	240.673	1331.200	1632.800	1840.800
   81 --    82	1664.000	178.444	221.568	1341.600	1757.600	1820.000
   82 --    83	1562.080	159.822	198.445	1362.400	1549.600	1799.200
   83 --    84	1703.520	93.345	115.904	1549.600	1747.200	1820.000
   84 --    85	1564.160	94.771	117.674	1456.000	1549.600	1736.800
   85 --    86	1522.560	101.174	125.625	1414.400	1518.400	1705.600
   86 --    87	1682.720	80.127	99.491	1560.000	1705.600	1768.000
   87 --    88	1576.640	75.168	93.334	1456.000	1601.600	1664.000
   88 --    89	1612.000	98.224	121.961	1476.800	1612.000	1768.000
   89 --    90	1647.360	48.155	59.793	1560.000	1674.400	1695.200
   90 --    91	1466.400	132.043	163.953	1268.800	1518.400	1632.800
   91 --    92	1584.960	236.481	293.629	1393.600	1476.800	2048.800
   92 --    93	1713.920	133.412	165.653	1528.800	1716.000	1934.400
   93 --    94	1578.720	269.871	335.090	1175.200	1695.200	1882.400
   94 --    95	1487.200	182.401	226.480	1237.600	1518.400	1778.400
   95 --    96	1582.880	44.319	55.029	1508.000	1601.600	1632.800
   96 --    97	1468.480	103.039	127.940	1341.600	1435.200	1622.400
   97 --    98	1630.720	133.250	165.452	1487.200	1570.400	1820.000
   98 --    99	1699.360	119.233	148.048	1580.800	1622.400	1882.400
   99 --   100	1397.760	211.363	262.442	1175.200	1331.200	1799.200
  100 --   101	1570.400	98.003	121.687	1476.800	1528.800	1747.200
  101 --   102	1535.040	130.660	162.236	1331.200	1508.000	1705.600
  102 --   103	1574.560	44.901	55.752	1497.600	1570.400	1632.800
  103 --   104	1636.960	126.110	156.587	1414.400	1643.200	1768.000
  104 --   105	1670.240	79.640	98.886	1580.800	1653.600	1768.000
  105 --   106	1501.760	101.601	126.154	1372.800	1497.600	1674.400
  106 --   107	1512.160	119.595	148.497	1341.600	1549.600	1643.200
  107 --   108	1645.280	59.707	74.136	1560.000	1643.200	1716.000
  108 --   109	1622.400	176.371	218.994	1372.800	1664.000	1861.600
  109 --   110	1587.040	173.851	215.865	1372.800	1570.400	1903.200
  110 --   111	1676.480	188.742	234.354	1456.000	1664.000	1934.400
  111 --   112	1514.240	196.183	243.593	1268.800	1601.600	1788.800
  112 --   113	1657.760	96.131	119.363	1570.400	1632.800	1840.800
  113 --   114	1701.440	177.423	220.300	1508.000	1632.800	2028.000
  114 --   115	1616.160	102.871	127.731	1487.200	1560.000	1757.600
  115 --   116	1745.120	205.636	255.331	1424.800	1726.400	1986.400
  116 --   117	1589.120	233.794	290.294	1300.000	1456.000	1872.000
  117 --   118	1761.760	243.422	302.249	1487.200	1820.000	2111.200
  118 --   119	1649.440	242.799	301.475	1258.400	1612.000	1955.200
  119 --   120	1753.440	114.040	141.600	1591.200	1726.400	1882.400
  120 --   121	1435.200	693.455	861.038	156.000	1497.600	2152.800
  121 --   122	1705.600	162.719	202.043	1487.200	1768.000	1924.000
  122 --   123	1674.400	131.057	162.728	1466.400	1684.800	1872.000
  123 --   124	1711.840	192.285	238.753	1331.200	1809.600	1840.800
  124 --   125	1830.400	208.104	258.395	1643.200	1788.800	2215.200
  125 --   126	1591.200	241.764	300.189	1352.000	1612.000	2017.600
  126 --   127	1622.400	231.339	287.245	1424.800	1570.400	2059.200
  127 --   128	1747.200	237.794	295.260	1435.200	1674.400	2142.400
  128 --   129	1670.240	174.967	217.251	1393.600	1664.000	1934.400
  129 --   130	1697.280	213.886	265.575	1393.600	1726.400	1944.800
  130 --   131	1674.400	205.278	254.887	1539.200	1560.000	2080.000
  131 --   132	1520.480	281.869	349.986	1248.000	1362.400	1996.800
  132 --   133	1593.280	211.650	262.798	1404.000	1497.600	1965.600
  133 --   134	1595.360	335.558	416.650	1071.200	1632.800	2007.200
  134 --   135	1537.120	143.414	178.073	1320.800	1497.600	1716.000
  135 --   136	1659.840	179.242	222.559	1404.000	1622.400	1872.000
  136 --   137	1657.760	167.256	207.676	1528.800	1591.200	1986.400
  137 --   138	1620.320	327.915	407.160	1175.200	1664.000	2080.000
  138 --   139	1620.320	124.000	153.966	1466.400	1674.400	1788.800
  139 --   140	1693.120	242.782	301.453	1466.400	1591.200	2163.200
  140 --   141	1605.760	235.288	292.149	1341.600	1508.000	2038.400
  141 --   142	1730.560	303.609	376.980	1372.800	1653.600	2090.400
  142 --   143	1649.440	124.731	154.874	1424.800	1684.800	1788.800
  143 --   144	1720.160	186.807	231.951	1445.600	1674.400	1934.400
  144 --   145	1701.440	342.575	425.364	1352.000	1664.000	2308.800
  145 --   146	1576.640	150.653	187.060	1404.000	1518.400	1830.400
  146 --   147	1622.400	165.749	205.804	1424.800	1632.800	1892.800
  147 --   148	1732.640	337.742	419.362	1196.000	1653.600	2111.200
  148 --   149	1576.640	186.343	231.375	1331.200	1518.400	1861.600
  149 --   150	1659.840	165.566	205.577	1404.000	1632.800	1882.400
  150 --   151	1655.680	260.324	323.235	1393.600	1549.600	2132.000
  151 --   152	1682.720	179.098	222.379	1487.200	1643.200	1965.600
  152 --   153	1666.080	150.911	187.381	1518.400	1570.400	1913.600
  153 --   154	1653.600	165.749	205.804	1487.200	1570.400	1892.800
  154 --   155	1686.880	190.112	236.056	1456.000	1601.600	2007.200
  155 --   156	1666.080	263.545	327.234	1435.200	1549.600	2152.800
  156 --   157	1659.840	165.827	205.901	1528.800	1570.400	1976.000
  157 --   158	1545.440	181.521	225.388	1331.200	1591.200	1809.600
  158 --   159	1551.680	147.724	183.423	1341.600	1570.400	1768.000
  159 --   160	1582.880	143.565	178.260	1393.600	1549.600	1768.000
  160 --   161	1601.600	107.075	132.951	1414.400	1664.000	1695.200
  161 --   162	1607.840	190.021	235.943	1320.800	1674.400	1820.000
  162 --   163	1616.160	125.939	156.374	1445.600	1591.200	1809.600
  163 --   164	1730.560	156.568	194.404	1601.600	1643.200	2028.000
  164 --   165	1582.880	229.593	285.077	1300.000	1653.600	1903.200
  165 --   166	1624.480	74.533	92.544	1518.400	1643.200	1716.000
  166 --   167	1716.000	191.428	237.689	1476.800	1736.800	2017.600
  167 --   168	1639.040	182.827	227.010	1310.400	1705.600	1840.800
  168 --   169	1568.320	233.609	290.064	1258.400	1622.400	1934.400
  169 --   170	1607.840	140.242	174.133	1466.400	1560.000	1872.000
  170 --   171	1491.360	277.709	344.822	1029.600	1508.000	1903.200
  171 --   172	1587.040	183.889	228.328	1248.000	1664.000	1768.000
  172 --   173	1555.840	241.549	299.922	1227.200	1560.000	1965.600
  173 --   174	1593.280	191.473	237.745	1372.800	1549.600	1944.800
  174 --   175	1551.680	239.913	297.892	1092.000	1622.400	1799.200
  175 --   176	1560.000	132.207	164.157	1393.600	1601.600	1705.600
  176 --   177	1526.720	185.389	230.190	1227.200	1643.200	1705.600
  177 --   178	1520.480	170.052	211.147	1206.400	1612.000	1664.000
  178 --   179	1497.600	241.943	300.411	1175.200	1456.000	1903.200
  179 --   180	1524.640	160.659	199.484	1279.200	1508.000	1768.000
  180 --   181	1541.280	319.156	396.285	925.600	1612.000	1799.200
  181 --   182	1524.640	186.922	232.095	1268.800	1508.000	1851.200
  182 --   183	1570.400	133.185	165.371	1320.800	1622.400	1705.600
  183 --   184	1562.080	173.328	215.215	1289.600	1580.800	1788.800
  184 --   185	1524.640	241.996	300.478	1175.200	1549.600	1840.800
  185 --   186	1632.800	252.529	313.557	1144.000	1747.200	1830.400
  186 --   187	1530.880	97.428	120.972	1414.400	1570.400	1632.800
  187 --   188	1601.600	235.784	292.765	1196.000	1674.400	1913.600
  188 --   189	1437.280	233.609	290.064	998.400	1508.000	1664.000
  189 --   190	1566.240	65.313	81.097	1487.200	1539.200	1674.400
  190 --   191	1510.080	186.204	231.202	1279.200	1445.600	1809.600
  191 --   192	1418.560	183.300	227.597	1071.200	1476.800	1612.000
  192 --   193	1395.680	102.618	127.417	1258.400	1352.000	1539.200
  193 --   194	1562.080	111.314	138.215	1435.200	1539.200	1716.000
  194 --   195	1505.920	184.570	229.174	1216.800	1570.400	1705.600
  195 --   196	1445.600	187.777	233.156	1092.000	1549.600	1591.200
  196 --   197	1489.280	146.400	181.780	1258.400	1601.600	1612.000
  197 --   198	1614.080	107.155	133.051	1456.000	1591.200	1757.600
  198 --   199	1505.920	192.824	239.423	1185.600	1622.400	1695.200
  199 --   200	1349.920	270.832	336.282	842.400	1508.000	1580.800
  200 --   201	1622.400	303.138	376.396	1092.000	1799.200	1934.400
  201 --   202	1424.800	197.764	245.557	1164.800	1404.000	1768.000
  202 --   203	1539.200	191.202	237.408	1216.800	1622.400	1768.000
  203 --   204	1562.080	223.578	277.609	1133.600	1622.400	1778.400
  204 --   205	1435.200	149.413	185.521	1154.400	1487.200	1580.800
  205 --   206	1518.400	109.472	135.927	1352.000	1508.000	1695.200
  206 --   207	1584.960	143.294	177.923	1435.200	1508.000	1809.600
  207 --   208	1543.360	143.896	178.671	1268.800	1580.800	1695.200
  208 --   209	1547.520	56.352	69.971	1456.000	1539.200	1612.000
  209 --   210	1549.600	245.317	304.601	1123.200	1580.800	1882.400
  210 --   211	1449.760	146.282	181.633	1320.800	1404.000	1726.400
  211 --   212	1437.280	123.300	153.098	1268.800	1466.400	1612.000
  212 --   213	1460.160	82.574	102.529	1362.400	1445.600	1612.000
  213 --   214	1510.080	217.298	269.811	1112.800	1591.200	1705.600
  214 --   215	1474.720	141.898	176.190	1237.600	1466.400	1674.400
  215 --   216	1643.200	182.163	226.186	1352.000	1632.800	1840.800
  216 --   217	1616.160	255.476	317.216	1362.400	1549.600	2038.400
  217 --   218	1655.680	154.032	191.256	1508.000	1612.000	1944.800
  218 --   219	1493.440	113.088	140.417	1300.000	1518.400	1612.000
  219 --   220	1449.760	273.233	339.264	956.800	1497.600	1747.200
  220 --   221	1512.160	130.660	162.236	1258.400	1580.800	1612.000
  221 --   222	1495.520	341.867	424.485	1050.400	1424.800	1996.800
  222 --   223	1462.240	200.221	248.607	1123.200	1445.600	1716.000
  223 --   224	1562.080	213.279	264.820	1196.000	1632.800	1840.800
  224 --   225	1678.560	339.531	421.583	1133.600	1664.000	2194.400
  225 --   226	1639.040	148.775	184.728	1487.200	1632.800	1913.600
  226 --   227	1562.080	167.618	208.125	1435.200	1487.200	1882.400
  227 --   228	1624.480	192.712	239.283	1331.200	1570.400	1892.800
  228 --   229	1447.680	263.299	326.929	1019.200	1580.800	1768.000
  229 --   230	1549.600	88.979	110.482	1393.600	1570.400	1632.800
  230 --   231	1524.640	83.356	103.500	1424.800	1487.200	1643.200
  231 --   232	1458.080	266.240	330.581	988.000	1570.400	1778.400
  232 --   233	1557.920	207.417	257.542	1268.800	1518.400	1903.200
  233 --   234	1541.280	243.404	302.227	1102.400	1591.200	1851.200
  234 --   235	1499.680	135.024	167.654	1248.000	1539.200	1653.600
  235 --   236	1428.960	144.496	179.416	1227.200	1487.200	1622.400
  236 --   237	1553.760	145.094	180.158	1362.400	1560.000	1747.200
  237 --   238	1580.800	166.530	206.774	1383.200	1487.200	1809.600
  238 --   239	1408.160	225.812	280.382	988.000	1518.400	1632.800
  239 --   240	1443.520	235.913	292.924	1092.000	1456.000	1778.400
  240 --   241	1541.280	194.054	240.950	1248.000	1580.800	1788.800
  241 --   242	1535.040	358.074	444.608	1029.600	1632.800	2069.600
  242 --   243	1510.080	240.094	298.116	1092.000	1549.600	1840.800
  243 --   244	1641.120	123.651	153.533	1487.200	1705.600	1778.400
  244 --   245	1549.600	187.431	232.726	1300.000	1528.800	1882.400
  245 --   246	1489.280	306.784	380.923	904.800	1632.800	1768.000
  246 --   247	1578.720	347.889	431.961	1040.000	1664.000	2048.800
  247 --   248	1541.280	83.304	103.435	1424.800	1601.600	1622.400
  248 --   249	1566.240	233.905	290.432	1196.000	1560.000	1934.400
  249 --   250	1437.280	215.900	268.075	1019.200	1487.200	1632.800
  250 --   251	1705.600	156.485	194.301	1508.000	1705.600	1965.600
  251 --   252	1557.920	118.651	147.325	1414.400	1528.800	1716.000
  252 --   253	1483.040	257.836	320.146	1133.600	1476.800	1840.800
  253 --   254	1491.360	206.811	256.790	1081.600	1580.800	1632.800
  254 --   255	1470.560	226.768	281.569	1050.400	1539.200	1705.600
  255 --   256	1464.320	211.854	263.051	1164.800	1497.600	1778.400
  256 --   257	1580.800	210.789	261.729	1237.600	1580.800	1851.200
  257 --   258	1476.800	199.832	248.124	1216.800	1539.200	1716.000
  258 --   259	1526.720	115.884	143.889	1341.600	1528.800	1695.200
  259 --   260	1489.280	216.700	269.068	1102.400	1570.400	1695.200
  260 --   261	1522.560	271.884	337.588	998.400	1612.000	1778.400
  261 --   262	1620.320	299.072	371.347	1144.000	1653.600	2080.000
  262 --   263	1530.880	251.017	311.679	1154.400	1445.600	1872.000
  263 --   264	1570.400	220.225	273.445	1175.200	1591.200	1809.600
  264 --   265	1580.800	233.294	289.673	1331.200	1528.800	2007.200
  265 --   266	1541.280	249.461	309.747	1227.200	1560.000	1955.200
  266 --   267	1520.480	140.519	174.478	1393.600	1435.200	1747.200
  267 --   268	1564.160	232.421	288.589	1206.400	1570.400	1892.800
  268 --   269	1408.160	176.812	219.541	1112.800	1404.000	1622.400
  269 --   270	1468.480	245.352	304.645	1268.800	1414.400	1944.800
  270 --   271	1628.640	372.117	462.044	977.600	1695.200	2048.800
  271 --   272	1707.680	284.238	352.928	1393.600	1674.400	2038.400
  272 --   273	1453.920	188.857	234.497	1248.000	1404.000	1705.600
  273 --   274	1680.640	338.638	420.474	1206.400	1944.800	1965.600
  274 --   275	1578.720	263.299	326.929	1071.200	1674.400	1778.400
  275 --   276	1628.640	183.064	227.304	1372.800	1726.400	1820.000
  276 --   277	1674.400	162.586	201.878	1424.800	1726.400	1882.400
  277 --   278	1670.240	209.513	260.145	1497.600	1570.400	2059.200
  278 --   279	1560.000	248.471	308.517	1154.400	1518.400	1851.200
  279 --   280	1630.720	248.070	308.020	1320.800	1570.400	2007.200
  280 --   281	1651.520	237.649	295.080	1258.400	1768.000	1913.600
  281 --   282	1624.480	252.392	313.387	1248.000	1684.800	1892.800
  282 --   283	1651.520	303.238	376.520	1102.400	1830.400	1934.400
  283 --   284	1564.160	149.789	185.987	1310.400	1653.600	1705.600
  284 --   285	1670.240	245.986	305.432	1300.000	1820.000	1924.000
  285 --   286	1678.560	277.241	344.241	1144.000	1736.800	1934.400
  286 --   287	1668.160	308.976	383.645	1112.800	1788.800	2017.600
  287 --   288	1691.040	227.910	282.987	1435.200	1612.000	1986.400
  288 --   289	1668.160	316.857	393.430	1289.600	1768.000	2142.400
  289 --   290	1674.400	244.787	303.943	1258.400	1757.600	1996.800
  290 --   291	1543.360	192.172	238.613	1196.000	1622.400	1736.800
  291 --   292	1724.320	324.933	403.458	1268.800	1809.600	2132.000
  292 --   293	1582.880	279.866	347.500	1092.000	1674.400	1944.800
  293 --   294	1634.880	199.550	247.774	1279.200	1716.000	1851.200
  294 --   295	1788.800	302.853	376.041	1393.600	1726.400	2204.800
  295 --   296	1518.400	287.988	357.584	1060.800	1560.000	1892.800
  296 --   297	1622.400	229.555	285.030	1248.000	1736.800	1903.200
  297 --   298	1697.280	259.908	322.719	1289.600	1892.800	1913.600
  298 --   299	1699.360	366.965	455.648	1185.600	1560.000	2215.200
  299 --   300	1620.320	185.389	230.190	1424.800	1549.600	1861.600
  300 --   301	1711.840	291.542	361.997	1154.400	1820.000	2007.200
  301 --   302	1622.400	256.861	318.935	1206.400	1736.800	1913.600
  302 --   303	1676.480	295.799	367.283	1268.800	1726.400	2100.800
  303 --   304	1697.280	309.032	383.714	1144.000	1861.600	2017.600
  304 --   305	1591.200	224.505	278.760	1216.800	1622.400	1820.000
  305 --   306	1790.880	255.713	317.510	1466.400	1924.000	2048.800
  306 --   307	1526.720	286.587	355.845	1154.400	1695.200	1872.000
  307 --   308	1664.000	270.800	336.242	1310.400	1757.600	1996.800
  308 --   309	1697.280	175.066	217.374	1445.600	1695.200	1944.800
  309 --   310	1535.040	207.229	257.309	1144.000	1643.200	1716.000
  310 --   311	1703.520	404.206	501.888	915.200	1851.200	2059.200
  311 --   312	1792.960	297.273	369.113	1310.400	1809.600	2236.000
  312 --   313	1599.520	214.694	266.578	1341.600	1601.600	1965.600
  313 --   314	1505.920	353.930	439.462	956.800	1612.000	1882.400
  314 --   315	1707.680	255.035	316.668	1362.400	1695.200	2059.200
  315 --   316	1614.080	307.066	381.273	1289.600	1487.200	2121.600
  316 --   317	1634.880	347.267	431.188	1123.200	1622.400	2048.800
  317 --   318	1732.640	269.246	334.312	1372.800	1809.600	2059.200
  318 --   319	1589.120	288.468	358.181	1248.000	1414.400	1944.800
  319 --   320	1716.000	201.985	250.798	1404.000	1653.600	1976.000
  320 --   321	1541.280	425.379	528.178	1019.200	1414.400	2277.600
  321 --   322	1574.560	348.336	432.517	1092.000	1560.000	1976.000
  322 --   323	1734.720	244.114	303.108	1362.400	1695.200	2059.200
  323 --   324	1636.960	269.085	334.113	1352.000	1580.800	1965.600
  324 --   325	1589.120	318.614	395.611	1237.600	1528.800	2059.200
  325 --   326	1582.880	210.214	261.015	1258.400	1653.600	1809.600
  326 --   327	1597.440	352.350	437.500	1175.200	1528.800	2069.600
  327 --   328	1518.400	327.493	406.636	894.400	1601.600	1840.800
  328 --   329	1578.720	329.363	408.958	1050.400	1747.200	1892.800
  329 --   330	1555.840	282.344	350.577	1227.200	1612.000	1976.000
  330 --   331	1551.680	240.544	298.674	1227.200	1601.600	1820.000
  331 --   332	1684.800	210.789	261.729	1383.200	1664.000	1924.000
  332 --   333	1686.880	217.894	270.551	1424.800	1726.400	1944.800
  333 --   334	1566.240	318.084	394.953	1227.200	1414.400	2069.600
  334 --   335	1555.840	318.016	394.869	988.000	1695.200	1882.400
  335 --   336	1447.680	203.628	252.837	1071.200	1570.400	1612.000
  336 --   337	1676.480	332.175	412.450	1279.200	1840.800	2121.600
  337 --   338	1451.840	352.043	437.119	842.400	1622.400	1851.200
  338 --   339	1453.920	283.476	351.982	1102.400	1549.600	1757.600
  339 --   340	1607.840	165.173	205.090	1362.400	1580.800	1820.000
  340 --   341	1522.560	169.568	210.546	1331.200	1476.800	1736.800
  341 --   342	1410.240	390.054	484.316	811.200	1362.400	2028.000
  342 --   343	1636.960	411.325	510.727	915.200	1632.800	2090.400
  343 --   344	1535.040	127.814	158.702	1289.600	1570.400	1653.600
  344 --   345	1560.000	294.230	365.335	1144.000	1518.400	2017.600
  345 --   346	1543.360	282.727	351.052	1029.600	1632.800	1882.400
  346 --   347	1526.720	229.027	284.374	1279.200	1445.600	1944.800
  347 --   348	1572.480	223.385	277.369	1320.800	1456.000	1903.200
  348 --   349	1616.160	225.332	279.787	1300.000	1653.600	1903.200
  349 --   350	1578.720	240.993	299.232	1102.400	1674.400	1768.000
  350 --   351	1612.000	128.051	158.996	1424.800	1601.600	1768.000
  351 --   352	1628.640	153.779	190.942	1404.000	1643.200	1872.000
  352 --   353	1520.480	332.110	412.369	1050.400	1601.600	2007.200
  353 --   354	1530.880	318.274	395.189	1050.400	1508.000	2038.400
  354 --   355	1580.800	237.885	295.373	1206.400	1664.000	1851.200
  355 --   356	1547.520	207.312	257.412	1268.800	1518.400	1882.400
  356 --   357	1526.720	191.134	237.324	1154.400	1601.600	1674.400
  357 --   358	1622.400	228.516	283.740	1300.000	1591.200	1976.000
  358 --   359	1568.320	152.622	189.505	1372.800	1549.600	1840.800
  359 --   360	1443.520	256.051	317.930	1123.200	1352.000	1840.800
  360 --   361	1535.040	250.431	310.951	1060.800	1622.400	1788.800
  361 --   362	1505.920	188.742	234.354	1248.000	1570.400	1757.600
  362 --   363	1589.120	147.431	183.059	1300.000	1643.200	1716.000
  363 --   364	1522.560	151.083	187.594	1248.000	1570.400	1674.400
  364 --   365	1476.800	149.847	186.059	1289.600	1580.800	1632.800
  365 --   366	1514.240	113.088	140.417	1362.400	1539.200	1632.800
  366 --   367	1570.400	123.581	153.446	1414.400	1612.000	1716.000
  367 --   368	1352.000	104.415	129.649	1185.600	1372.800	1476.800
  368 --   369	1526.720	174.323	216.451	1258.400	1539.200	1757.600
  369 --   370	1555.840	85.660	106.360	1445.600	1549.600	1684.800
  370 --   371	1316.640	157.532	195.601	1123.200	1289.600	1601.600
  371 --   372	1497.600	191.654	237.969	1248.000	1580.800	1747.200
  372 --   373	1493.440	195.741	243.045	1112.800	1549.600	1653.600
  373 --   374	1555.840	107.196	133.101	1414.400	1580.800	1705.600
  374 --   375	1404.000	342.222	424.924	894.400	1424.800	1851.200
  375 --   376	1541.280	203.628	252.837	1196.000	1580.800	1809.600
  376 --   377	1510.080	103.248	128.200	1341.600	1549.600	1622.400
  377 --   378	1547.520	109.551	136.026	1341.600	1580.800	1664.000
  378 --   379	1462.240	228.194	283.340	1019.200	1570.400	1643.200
  379 --   380	1443.520	113.622	141.080	1310.400	1414.400	1622.400
  380 --   381	1541.280	185.971	230.914	1362.400	1456.000	1851.200
  381 --   382	1408.160	259.842	322.636	956.800	1487.200	1664.000
  382 --   383	1458.080	199.116	247.235	1102.400	1466.400	1705.600
  383 --   384	1545.440	103.708	128.771	1404.000	1508.000	1705.600
  384 --   385	1522.560	169.950	211.021	1206.400	1570.400	1716.000
  385 --   386	1570.400	203.266	252.388	1310.400	1508.000	1892.800
  386 --   387	1580.800	91.614	113.754	1404.000	1632.800	1653.600
  387 --   388	1547.520	140.057	173.903	1435.200	1487.200	1809.600
  388 --   389	1456.000	161.652	200.718	1258.400	1549.600	1653.600
  389 --   390	1458.080	152.338	189.152	1227.200	1497.600	1684.800
  390 --   391	1395.680	120.461	149.572	1227.200	1445.600	1528.800
  391 --   392	1320.800	86.514	107.421	1164.800	1341.600	1404.000
  392 --   393	1503.840	219.201	272.174	1081.600	1560.000	1716.000
  393 --   394	1491.360	107.196	133.101	1320.800	1487.200	1653.600
  394 --   395	1424.800	194.344	241.310	1196.000	1362.400	1664.000
  395 --   396	1560.000	269.679	334.851	1060.800	1747.200	1757.600
  396 --   397	1401.920	192.487	239.004	1092.000	1508.000	1612.000
  397 --   398	1524.640	137.752	171.042	1341.600	1528.800	1705.600
  398 --   399	1543.360	208.996	259.503	1144.000	1580.800	1747.200
  399 --   400	1439.360	146.725	182.183	1216.800	1393.600	1612.000
  400 --   401	1518.400	68.986	85.657	1404.000	1549.600	1591.200
  401 --   402	1406.080	174.199	216.297	1164.800	1331.200	1612.000
  402 --   403	1466.400	171.016	212.344	1216.800	1528.800	1674.400
  403 --   404	1622.400	195.232	242.413	1404.000	1549.600	1976.000
  404 --   405	1512.160	90.330	112.160	1393.600	1466.400	1632.800
  405 --   406	1505.920	250.759	311.358	1071.200	1528.800	1851.200
  406 --   407	1522.560	250.344	310.843	1185.600	1456.000	1913.600
  407 --   408	1541.280	122.066	151.565	1310.400	1580.800	1674.400
  408 --   409	1354.080	132.925	165.048	1123.200	1372.800	1487.200
  409 --   410	1418.560	220.382	273.640	988.000	1497.600	1591.200
  410 --   411	1495.520	212.974	264.442	1123.200	1560.000	1768.000
  411 --   412	1659.840	194.410	241.392	1362.400	1653.600	1903.200
  412 --   413	1487.200	205.804	255.540	1196.000	1456.000	1799.200
  413 --   414	1476.800	130.726	162.318	1289.600	1528.800	1643.200
  414 --   415	1582.880	103.039	127.940	1424.800	1580.800	1736.800
  415 --   416	1535.040	147.166	182.731	1300.000	1549.600	1747.200
  416 --   417	1468.480	238.466	296.095	1029.600	1570.400	1695.200
  417 --   418	1560.000	209.348	259.939	1300.000	1695.200	1768.000
  418 --   419	1485.120	136.141	169.041	1320.800	1560.000	1632.800
  419 --   420	1366.560	202.797	251.806	1008.800	1362.400	1612.000
  420 --   421	1510.080	174.695	216.913	1331.200	1424.800	1830.400
  421 --   422	1491.360	179.242	222.559	1216.800	1476.800	1736.800
  422 --   423	1501.760	78.821	97.869	1393.600	1487.200	1632.800
  423 --   424	1528.800	192.891	239.506	1175.200	1580.800	1726.400
  424 --   425	1668.160	128.658	159.750	1518.400	1622.400	1882.400
  425 --   426	1620.320	125.560	155.904	1487.200	1622.400	1830.400
  426 --   427	1526.720	111.508	138.456	1352.000	1518.400	1674.400
  427 --   428	1547.520	114.192	141.788	1352.000	1612.000	1664.000
  428 --   429	1618.240	204.708	254.179	1383.200	1591.200	1892.800
  429 --   430	1532.960	74.300	92.256	1435.200	1518.400	1664.000
  430 --   431	1435.200	178.444	221.568	1175.200	1445.600	1716.000
  431 --   432	1562.080	79.857	99.155	1445.600	1612.000	1643.200
  432 --   433	1582.880	198.136	246.018	1404.000	1466.400	1944.800
  433 --   434	1362.400	115.996	144.028	1248.000	1300.000	1508.000
  434 --   435	1449.760	390.276	484.591	894.400	1424.800	2100.800
  435 --   436	1562.080	164.096	203.752	1268.800	1664.000	1716.000
  436 --   437	1514.240	259.425	322.119	1258.400	1445.600	2007.200
  437 --   438	1254.240	219.497	272.541	998.400	1227.200	1601.600
  438 --   439	1628.640	135.056	167.694	1393.600	1632.800	1788.800
  439 --   440	1508.000	194.121	241.033	1248.000	1466.400	1778.400
  440 --   441	1520.480	174.199	216.297	1216.800	1560.000	1726.400
  441 --   442	1686.880	121.889	151.345	1466.400	1716.000	1820.000
  442 --   443	1505.920	132.109	164.035	1331.200	1497.600	1716.000
  443 --   444	1516.320	133.736	166.055	1383.200	1528.800	1747.200
  444 --   445	1366.560	296.617	368.299	790.400	1456.000	1643.200
  445 --   446	1522.560	128.321	159.332	1300.000	1518.400	1684.800
  446 --   447	1437.280	145.808	181.044	1175.200	1476.800	1612.000
  447 --   448	1456.000	275.786	342.434	1050.400	1508.000	1882.400
  448 --   449	1541.280	169.031	209.880	1206.400	1622.400	1664.000
  449 --   450	1443.520	206.266	256.114	1050.400	1539.200	1643.200
  450 --   451	1437.280	157.367	195.397	1289.600	1362.400	1726.400
  451 --   452	1451.840	253.436	314.682	977.600	1549.600	1716.000
  452 --   453	1574.560	69.796	86.664	1466.400	1570.400	1664.000
  453 --   454	1453.920	93.808	116.478	1300.000	1456.000	1591.200
  454 --   455	1537.120	171.319	212.721	1404.000	1404.000	1820.000
  455 --   456	1478.880	199.767	248.043	1112.800	1508.000	1695.200
  456 --   457	1555.840	166.997	207.354	1227.200	1612.000	1684.800
  457 --   458	1414.400	178.928	222.169	1123.200	1456.000	1601.600
  458 --   459	1397.760	137.752	171.042	1154.400	1435.200	1539.200
  459 --   460	1560.000	131.551	163.342	1300.000	1622.400	1653.600
  460 --   461	1574.560	106.385	132.095	1372.800	1612.000	1684.800
  461 --   462	1476.800	217.457	270.009	1092.000	1539.200	1726.400
  462 --   463	1470.560	371.418	461.177	1154.400	1352.000	2173.600
  463 --   464	1493.440	173.602	215.556	1227.200	1570.400	1705.600
  464 --   465	1374.880	157.367	195.397	1081.600	1393.600	1539.200
  465 --   466	1422.720	114.381	142.023	1258.400	1445.600	1591.200
  466 --   467	1582.880	107.558	133.551	1372.800	1632.800	1674.400
  467 --   468	1458.080	100.272	124.505	1258.400	1497.600	1518.400
  468 --   469	1372.800	268.715	333.653	925.600	1393.600	1736.800
  469 --   470	1686.880	250.068	310.500	1237.600	1716.000	1934.400
  470 --   471	1510.080	151.054	187.559	1227.200	1570.400	1664.000
  471 --   472	1462.240	150.796	187.238	1279.200	1424.800	1716.000
  472 --   473	1541.280	156.125	193.854	1237.600	1591.200	1684.800
  473 --   474	1524.640	114.608	142.304	1435.200	1466.400	1747.200
  474 --   475	1460.160	128.321	159.332	1320.800	1456.000	1695.200
  475 --   476	1562.080	220.558	273.860	1185.600	1705.600	1747.200
  476 --   477	1385.280	264.201	328.049	1029.600	1539.200	1653.600
  477 --   478	1541.280	155.986	193.682	1310.400	1601.600	1736.800
  478 --   479	1589.120	180.900	224.617	1331.200	1612.000	1861.600
  479 --   480	1372.800	211.609	262.747	1081.600	1404.000	1684.800
  480 --   481	1468.480	184.218	228.737	1154.400	1591.200	1632.800
  481 --   482	1485.120	151.626	188.269	1289.600	1456.000	1674.400
  482 --   483	1399.840	188.536	234.098	1164.800	1404.000	1705.600
  483 --   484	1483.040	279.804	347.423	977.600	1518.400	1830.400
  484 --   485	1491.360	145.689	180.897	1227.200	1528.800	1653.600
  485 --   486	1528.800	164.438	204.177	1206.400	1591.200	1653.600
  486 --   487	1618.240	203.543	252.732	1320.800	1632.800	1913.600
  487 --   488	1445.600	211.609	262.747	1154.400	1560.000	1653.600
  488 --   489	1352.000	153.554	190.663	1092.000	1372.800	1570.400
  489 --   490	1495.520	174.447	216.605	1216.800	1528.800	1705.600
  490 --   491	1441.440	201.083	249.678	1123.200	1487.200	1653.600
  491 --   492	1476.800	205.594	255.279	1112.800	1518.400	1726.400
  492 --   493	1543.360	353.331	438.718	1050.400	1695.200	1903.200
  493 --   494	1456.000	123.581	153.446	1248.000	1528.800	1580.800
  494 --   495	1568.320	255.375	317.089	1289.600	1508.000	1872.000
  495 --   496	1499.680	294.259	365.371	1112.800	1466.400	2017.600
  496 --   497	1572.480	122.243	151.785	1487.200	1497.600	1809.600
  497 --   498	1468.480	224.929	279.286	1050.400	1560.000	1716.000
  498 --   499	1487.200	395.309	490.842	821.600	1487.200	2048.800
  499 --   500	1614.080	150.193	186.489	1414.400	1664.000	1809.600
  500 --   501	1620.320	197.041	244.659	1258.400	1674.400	1840.800
  501 --   502	1682.720	215.699	267.826	1352.000	1747.200	1986.400
  502 --   503	1664.000	160.038	198.714	1518.400	1612.000	1965.600
  503 --   504	1543.360	125.077	155.304	1404.000	1508.000	1705.600
  504 --   505	1466.400	177.228	220.057	1248.000	1393.600	1705.600
  505 --   506	1524.640	184.242	228.766	1185.600	1570.400	1726.400
  506 --   507	1597.440	102.449	127.208	1497.600	1549.600	1788.800
  507 --   508	1466.400	130.395	161.906	1248.000	1528.800	1612.000
  508 --   509	1508.000	190.522	236.564	1248.000	1580.800	1736.800
  509 --   510	1589.120	85.861	106.611	1435.200	1622.400	1664.000
  510 --   511	1483.040	190.021	235.943	1258.400	1445.600	1830.400
  511 --   512	1514.240	257.332	319.520	1185.600	1445.600	1913.600
  512 --   513	1553.760	247.389	307.174	1196.000	1591.200	1955.200
  513 --   514	1557.920	178.856	222.079	1414.400	1487.200	1903.200
  514 --   515	1505.920	113.622	141.080	1383.200	1466.400	1674.400
  515 --   516	1491.360	109.985	136.564	1300.000	1560.000	1580.800
  516 --   517	1543.360	116.294	144.398	1372.800	1591.200	1705.600
  517 --   518	1557.920	161.840	200.950	1248.000	1622.400	1716.000
  518 --   519	1593.280	174.323	216.451	1248.000	1664.000	1726.400
  519 --   520	1516.320	81.731	101.482	1435.200	1518.400	1664.000
  520 --   521	1566.240	90.808	112.753	1435.200	1549.600	1716.000
  521 --   522	1470.560	147.607	183.278	1206.400	1497.600	1643.200
  522 --   523	1406.080	110.729	137.489	1268.800	1445.600	1560.000
  523 --   524	1555.840	174.472	216.636	1320.800	1487.200	1778.400
  524 --   525	1497.600	173.652	215.617	1372.800	1414.400	1840.800
  525 --   526	1472.640	107.799	133.851	1289.600	1497.600	1612.000
  526 --   527	1576.640	164.911	204.764	1289.600	1591.200	1788.800
  527 --   528	1549.600	143.656	178.372	1320.800	1612.000	1726.400
  528 --   529	1468.480	76.537	95.034	1393.600	1424.800	1580.800
  529 --   530	1370.720	193.496	240.257	1050.400	1352.000	1591.200
  530 --   531	1499.680	186.204	231.202	1216.800	1466.400	1778.400
  531 --   532	1385.280	132.925	165.048	1154.400	1404.000	1560.000
  532 --   533	1431.040	239.661	297.578	1133.600	1341.600	1757.600
  533 --   534	1476.800	144.407	179.304	1300.000	1466.400	1736.800
  534 --   535	1466.400	155.375	192.923	1248.000	1560.000	1622.400
  535 --   536	1553.760	179.001	222.259	1320.800	1560.000	1799.200
  536 --   537	1456.000	196.337	243.785	1071.200	1539.200	1601.600
  537 --   538	1470.560	171.471	212.909	1154.400	1539.200	1664.000
  538 --   539	1472.640	186.343	231.375	1123.200	1560.000	1643.200
  539 --   540	1539.200	68.356	84.875	1445.600	1591.200	1601.600
  540 --   541	1422.720	225.888	280.477	1008.800	1497.600	1622.400
  541 --   542	1560.000	143.505	178.185	1445.600	1466.400	1820.000
  542 --   543	1505.920	98.312	122.070	1383.200	1539.200	1643.200
  543 --   544	1632.800	211.813	263.001	1248.000	1653.600	1851.200
  544 --   545	1489.280	207.729	257.930	1081.600	1570.400	1643.200
  545 --   546	1456.000	165.618	205.642	1237.600	1466.400	1705.600
  546 --   547	1379.040	178.517	221.658	1196.000	1352.000	1695.200
  547 --   548	1607.840	129.663	160.997	1414.400	1632.800	1799.200
  548 --   549	1584.960	119.233	148.048	1393.600	1632.800	1726.400
  549 --   550	1566.240	220.676	274.006	1227.200	1528.800	1872.000
  550 --   551	1508.000	187.777	233.156	1154.400	1549.600	1684.800
  551 --   552	1524.640	97.472	121.027	1393.600	1560.000	1622.400
  552 --   553	1480.960	317.266	393.938	1092.000	1539.200	1892.800
  553 --   554	1628.640	115.548	143.471	1404.000	1674.400	1726.400
  554 --   555	1632.800	68.986	85.657	1549.600	1622.400	1747.200
  555 --   556	1543.360	149.789	185.987	1279.200	1580.800	1726.400
  556 --   557	1493.440	33.280	41.323	1456.000	1487.200	1549.600
  557 --   558	1672.320	147.284	182.877	1393.600	1705.600	1830.400
  558 --   559	1468.480	132.599	164.643	1300.000	1508.000	1664.000
  559 --   560	1668.160	101.388	125.890	1570.400	1632.800	1861.600
  560 --   561	1607.840	83.615	103.822	1497.600	1653.600	1705.600
  561 --   562	1618.240	144.347	179.230	1404.000	1653.600	1840.800
  562 --   563	1597.440	217.517	270.083	1352.000	1570.400	1986.400
  563 --   564	1701.440	160.794	199.652	1445.600	1716.000	1944.800
  564 --   565	1418.560	153.074	190.067	1185.600	1497.600	1560.000
  565 --   566	1505.920	130.627	162.194	1320.800	1466.400	1674.400
  566 --   567	1574.560	117.405	145.777	1476.800	1508.000	1799.200
  567 --   568	1595.360	80.181	99.558	1487.200	1612.000	1684.800
  568 --   569	1514.240	136.014	168.883	1341.600	1456.000	1674.400
  569 --   570	1470.560	83.873	104.142	1383.200	1424.800	1612.000
  570 --   571	1501.760	176.445	219.085	1310.400	1424.800	1820.000
  571 --   572	1693.120	224.640	278.927	1362.400	1622.400	1965.600
  572 --   573	1649.440	77.157	95.802	1539.200	1643.200	1778.400
  573 --   574	1530.880	90.760	112.694	1404.000	1570.400	1643.200
  574 --   575	1647.360	79.911	99.223	1580.800	1612.000	1799.200
  575 --   576	1551.680	105.528	131.030	1352.000	1570.400	1653.600
  576 --   577	1641.120	89.319	110.904	1539.200	1622.400	1799.200
  577 --   578	1551.680	137.877	171.198	1383.200	1518.400	1778.400
  578 --   579	1572.480	129.128	160.333	1456.000	1539.200	1820.000
  579 --   580	1576.640	153.779	190.942	1331.200	1570.400	1768.000
  580 --   581	1639.040	133.930	166.296	1518.400	1612.000	1882.400
  581 --   582	1630.720	236.828	294.061	1320.800	1591.200	1996.800
  582 --   583	1451.840	110.573	137.295	1341.600	1404.000	1622.400
  583 --   584	1772.160	94.084	116.821	1705.600	1716.000	1955.200
  584 --   585	1443.520	158.872	197.265	1227.200	1435.200	1695.200
  585 --   586	1476.800	167.308	207.740	1206.400	1528.800	1664.000
  586 --   587	1678.560	115.922	143.936	1539.200	1632.800	1861.600
  587 --   588	1555.840	124.383	154.442	1414.400	1518.400	1788.800
  588 --   589	1557.920	187.823	233.213	1383.200	1456.000	1892.800
  589 --   590	1688.960	101.814	126.419	1591.200	1664.000	1861.600
  590 --   591	1512.160	74.008	91.893	1393.600	1497.600	1591.200
  591 --   592	1574.560	168.159	208.797	1320.800	1580.800	1809.600
  592 --   593	1620.320	62.883	78.080	1518.400	1632.800	1705.600
  593 --   594	1560.000	130.229	161.700	1320.800	1580.800	1695.200
  594 --   595	1641.120	250.154	310.607	1237.600	1653.600	2028.000
  595 --   596	1543.360	80.987	100.558	1435.200	1570.400	1653.600
  596 --   597	1468.480	130.461	161.989	1248.000	1466.400	1632.800
  597 --   598	1553.760	122.455	152.048	1362.400	1591.200	1684.800
  598 --   599	1547.520	98.531	122.343	1404.000	1580.800	1674.400
  599 --   600	1445.600	126.863	157.521	1258.400	1518.400	1580.800
    0 --   600	1556.918	77.418	96.127	1402.752	1592.777	1604.443