0	1163
1	1388
2	853
3	632
4	916
5	1302
6	1505
7	1092
8	1149
9	1417
10	573
11	469
12	396
13	528
14	401
15	960
16	1617
17	1081
18	631
19	1003
20	765
21	577
22	473
23	827
24	1234
25	1480
26	919
27	410
28	869
29	1058
30	667
31	1210
32	1507
33	1251
34	959
35	622
36	529
37	418
38	378
39	346
40	376
41	1129
42	529
43	479
44	977
45	704
46	454
47	397
48	696
49	1308
50	1294
51	1425
52	426
53	606
54	984
55	1186
56	1576
57	816
58	1576
59	568
60	483
61	917
62	993
63	1944
64	1221
65	1077
66	1442
67	704
68	748
69	1065
70	1415
71	1188
72	1242
73	1498
74	714
75	871
76	504
77	523
78	822
79	1210
80	770
81	528
82	585
83	806
84	1295
85	1358
86	666
87	472
88	559
89	641
90	490
91	1099
92	920
93	608
94	561
95	998
96	1395
97	580
98	652
99	505
100	658
101	844
102	408
103	770
104	899
105	379
106	522
107	421
108	607
109	877
110	453
111	1041
112	977
113	784
114	1033
115	887
116	1004
117	478
118	817
119	1209
120	1367
121	1057
122	501
123	1152
124	884
125	546
126	685
127	895
128	719
129	506
130	464
131	910
132	510
133	727
134	1490
135	1326
136	808
137	420
138	623
139	1454
140	1143
141	1511
142	1223
143	1084
144	851
145	387
146	1465
147	653
148	1263
149	1188
150	498
151	1083
152	955
153	1399
154	1253
155	1397
156	1359
157	1263
158	1529
159	1060
160	455
161	967
162	633
163	543
164	481
165	548
166	989
167	1394
168	1259
169	1309
170	1344
171	1001
172	1122
173	502
174	425
175	468
176	1108
177	1429
178	1114
179	813
180	407
181	525
182	428
183	728
184	540
185	513
186	475
187	479
188	531
189	1257
190	812
191	469
192	424
193	649
194	406
195	374
196	481
197	500
198	463
199	362
200	381
201	585
202	600
203	515
204	600
205	537
206	473
207	325
208	537
209	1125
210	565
211	576
212	334
213	561
214	1093
215	1278
216	1229
217	448
218	575
219	1037
220	1106
221	1393
222	909
223	873
224	960
225	1506
226	1299
227	910
228	769
229	1351
230	962
231	1346
232	1390
233	1133
234	1269
235	1473
236	690
237	1563
238	1243
239	1372
240	1430
241	1225
242	791
243	726
244	1349
245	1028
246	1658
247	1149
248	903
249	626
250	373
251	1233
252	1008
253	567
254	454
255	499
256	1419
257	1152
258	1418
259	1342
260	1334
261	1621
262	541
263	730
264	551
265	466
266	533
267	465
268	773
269	1115
270	469
271	1092
272	926
273	507
274	461
275	541
276	861
277	1227
278	770
279	1294
280	558
281	1256
282	1602
283	1325
284	541
285	509
286	1050
287	1436
288	1176
289	1230
290	495
291	1239
292	826
293	451
294	481
295	477
296	1395
297	1052
298	1223
299	1469
300	1059
301	1478
302	1240
303	1410
304	1259
305	471
306	752
307	433
308	1161
309	617
310	464
311	1072
312	771
313	852
314	418
315	1424
316	1166
317	551
318	893
319	694
320	569
321	612
322	500
323	621
324	448
325	441
326	1137
327	785
328	664
329	1494
330	526
331	966
332	1500
333	1162
334	1448
335	1124
336	1149
337	500
338	604
339	1196
340	1014
341	1305
342	1056
343	905
344	1332
345	490
346	513
347	552
348	697
349	983
350	982
351	1345
352	858
353	814
354	1180
355	771
356	431
357	479
358	497
359	366
360	1049
361	836
362	1356
363	1273
364	1001
365	834
366	1025
367	890
368	692
369	1403
370	1108
371	1241
372	559
373	690
374	1351
375	1237
376	1519
377	826
378	415
379	569
380	462
381	1417
382	528
383	507
384	405
385	410
386	1281
387	1178
388	1390
389	1003
390	606
391	1015
392	954
393	485
394	362
395	546
396	356
397	361
398	486
399	514
400	396
401	606
402	444
403	434
404	711
405	501
406	1373
407	1428
408	1146
409	541
410	428
411	1283
412	1047
413	1197
414	1386
415	675
416	1413
417	692
418	541
419	427
420	497
421	1120
422	998
423	1443
424	1278
425	985
426	447
427	377
428	966
429	1165
430	1061
431	1287
432	1209
433	1132
434	1261
435	1270
436	383
437	504
438	739
439	593
440	877
441	1078
442	608
443	465
444	726
445	392
446	738
447	950
448	663
449	1427
450	1087
451	1301
452	481
453	397
454	509
455	435
456	1471
457	1266
458	1340
459	738
460	1270
461	1401
462	980
463	1541
464	936
465	488
466	1210
467	455
468	1446
469	1205
470	819
471	1016
472	1026
473	1425
474	1232
475	1235
476	1119
477	1432
478	1188
479	1363
480	1232
481	1236
482	1384
483	1189
484	1348
485	1112
486	1052
487	1190
488	490
489	674
490	374
491	1290
492	1064
493	1149
494	1441
495	802
496	1299
497	1272
498	610
499	572
500	474
501	1377
502	882
503	1403
504	1302
505	530
506	521
507	436
508	859
509	1171
510	1448
511	1278
512	1167
513	1541
514	948
515	561
516	1022
517	965
518	1019
519	1371
520	809
521	1239
522	1023
523	1024
524	562
525	456
526	988
527	599
528	541
529	510
530	507
531	903
532	718
533	724
534	1239
535	556
536	954
537	942
538	670
539	1028
540	491
541	671
542	1130
543	1028
544	748
545	427
546	1290
547	1430
548	1321
549	1566
550	1266
551	1532
552	697
553	661
554	556
555	611
556	1032
557	556
558	673
559	1257
560	959
561	617
562	369
563	627
564	1139
565	481
566	907
567	862
568	928
569	843
570	469
571	1054
572	1192
573	1458
574	769
575	451
576	1109
577	1356
578	1349
579	1087
580	1490
581	647
582	633
583	734
584	1064
585	1413
586	1241
587	1362
588	1240
589	1434
590	1271
591	1194
592	1427
593	767
594	551
595	494
596	1404
597	506
598	1183
599	1306
600	142