0	917
1	992
2	906
3	890
4	934
5	1550
6	1151
7	1076
8	1038
9	842
10	483
11	412
12	907
13	936
14	994
15	1369
16	956
17	1342
18	1154
19	1015
20	433
21	480
22	840
23	1049
24	1320
25	1275
26	1016
27	844
28	1134
29	1207
30	1167
31	1330
32	1161
33	568
34	561
35	1051
36	857
37	688
38	1355
39	1207
40	621
41	467
42	529
43	473
44	427
45	1066
46	706
47	811
48	564
49	428
50	945
51	451
52	889
53	1017
54	533
55	521
56	397
57	882
58	1195
59	1342
60	767
61	795
62	876
63	1222
64	1333
65	1095
66	1105
67	1061
68	459
69	566
70	965
71	1313
72	970
73	682
74	483
75	744
76	607
77	474
78	501
79	404
80	886
81	1302
82	801
83	939
84	975
85	508
86	382
87	634
88	1452
89	420
90	608
91	432
92	792
93	968
94	812
95	505
96	408
97	538
98	468
99	477
100	437
101	393
102	561
103	726
104	1032
105	813
106	1004
107	688
108	690
109	541
110	1092
111	1490
112	1139
113	470
114	400
115	1185
116	1434
117	1001
118	1295
119	921
120	937
121	467
122	637
123	1248
124	1026
125	1277
126	845
127	841
128	1387
129	1016
130	720
131	399
132	516
133	404
134	437
135	739
136	393
137	501
138	340
139	433
140	927
141	1054
142	709
143	448
144	358
145	456
146	544
147	377
148	372
149	448
150	1118
151	703
152	759
153	631
154	404
155	1458
156	1272
157	1237
158	623
159	487
160	1179
161	1027
162	1155
163	1057
164	403
165	858
166	383
167	1282
168	542
169	468
170	739
171	586
172	589
173	383
174	516
175	987
176	1057
177	1227
178	522
179	1354
180	906
181	1049
182	764
183	1163
184	1327
185	820
186	536
187	671
188	1052
189	1291
190	1279
191	1466
192	1227
193	1537
194	989
195	934
196	471
197	709
198	931
199	729
200	1319
201	1234
202	1112
203	1426
204	958
205	602
206	409
207	932
208	1037
209	979
210	1524
211	1211
212	1469
213	1147
214	479
215	1024
216	701
217	502
218	469
219	688
220	1013
221	1294
222	1292
223	1130
224	1459
225	494
226	577
227	837
228	913
229	623
230	1077
231	1430
232	945
233	857
234	468
235	1095
236	983
237	423
238	537
239	379
240	523
241	567
242	823
243	1161
244	1113
245	1387
246	626
247	846
248	877
249	497
250	812
251	800
252	502
253	385
254	432
255	1020
256	569
257	661
258	823
259	477
260	948
261	459
262	866
263	1241
264	1034
265	1027
266	1034
267	921
268	418
269	761
270	1041
271	1131
272	1172
273	616
274	546
275	653
276	524
277	486
278	399
279	504
280	1052
281	1238
282	699
283	780
284	849
285	1023
286	514
287	732
288	1357
289	979
290	1209
291	463
292	777
293	1058
294	985
295	1543
296	550
297	635
298	1652
299	550
300	425
301	437
302	918
303	1148
304	1031
305	758
306	391
307	547
308	404
309	476
310	1094
311	481
312	365
313	343
314	434
315	528
316	762
317	418
318	592
319	567
320	407
321	363
322	432
323	392
324	666
325	1273
326	912
327	1301
328	457
329	412
330	1285
331	945
332	1510
333	933
334	1276
335	697
336	394
337	915
338	839
339	658
340	909
341	1105
342	1152
343	974
344	1128
345	986
346	741
347	458
348	426
349	558
350	962
351	1152
352	1056
353	575
354	402
355	469
356	336
357	737
358	1347
359	983
360	603
361	394
362	471
363	377
364	486
365	1377
366	1036
367	1264
368	822
369	595
370	368
371	372
372	497
373	572
374	570
375	712
376	1045
377	566
378	860
379	656
380	1199
381	1189
382	852
383	860
384	768
385	698
386	556
387	610
388	1306
389	946
390	1138
391	495
392	716
393	943
394	839
395	1189
396	649
397	779
398	955
399	712
400	1383
401	1006
402	1079
403	843
404	735
405	950
406	863
407	1098
408	390
409	572
410	913
411	550
412	367
413	408
414	563
415	924
416	979
417	626
418	1004
419	484
420	804
421	544
422	673
423	1249
424	521
425	991
426	1014
427	954
428	954
429	682
430	1035
431	497
432	832
433	1238
434	982
435	1007
436	794
437	637
438	717
439	1077
440	1028
441	407
442	753
443	789
444	629
445	769
446	1145
447	1191
448	434
449	585
450	945
451	522
452	711
453	1400
454	700
455	1053
456	1525
457	1002
458	1333
459	999
460	1120
461	433
462	355
463	488
464	391
465	1400
466	1016
467	1399
468	1192
469	978
470	1320
471	860
472	1132
473	1118
474	1086
475	1410
476	610
477	577
478	375
479	503
480	1040
481	835
482	662
483	396
484	602
485	399
486	540
487	716
488	916
489	1092
490	1191
491	503
492	742
493	1158
494	900
495	420
496	553
497	740
498	679
499	392
500	376
501	321
502	523
503	385
504	337
505	1456
506	1195
507	1171
508	516
509	425
510	1172
511	412
512	717
513	456
514	501
515	809
516	1344
517	1657
518	1092
519	1392
520	993
521	452
522	878
523	729
524	512
525	883
526	454
527	696
528	977
529	918
530	633
531	1699
532	1047
533	838
534	543
535	1198
536	1013
537	661
538	553
539	540
540	1001
541	1260
542	1625
543	609
544	536
545	1066
546	1028
547	1546
548	1300
549	1415
550	1276
551	538
552	857
553	569
554	907
555	763
556	458
557	965
558	747
559	592
560	1071
561	833
562	714
563	705
564	577
565	1184
566	1484
567	1172
568	445
569	532
570	1276
571	1356
572	1245
573	981
574	913
575	884
576	528
577	854
578	1360
579	1109
580	1175
581	1141
582	1305
583	1133
584	1306
585	713
586	394
587	1010
588	877
589	1121
590	1488
591	1154
592	612
593	1179
594	1101
595	624
596	484
597	802
598	1027
599	924
600	1580