Time 1-10.0.0.3-10.0.0.2 Aggregate-Flow
0.000000 0.002403 0.002403
1.000000 0.002305 0.002305
2.000000 0.001997 0.001997
3.000000 0.001929 0.001929
4.000000 0.001754 0.001754
5.000000 0.002477 0.002477
6.000000 0.002144 0.002144
7.000000 0.002030 0.002030
8.000000 0.001474 0.001474
9.000000 0.002066 0.002066
10.000000 0.001880 0.001880
11.000000 0.002230 0.002230
12.000000 0.003603 0.003603
13.000000 0.002406 0.002406
14.000000 0.002065 0.002065
15.000000 0.003222 0.003222
16.000000 0.002247 0.002247
17.000000 0.002649 0.002649
18.000000 0.001836 0.001836
19.000000 0.001978 0.001978
20.000000 0.002314 0.002314
21.000000 0.002053 0.002053
22.000000 0.002298 0.002298
23.000000 0.001846 0.001846
24.000000 0.002912 0.002912
25.000000 0.001823 0.001823
26.000000 0.001836 0.001836
27.000000 0.001893 0.001893
28.000000 0.001897 0.001897
29.000000 0.003095 0.003095
30.000000 0.002625 0.002625
31.000000 0.002997 0.002997
32.000000 0.002088 0.002088
33.000000 0.001814 0.001814
34.000000 0.002452 0.002452
35.000000 0.001958 0.001958
36.000000 0.002398 0.002398
37.000000 0.003003 0.003003
38.000000 0.002498 0.002498
39.000000 0.002303 0.002303
40.000000 0.002080 0.002080
41.000000 0.002071 0.002071
42.000000 0.001950 0.001950
43.000000 0.002129 0.002129
44.000000 0.002252 0.002252
45.000000 0.001502 0.001502
46.000000 0.002404 0.002404
47.000000 0.001807 0.001807
48.000000 0.003050 0.003050
49.000000 0.002950 0.002950
50.000000 0.003072 0.003072
51.000000 0.002217 0.002217
52.000000 0.002231 0.002231
53.000000 0.002202 0.002202
54.000000 0.002323 0.002323
55.000000 0.002206 0.002206
56.000000 0.001651 0.001651
57.000000 0.002297 0.002297
58.000000 0.003175 0.003175
59.000000 0.001840 0.001840
60.000000 0.001881 0.001881
61.000000 0.002523 0.002523
62.000000 0.002749 0.002749
63.000000 0.001832 0.001832
64.000000 0.002179 0.002179
65.000000 0.001881 0.001881
66.000000 0.001302 0.001302
67.000000 0.001944 0.001944
68.000000 0.002818 0.002818
69.000000 0.001410 0.001410
70.000000 0.001837 0.001837
71.000000 0.002230 0.002230
72.000000 0.002163 0.002163
73.000000 0.001815 0.001815
74.000000 0.003109 0.003109
75.000000 0.002963 0.002963
76.000000 0.002039 0.002039
77.000000 0.001688 0.001688
78.000000 0.002181 0.002181
79.000000 0.001937 0.001937
80.000000 0.001509 0.001509
81.000000 0.001621 0.001621
82.000000 0.001831 0.001831
83.000000 0.001663 0.001663
84.000000 0.002014 0.002014
85.000000 0.003799 0.003799
86.000000 0.002079 0.002079
87.000000 0.002311 0.002311
88.000000 0.002212 0.002212
89.000000 0.001987 0.001987
90.000000 0.001833 0.001833
91.000000 0.001677 0.001677
92.000000 0.002060 0.002060
93.000000 0.001444 0.001444
94.000000 0.002299 0.002299
95.000000 0.002495 0.002495
96.000000 0.004506 0.004506
97.000000 0.002009 0.002009
98.000000 0.001887 0.001887
99.000000 0.002299 0.002299
100.000000 0.002773 0.002773
101.000000 0.001713 0.001713
102.000000 0.002272 0.002272
103.000000 0.003571 0.003571
104.000000 0.001865 0.001865
105.000000 0.001580 0.001580
106.000000 0.001824 0.001824
107.000000 0.001804 0.001804
108.000000 0.001477 0.001477
109.000000 0.002001 0.002001
110.000000 0.001999 0.001999
111.000000 0.001966 0.001966
112.000000 0.001958 0.001958
113.000000 0.002917 0.002917
114.000000 0.002205 0.002205
115.000000 0.003046 0.003046
116.000000 0.001823 0.001823
117.000000 0.002355 0.002355
118.000000 0.003538 0.003538
119.000000 0.001390 0.001390
120.000000 0.001852 0.001852
121.000000 0.001860 0.001860
122.000000 0.002618 0.002618
123.000000 0.001817 0.001817
124.000000 0.001777 0.001777
125.000000 0.001804 0.001804
126.000000 0.001718 0.001718
127.000000 0.002466 0.002466
128.000000 0.001859 0.001859
129.000000 0.001870 0.001870
130.000000 0.001616 0.001616
131.000000 0.001663 0.001663
132.000000 0.004680 0.004680
133.000000 0.004268 0.004268
134.000000 0.004030 0.004030
135.000000 0.004368 0.004368
136.000000 0.002593 0.002593
137.000000 0.002268 0.002268
138.000000 0.001874 0.001874
139.000000 0.001778 0.001778
140.000000 0.002673 0.002673
141.000000 0.002153 0.002153
142.000000 0.003090 0.003090
143.000000 0.003018 0.003018
144.000000 0.003123 0.003123
145.000000 0.003380 0.003380
146.000000 0.002849 0.002849
147.000000 0.001842 0.001842
148.000000 0.001542 0.001542
149.000000 0.003864 0.003864
150.000000 0.002837 0.002837
151.000000 0.003155 0.003155
152.000000 0.003378 0.003378
153.000000 0.003618 0.003618
154.000000 0.003031 0.003031
155.000000 0.001639 0.001639
156.000000 0.001861 0.001861
157.000000 0.002588 0.002588
158.000000 0.002371 0.002371
159.000000 0.001902 0.001902
160.000000 0.001780 0.001780
161.000000 0.003448 0.003448
162.000000 0.002505 0.002505
163.000000 0.002494 0.002494
164.000000 0.001951 0.001951
165.000000 0.001905 0.001905
166.000000 0.003004 0.003004
167.000000 0.002345 0.002345
168.000000 0.002272 0.002272
169.000000 0.002951 0.002951
170.000000 0.003779 0.003779
171.000000 0.003098 0.003098
172.000000 0.003707 0.003707
173.000000 0.002284 0.002284
174.000000 0.002888 0.002888
175.000000 0.003008 0.003008
176.000000 0.002399 0.002399
177.000000 0.002434 0.002434
178.000000 0.001526 0.001526
179.000000 0.001829 0.001829
180.000000 0.002051 0.002051
181.000000 0.001737 0.001737
182.000000 0.002665 0.002665
183.000000 0.001930 0.001930
184.000000 0.002571 0.002571
185.000000 0.002537 0.002537
186.000000 0.006871 0.006871
187.000000 0.002970 0.002970
188.000000 0.002141 0.002141
189.000000 0.002459 0.002459
190.000000 0.002167 0.002167
191.000000 0.001579 0.001579
192.000000 0.001717 0.001717
193.000000 0.008022 0.008022
194.000000 0.002633 0.002633
195.000000 0.002363 0.002363
196.000000 0.002666 0.002666
197.000000 0.003119 0.003119
198.000000 0.003502 0.003502
199.000000 0.001840 0.001840
200.000000 0.002065 0.002065
201.000000 0.003132 0.003132
202.000000 0.002595 0.002595
203.000000 0.001860 0.001860
204.000000 0.004097 0.004097
205.000000 0.001940 0.001940
206.000000 0.001581 0.001581
207.000000 0.002383 0.002383
208.000000 0.002160 0.002160
209.000000 0.003205 0.003205
210.000000 0.001652 0.001652
211.000000 0.001993 0.001993
212.000000 0.003989 0.003989
213.000000 0.003630 0.003630
214.000000 0.002183 0.002183
215.000000 0.001813 0.001813
216.000000 0.003707 0.003707
217.000000 0.004331 0.004331
218.000000 0.002011 0.002011
219.000000 0.001984 0.001984
220.000000 0.001984 0.001984
221.000000 0.001682 0.001682
222.000000 0.001526 0.001526
223.000000 0.003612 0.003612
224.000000 0.003007 0.003007
225.000000 0.003057 0.003057
226.000000 0.001837 0.001837
227.000000 0.002184 0.002184
228.000000 0.002550 0.002550
229.000000 0.002292 0.002292
230.000000 0.001943 0.001943
231.000000 0.003586 0.003586
232.000000 0.001924 0.001924
233.000000 0.002538 0.002538
234.000000 0.002355 0.002355
235.000000 0.001873 0.001873
236.000000 0.002963 0.002963
237.000000 0.002530 0.002530
238.000000 0.003047 0.003047
239.000000 0.002869 0.002869
240.000000 0.003053 0.003053
241.000000 0.002834 0.002834
242.000000 0.002958 0.002958
243.000000 0.002543 0.002543
244.000000 0.002036 0.002036
245.000000 0.003918 0.003918
246.000000 0.002786 0.002786
247.000000 0.002691 0.002691
248.000000 0.001902 0.001902
249.000000 0.002287 0.002287
250.000000 0.002019 0.002019
251.000000 0.002575 0.002575
252.000000 0.002850 0.002850
253.000000 0.001820 0.001820
254.000000 0.002261 0.002261
255.000000 0.001992 0.001992
256.000000 0.002209 0.002209
257.000000 0.001812 0.001812
258.000000 0.003495 0.003495
259.000000 0.002089 0.002089
260.000000 0.001738 0.001738
261.000000 0.005171 0.005171
262.000000 0.002544 0.002544
263.000000 0.001926 0.001926
264.000000 0.002250 0.002250
265.000000 0.001841 0.001841
266.000000 0.001819 0.001819
267.000000 0.003329 0.003329
268.000000 0.003358 0.003358
269.000000 0.002613 0.002613
270.000000 0.001507 0.001507
271.000000 0.002740 0.002740
272.000000 0.002747 0.002747
273.000000 0.002730 0.002730
274.000000 0.003060 0.003060
275.000000 0.003320 0.003320
276.000000 0.002324 0.002324
277.000000 0.001987 0.001987
278.000000 0.001575 0.001575
279.000000 0.002305 0.002305
280.000000 0.001859 0.001859
281.000000 0.002208 0.002208
282.000000 0.002534 0.002534
283.000000 0.004005 0.004005
284.000000 0.003848 0.003848
285.000000 0.003758 0.003758
286.000000 0.003040 0.003040
287.000000 0.002153 0.002153
288.000000 0.002936 0.002936
289.000000 0.002269 0.002269
290.000000 0.002414 0.002414
291.000000 0.002409 0.002409
292.000000 0.002033 0.002033
293.000000 0.002588 0.002588
294.000000 0.001439 0.001439
295.000000 0.003207 0.003207
296.000000 0.001809 0.001809
297.000000 0.002151 0.002151
298.000000 0.002635 0.002635
299.000000 0.002109 0.002109
300.000000 0.002353 0.002353
301.000000 0.003481 0.003481
302.000000 0.003021 0.003021
303.000000 0.001857 0.001857
304.000000 0.001992 0.001992
305.000000 0.002627 0.002627
306.000000 0.002631 0.002631
307.000000 0.001878 0.001878
308.000000 0.001910 0.001910
309.000000 0.003521 0.003521
310.000000 0.002758 0.002758
311.000000 0.002667 0.002667
312.000000 0.004134 0.004134
313.000000 0.001446 0.001446
314.000000 0.001961 0.001961
315.000000 0.001746 0.001746
316.000000 0.001788 0.001788
317.000000 0.001626 0.001626
318.000000 0.001852 0.001852
319.000000 0.002264 0.002264
320.000000 0.001957 0.001957
321.000000 0.001796 0.001796
322.000000 0.002438 0.002438
323.000000 0.002934 0.002934
324.000000 0.003263 0.003263
325.000000 0.003569 0.003569
326.000000 0.001942 0.001942
327.000000 0.003253 0.003253
328.000000 0.002634 0.002634
329.000000 0.003332 0.003332
330.000000 0.001811 0.001811
331.000000 0.003369 0.003369
332.000000 0.006976 0.006976
333.000000 0.002422 0.002422
334.000000 0.002610 0.002610
335.000000 0.002007 0.002007
336.000000 0.002153 0.002153
337.000000 0.001817 0.001817
338.000000 0.003485 0.003485
339.000000 0.002950 0.002950
340.000000 0.001599 0.001599
341.000000 0.001956 0.001956
342.000000 0.002436 0.002436
343.000000 0.001978 0.001978
344.000000 0.002356 0.002356
345.000000 0.003762 0.003762
346.000000 0.002102 0.002102
347.000000 0.001892 0.001892
348.000000 0.002379 0.002379
349.000000 0.002467 0.002467
350.000000 0.002003 0.002003
351.000000 0.001745 0.001745
352.000000 0.002375 0.002375
353.000000 0.001910 0.001910
354.000000 0.001484 0.001484
355.000000 0.002103 0.002103
356.000000 0.001977 0.001977
357.000000 0.002983 0.002983
358.000000 0.001827 0.001827
359.000000 0.002280 0.002280
360.000000 0.002187 0.002187
361.000000 0.002193 0.002193
362.000000 0.002222 0.002222
363.000000 0.002304 0.002304
364.000000 0.002051 0.002051
365.000000 0.001590 0.001590
366.000000 0.002330 0.002330
367.000000 0.002566 0.002566
368.000000 0.001520 0.001520
369.000000 0.002900 0.002900
370.000000 0.001895 0.001895
371.000000 0.002981 0.002981
372.000000 0.002198 0.002198
373.000000 0.001760 0.001760
374.000000 0.002655 0.002655
375.000000 0.001783 0.001783
376.000000 0.003090 0.003090
377.000000 0.002251 0.002251
378.000000 0.001865 0.001865
379.000000 0.002247 0.002247
380.000000 0.001509 0.001509
381.000000 0.002097 0.002097
382.000000 0.001689 0.001689
383.000000 0.001859 0.001859
384.000000 0.002020 0.002020
385.000000 0.002627 0.002627
386.000000 0.002196 0.002196
387.000000 0.002350 0.002350
388.000000 0.001915 0.001915
389.000000 0.003192 0.003192
390.000000 0.002381 0.002381
391.000000 0.002659 0.002659
392.000000 0.003151 0.003151
393.000000 0.002412 0.002412
394.000000 0.002481 0.002481
395.000000 0.003904 0.003904
396.000000 0.001728 0.001728
397.000000 0.002471 0.002471
398.000000 0.003033 0.003033
399.000000 0.001665 0.001665
400.000000 0.001682 0.001682
401.000000 0.001923 0.001923
402.000000 0.001957 0.001957
403.000000 0.001853 0.001853
404.000000 0.001869 0.001869
405.000000 0.001898 0.001898
406.000000 0.001771 0.001771
407.000000 0.002704 0.002704
408.000000 0.001801 0.001801
409.000000 0.001782 0.001782
410.000000 0.002706 0.002706
411.000000 0.002836 0.002836
412.000000 0.002620 0.002620
413.000000 0.002241 0.002241
414.000000 0.001958 0.001958
415.000000 0.001919 0.001919
416.000000 0.003249 0.003249
417.000000 0.001391 0.001391
418.000000 0.001767 0.001767
419.000000 0.002432 0.002432
420.000000 0.002570 0.002570
421.000000 0.002155 0.002155
422.000000 0.002049 0.002049
423.000000 0.001652 0.001652
424.000000 0.001516 0.001516
425.000000 0.001417 0.001417
426.000000 0.002375 0.002375
427.000000 0.002395 0.002395
428.000000 0.001700 0.001700
429.000000 0.003164 0.003164
430.000000 0.002497 0.002497
431.000000 0.002875 0.002875
432.000000 0.001881 0.001881
433.000000 0.003085 0.003085
434.000000 0.003952 0.003952
435.000000 0.001706 0.001706
436.000000 0.002795 0.002795
437.000000 0.002472 0.002472
438.000000 0.001846 0.001846
439.000000 0.002246 0.002246
440.000000 0.001843 0.001843
441.000000 0.002056 0.002056
442.000000 0.001637 0.001637
443.000000 0.002046 0.002046
444.000000 0.002197 0.002197
445.000000 0.001318 0.001318
446.000000 0.001917 0.001917
447.000000 0.001817 0.001817
448.000000 0.002235 0.002235
449.000000 0.001851 0.001851
450.000000 0.002175 0.002175
451.000000 0.002579 0.002579
452.000000 0.003469 0.003469
453.000000 0.002450 0.002450
454.000000 0.003028 0.003028
455.000000 0.004016 0.004016
456.000000 0.002123 0.002123
457.000000 0.001959 0.001959
458.000000 0.002057 0.002057
459.000000 0.003696 0.003696
460.000000 0.001825 0.001825
461.000000 0.001983 0.001983
462.000000 0.002741 0.002741
463.000000 0.002872 0.002872
464.000000 0.002170 0.002170
465.000000 0.001801 0.001801
466.000000 0.001699 0.001699
467.000000 0.002006 0.002006
468.000000 0.002126 0.002126
469.000000 0.002832 0.002832
470.000000 0.003155 0.003155
471.000000 0.002208 0.002208
472.000000 0.002449 0.002449
473.000000 0.002194 0.002194
474.000000 0.001591 0.001591
475.000000 0.001583 0.001583
476.000000 0.003008 0.003008
477.000000 0.002551 0.002551
478.000000 0.003950 0.003950
479.000000 0.002749 0.002749
480.000000 0.003341 0.003341
481.000000 0.005041 0.005041
482.000000 0.001983 0.001983
483.000000 0.001786 0.001786
484.000000 0.001335 0.001335
485.000000 0.001529 0.001529
486.000000 0.001712 0.001712
487.000000 0.001673 0.001673
488.000000 0.001988 0.001988
489.000000 0.001546 0.001546
490.000000 0.005034 0.005034
491.000000 0.002363 0.002363
492.000000 0.001532 0.001532
493.000000 0.002917 0.002917
494.000000 0.002503 0.002503
495.000000 0.001712 0.001712
496.000000 0.001638 0.001638
497.000000 0.003315 0.003315
498.000000 0.002929 0.002929
499.000000 0.001750 0.001750
500.000000 0.002658 0.002658
501.000000 0.003659 0.003659
502.000000 0.002571 0.002571
503.000000 0.001552 0.001552
504.000000 0.001757 0.001757
505.000000 0.002050 0.002050
506.000000 0.001928 0.001928
507.000000 0.002273 0.002273
508.000000 0.003021 0.003021
509.000000 0.003158 0.003158
510.000000 0.001594 0.001594
511.000000 0.003882 0.003882
512.000000 0.002048 0.002048
513.000000 0.002224 0.002224
514.000000 0.003459 0.003459
515.000000 0.001814 0.001814
516.000000 0.003329 0.003329
517.000000 0.002323 0.002323
518.000000 0.001969 0.001969
519.000000 0.001458 0.001458
520.000000 0.001778 0.001778
521.000000 0.001812 0.001812
522.000000 0.002096 0.002096
523.000000 0.003146 0.003146
524.000000 0.003420 0.003420
525.000000 0.002435 0.002435
526.000000 0.002329 0.002329
527.000000 0.001731 0.001731
528.000000 0.002383 0.002383
529.000000 0.002709 0.002709
530.000000 0.002153 0.002153
531.000000 0.001576 0.001576
532.000000 0.001612 0.001612
533.000000 0.001811 0.001811
534.000000 0.001968 0.001968
535.000000 0.001708 0.001708
536.000000 0.001549 0.001549
537.000000 0.001782 0.001782
538.000000 0.001822 0.001822
539.000000 0.001636 0.001636
540.000000 0.001850 0.001850
541.000000 0.001848 0.001848
542.000000 0.001707 0.001707
543.000000 0.001584 0.001584
544.000000 0.001904 0.001904
545.000000 0.002185 0.002185
546.000000 0.002077 0.002077
547.000000 0.001612 0.001612
548.000000 0.002077 0.002077
549.000000 0.002432 0.002432
550.000000 0.002166 0.002166
551.000000 0.001414 0.001414
552.000000 0.002469 0.002469
553.000000 0.002915 0.002915
554.000000 0.002091 0.002091
555.000000 0.002521 0.002521
556.000000 0.001464 0.001464
557.000000 0.001595 0.001595
558.000000 0.002147 0.002147
559.000000 0.001954 0.001954
560.000000 0.001723 0.001723
561.000000 0.001616 0.001616
562.000000 0.002551 0.002551
563.000000 0.001865 0.001865
564.000000 0.001598 0.001598
565.000000 0.002348 0.002348
566.000000 0.001998 0.001998
567.000000 0.002007 0.002007
568.000000 0.002008 0.002008
569.000000 0.002107 0.002107
570.000000 0.001471 0.001471
571.000000 0.001730 0.001730
572.000000 0.002595 0.002595
573.000000 0.001860 0.001860
574.000000 0.003371 0.003371
575.000000 0.002319 0.002319
576.000000 0.001774 0.001774
577.000000 0.002740 0.002740
578.000000 0.001980 0.001980
579.000000 0.001492 0.001492
580.000000 0.003025 0.003025
581.000000 0.002239 0.002239
582.000000 0.001947 0.001947
583.000000 0.001804 0.001804
584.000000 0.001679 0.001679
585.000000 0.002383 0.002383
586.000000 0.002826 0.002826
587.000000 0.002621 0.002621
588.000000 0.002782 0.002782
589.000000 0.002414 0.002414
590.000000 0.002167 0.002167
591.000000 0.002397 0.002397
592.000000 0.002844 0.002844
593.000000 0.001989 0.001989
594.000000 0.001650 0.001650
595.000000 0.002025 0.002025
596.000000 0.002288 0.002288
597.000000 0.002379 0.002379
598.000000 0.002872 0.002872
599.000000 0.002665 0.002665
600.000000 0.008863 0.008863
