Interval	Avg	Std	CI=0.95	Min	Median	Max
    0 --     1	1584.960	139.933	173.750	1372.800	1549.600	1788.800
    1 --     2	1693.120	71.268	88.491	1612.000	1653.600	1788.800
    2 --     3	1647.360	92.226	114.514	1518.400	1684.800	1757.600
    3 --     4	1614.080	115.323	143.192	1404.000	1674.400	1726.400
    4 --     5	1661.920	190.907	237.043	1456.000	1674.400	1996.800
    5 --     6	1755.520	96.982	120.420	1580.800	1757.600	1851.200
    6 --     7	1672.320	155.847	193.510	1497.600	1643.200	1913.600
    7 --     8	1682.720	200.739	249.250	1466.400	1570.400	1955.200
    8 --     9	1797.120	129.462	160.749	1622.400	1840.800	1986.400
    9 --    10	1699.360	110.769	137.537	1508.000	1768.000	1809.600
   10 --    11	1772.160	184.711	229.348	1476.800	1809.600	2017.600
   11 --    12	1666.080	95.861	119.027	1497.600	1726.400	1757.600
   12 --    13	1682.720	134.864	167.455	1539.200	1601.600	1851.200
   13 --    14	1630.720	154.032	191.256	1456.000	1591.200	1903.200
   14 --    15	1605.760	160.255	198.982	1445.600	1591.200	1903.200
   15 --    16	1557.920	124.174	154.183	1414.400	1549.600	1768.000
   16 --    17	1705.600	151.283	187.843	1414.400	1778.400	1830.400
   17 --    18	1578.720	148.163	183.968	1300.000	1612.000	1726.400
   18 --    19	1680.640	146.577	182.000	1445.600	1664.000	1903.200
   19 --    20	1674.400	140.304	174.210	1508.000	1601.600	1892.800
   20 --    21	1709.760	135.854	168.686	1497.600	1788.800	1840.800
   21 --    22	1645.280	72.770	90.356	1539.200	1622.400	1757.600
   22 --    23	1645.280	88.100	109.390	1539.200	1674.400	1768.000
   23 --    24	1487.200	212.323	263.634	1144.000	1518.400	1809.600
   24 --    25	1697.280	71.268	88.491	1560.000	1716.000	1757.600
   25 --    26	1483.040	97.027	120.475	1393.600	1456.000	1653.600
   26 --    27	1582.880	210.625	261.526	1258.400	1570.400	1809.600
   27 --    28	1709.760	123.335	153.141	1508.000	1716.000	1851.200
   28 --    29	1647.360	125.939	156.374	1435.200	1653.600	1788.800
   29 --    30	1622.400	228.327	283.505	1393.600	1632.800	2028.000
   30 --    31	1716.000	99.970	124.129	1653.600	1664.000	1913.600
   31 --    32	1684.800	115.435	143.332	1518.400	1664.000	1851.200
   32 --    33	1682.720	98.751	122.615	1601.600	1612.000	1840.800
   33 --    34	1597.440	113.470	140.891	1404.000	1612.000	1736.800
   34 --    35	1682.720	92.881	115.327	1539.200	1716.000	1778.400
   35 --    36	1622.400	66.755	82.887	1560.000	1591.200	1747.200
   36 --    37	1647.360	131.649	163.464	1528.800	1622.400	1892.800
   37 --    38	1543.360	78.821	97.869	1445.600	1549.600	1653.600
   38 --    39	1724.320	190.112	236.056	1508.000	1799.200	1996.800
   39 --    40	1628.640	161.197	200.152	1320.800	1684.800	1778.400
   40 --    41	1651.520	102.407	127.155	1518.400	1705.600	1768.000
   41 --    42	1632.800	51.792	64.308	1560.000	1622.400	1705.600
   42 --    43	1582.880	87.854	109.085	1487.200	1580.800	1726.400
   43 --    44	1545.440	172.477	214.159	1289.600	1643.200	1736.800
   44 --    45	1593.280	214.795	266.703	1289.600	1653.600	1903.200
   45 --    46	1780.480	75.970	94.329	1705.600	1757.600	1913.600
   46 --    47	1659.840	75.168	93.334	1570.400	1664.000	1757.600
   47 --    48	1757.600	98.663	122.506	1601.600	1778.400	1903.200
   48 --    49	1601.600	150.567	186.953	1341.600	1622.400	1757.600
   49 --    50	1560.000	114.872	142.632	1362.400	1580.800	1716.000
   50 --    51	1703.520	100.918	125.306	1570.400	1705.600	1820.000
   51 --    52	1724.320	95.181	118.183	1549.600	1736.800	1809.600
   52 --    53	1605.760	218.212	270.946	1175.200	1684.800	1757.600
   53 --    54	1620.320	46.230	57.403	1560.000	1601.600	1674.400
   54 --    55	1680.640	93.854	116.535	1570.400	1664.000	1799.200
   55 --    56	1666.080	156.402	194.198	1414.400	1674.400	1903.200
   56 --    57	1701.440	61.913	76.875	1601.600	1695.200	1788.800
   57 --    58	1653.600	123.581	153.446	1435.200	1664.000	1799.200
   58 --    59	1614.080	150.193	186.489	1341.600	1716.000	1726.400
   59 --    60	1670.240	159.578	198.142	1414.400	1632.800	1882.400
   60 --    61	1736.800	160.713	199.551	1560.000	1653.600	1955.200
   61 --    62	1591.200	94.863	117.787	1466.400	1653.600	1695.200
   62 --    63	1688.960	124.557	154.658	1518.400	1757.600	1820.000
   63 --    64	1688.960	151.083	187.594	1404.000	1747.200	1820.000
   64 --    65	1580.800	216.460	268.771	1289.600	1508.000	1924.000
   65 --    66	1678.560	188.650	234.240	1424.800	1612.000	1965.600
   66 --    67	1720.160	149.500	185.628	1466.400	1747.200	1903.200
   67 --    68	1622.400	74.416	92.400	1487.200	1653.600	1695.200
   68 --    69	1630.720	165.540	205.545	1331.200	1684.800	1830.400
   69 --    70	1591.200	160.578	199.384	1352.000	1705.600	1747.200
   70 --    71	1587.040	50.351	62.520	1487.200	1612.000	1622.400
   71 --    72	1672.320	112.858	140.132	1476.800	1695.200	1799.200
   72 --    73	1609.920	145.659	180.860	1424.800	1570.400	1830.400
   73 --    74	1595.360	281.961	350.101	1289.600	1674.400	2038.400
   74 --    75	1782.560	142.537	176.983	1653.600	1736.800	2048.800
   75 --    76	1568.320	128.456	159.499	1383.200	1601.600	1757.600
   76 --    77	1522.560	102.449	127.208	1445.600	1456.000	1716.000
   77 --    78	1560.000	195.010	242.137	1258.400	1539.200	1809.600
   78 --    79	1672.320	163.171	202.603	1414.400	1695.200	1882.400
   79 --    80	1659.840	122.632	152.268	1487.200	1695.200	1809.600
   80 --    81	1759.680	193.496	240.257	1424.800	1747.200	1976.000
   81 --    82	1591.200	175.634	218.078	1383.200	1560.000	1799.200
   82 --    83	1643.200	123.054	152.792	1445.600	1695.200	1778.400
   83 --    84	1668.160	111.353	138.263	1580.800	1643.200	1882.400
   84 --    85	1688.960	62.608	77.738	1580.800	1705.600	1757.600
   85 --    86	1605.760	237.485	294.876	1237.600	1591.200	1913.600
   86 --    87	1699.360	80.719	100.226	1612.000	1674.400	1851.200
   87 --    88	1763.840	98.575	122.397	1643.200	1747.200	1882.400
   88 --    89	1768.000	66.755	82.887	1643.200	1799.200	1830.400
   89 --    90	1626.560	141.318	175.469	1393.600	1664.000	1809.600
   90 --    91	1738.880	80.933	100.492	1674.400	1695.200	1892.800
   91 --    92	1722.240	115.922	143.936	1528.800	1747.200	1882.400
   92 --    93	1716.000	131.715	163.546	1549.600	1695.200	1955.200
   93 --    94	1601.600	159.089	197.536	1320.800	1622.400	1809.600
   94 --    95	1620.320	153.187	190.207	1466.400	1560.000	1851.200
   95 --    96	1587.040	260.507	323.462	1341.600	1508.000	2080.000
   96 --    97	1587.040	143.595	178.297	1352.000	1684.800	1716.000
   97 --    98	1688.960	154.341	191.640	1414.400	1695.200	1840.800
   98 --    99	1686.880	125.388	155.690	1528.800	1778.400	1809.600
   99 --   100	1688.960	201.728	250.478	1435.200	1622.400	2028.000
  100 --   101	1620.320	325.797	404.531	1268.800	1612.000	2173.600
  101 --   102	1695.200	188.007	233.442	1476.800	1612.000	1996.800
  102 --   103	1543.360	186.691	231.807	1414.400	1424.800	1903.200
  103 --   104	1578.720	109.945	136.515	1466.400	1518.400	1757.600
  104 --   105	1693.120	196.821	244.386	1372.800	1757.600	1934.400
  105 --   106	1655.680	103.039	127.940	1456.000	1684.800	1747.200
  106 --   107	1674.400	162.187	201.381	1414.400	1747.200	1830.400
  107 --   108	1555.840	199.246	247.397	1310.400	1476.800	1830.400
  108 --   109	1686.880	131.123	162.810	1508.000	1716.000	1882.400
  109 --   110	1757.600	73.244	90.945	1632.800	1757.600	1861.600
  110 --   111	1668.160	77.436	96.150	1570.400	1674.400	1788.800
  111 --   112	1664.000	196.777	244.331	1393.600	1591.200	1934.400
  112 --   113	1757.600	109.472	135.927	1549.600	1820.000	1851.200
  113 --   114	1707.680	148.309	184.149	1497.600	1664.000	1934.400
  114 --   115	1582.880	74.242	92.183	1445.600	1591.200	1653.600
  115 --   116	1532.960	125.250	155.518	1383.200	1466.400	1716.000
  116 --   117	1609.920	101.559	126.102	1487.200	1632.800	1736.800
  117 --   118	1508.000	143.052	177.623	1279.200	1497.600	1674.400
  118 --   119	1676.480	244.645	303.768	1289.600	1695.200	1996.800
  119 --   120	1616.160	257.668	319.937	1258.400	1591.200	1934.400
  120 --   121	1516.320	118.833	147.551	1362.400	1528.800	1674.400
  121 --   122	1551.680	121.711	151.124	1404.000	1539.200	1736.800
  122 --   123	1618.240	150.796	187.238	1435.200	1684.800	1830.400
  123 --   124	1780.480	177.764	220.723	1549.600	1757.600	2059.200
  124 --   125	1655.680	104.705	130.008	1539.200	1632.800	1840.800
  125 --   126	1724.320	53.193	66.047	1653.600	1736.800	1809.600
  126 --   127	1676.480	114.192	141.788	1560.000	1664.000	1861.600
  127 --   128	1636.960	83.873	104.142	1549.600	1591.200	1778.400
  128 --   129	1718.080	158.053	196.248	1591.200	1601.600	1976.000
  129 --   130	1699.360	158.353	196.622	1508.000	1664.000	1955.200
  130 --   131	1645.280	195.498	242.743	1393.600	1570.400	1965.600
  131 --   132	1647.360	285.392	354.361	1092.000	1747.200	1861.600
  132 --   133	1705.600	225.083	279.477	1310.400	1778.400	1944.800
  133 --   134	1670.240	163.330	202.801	1445.600	1601.600	1892.800
  134 --   135	1707.680	196.931	244.522	1508.000	1684.800	2059.200
  135 --   136	1747.200	89.706	111.384	1622.400	1820.000	1820.000
  136 --   137	1703.520	189.086	234.781	1445.600	1736.800	1924.000
  137 --   138	1686.880	109.945	136.515	1549.600	1716.000	1851.200
  138 --   139	1763.840	150.077	186.346	1466.400	1830.400	1872.000
  139 --   140	1661.920	127.780	158.660	1518.400	1653.600	1840.800
  140 --   141	1672.320	265.833	330.076	1352.000	1591.200	2038.400
  141 --   142	1703.520	132.436	164.441	1508.000	1684.800	1903.200
  142 --   143	1659.840	139.933	173.750	1456.000	1643.200	1820.000
  143 --   144	1695.200	193.898	240.756	1424.800	1768.000	1965.600
  144 --   145	1736.800	201.663	250.398	1383.200	1736.800	1986.400
  145 --   146	1584.960	160.928	199.819	1289.600	1622.400	1778.400
  146 --   147	1747.200	210.481	261.347	1508.000	1695.200	2132.000
  147 --   148	1543.360	179.604	223.008	1258.400	1664.000	1695.200
  148 --   149	1678.560	112.512	139.703	1487.200	1716.000	1788.800
  149 --   150	1649.440	151.226	187.772	1424.800	1726.400	1820.000
  150 --   151	1695.200	253.214	314.407	1279.200	1747.200	1976.000
  151 --   152	1678.560	127.135	157.860	1487.200	1653.600	1882.400
  152 --   153	1607.840	192.285	238.753	1341.600	1612.000	1913.600
  153 --   154	1626.560	262.163	325.518	1185.600	1716.000	1965.600
  154 --   155	1547.520	191.360	237.605	1227.200	1560.000	1809.600
  155 --   156	1614.080	77.660	96.427	1476.800	1643.200	1705.600
  156 --   157	1703.520	205.426	255.070	1435.200	1736.800	2028.000
  157 --   158	1557.920	181.735	225.654	1248.000	1643.200	1757.600
  158 --   159	1678.560	121.391	150.727	1445.600	1726.400	1799.200
  159 --   160	1664.000	140.612	174.592	1466.400	1601.600	1830.400
  160 --   161	1620.320	163.964	203.588	1466.400	1518.400	1820.000
  161 --   162	1624.480	183.158	227.421	1456.000	1591.200	1976.000
  162 --   163	1661.920	55.967	69.492	1580.800	1664.000	1736.800
  163 --   164	1697.280	130.792	162.400	1466.400	1768.000	1830.400
  164 --   165	1705.600	155.235	192.750	1414.400	1757.600	1872.000
  165 --   166	1647.360	120.317	149.393	1414.400	1695.200	1757.600
  166 --   167	1636.960	184.359	228.912	1414.400	1580.800	1934.400
  167 --   168	1624.480	109.748	136.271	1487.200	1612.000	1820.000
  168 --   169	1607.840	108.400	134.596	1476.800	1560.000	1788.800
  169 --   170	1645.280	147.431	183.059	1518.400	1560.000	1924.000
  170 --   171	1659.840	82.835	102.853	1528.800	1705.600	1757.600
  171 --   172	1655.680	200.091	248.446	1279.200	1726.400	1851.200
  172 --   173	1649.440	120.855	150.061	1487.200	1612.000	1799.200
  173 --   174	1697.280	167.618	208.125	1466.400	1664.000	1892.800
  174 --   175	1664.000	152.139	188.905	1497.600	1601.600	1913.600
  175 --   176	1711.840	77.715	96.496	1612.000	1705.600	1809.600
  176 --   177	1705.600	229.178	284.562	1445.600	1622.400	2069.600
  177 --   178	1576.640	208.478	258.859	1300.000	1539.200	1872.000
  178 --   179	1761.760	258.674	321.186	1258.400	1892.800	1955.200
  179 --   180	1618.240	121.212	150.505	1508.000	1549.600	1820.000
  180 --   181	1578.720	227.701	282.728	1227.200	1705.600	1809.600
  181 --   182	1584.960	165.827	205.901	1352.000	1570.400	1799.200
  182 --   183	1557.920	128.456	159.499	1424.800	1560.000	1778.400
  183 --   184	1622.400	323.438	401.602	1248.000	1736.800	2111.200
  184 --   185	1768.000	118.761	147.461	1560.000	1820.000	1882.400
  185 --   186	1688.960	180.685	224.350	1331.200	1768.000	1809.600
  186 --   187	1570.400	124.105	154.096	1424.800	1518.400	1747.200
  187 --   188	1535.040	62.608	77.738	1456.000	1518.400	1622.400
  188 --   189	1603.680	112.666	139.893	1466.400	1570.400	1788.800
  189 --   190	1639.040	61.913	76.875	1518.400	1674.400	1684.800
  190 --   191	1657.760	135.695	168.488	1487.200	1747.200	1788.800
  191 --   192	1547.520	165.540	205.545	1248.000	1612.000	1695.200
  192 --   193	1576.640	124.383	154.442	1372.800	1560.000	1726.400
  193 --   194	1666.080	106.548	132.297	1539.200	1622.400	1851.200
  194 --   195	1616.160	129.329	160.583	1466.400	1601.600	1830.400
  195 --   196	1456.000	175.387	217.772	1227.200	1487.200	1695.200
  196 --   197	1738.880	153.751	190.907	1518.400	1747.200	1934.400
  197 --   198	1676.480	201.706	250.452	1352.000	1674.400	1965.600
  198 --   199	1582.880	160.632	199.451	1393.600	1518.400	1788.800
  199 --   200	1724.320	137.248	170.416	1570.400	1726.400	1944.800
  200 --   201	1734.720	95.635	118.746	1601.600	1768.000	1840.800
  201 --   202	1651.520	144.915	179.936	1414.400	1757.600	1768.000
  202 --   203	1574.560	155.736	193.372	1341.600	1632.800	1778.400
  203 --   204	1734.720	178.735	221.929	1487.200	1861.600	1913.600
  204 --   205	1628.640	76.027	94.400	1508.000	1612.000	1736.800
  205 --   206	1609.920	88.833	110.301	1456.000	1622.400	1705.600
  206 --   207	1682.720	123.826	153.750	1508.000	1674.400	1820.000
  207 --   208	1655.680	80.665	100.159	1570.400	1632.800	1809.600
  208 --   209	1718.080	93.808	116.478	1591.200	1768.000	1830.400
  209 --   210	1651.520	250.241	310.715	1206.400	1695.200	1965.600
  210 --   211	1587.040	150.222	186.525	1383.200	1560.000	1851.200
  211 --   212	1807.520	125.560	155.904	1643.200	1788.800	1965.600
  212 --   213	1728.480	172.828	214.594	1487.200	1716.000	2028.000
  213 --   214	1609.920	94.726	117.617	1445.600	1632.800	1726.400
  214 --   215	1584.960	135.695	168.488	1372.800	1580.800	1788.800
  215 --   216	1730.560	129.161	160.375	1549.600	1716.000	1944.800
  216 --   217	1641.120	128.792	159.917	1424.800	1674.400	1809.600
  217 --   218	1705.600	89.946	111.683	1580.800	1695.200	1830.400
  218 --   219	1684.800	300.558	373.192	1279.200	1664.000	2132.000
  219 --   220	1562.080	113.432	140.844	1424.800	1570.400	1736.800
  220 --   221	1857.440	158.217	196.452	1653.600	1892.800	2048.800
  221 --   222	1684.800	79.748	99.021	1560.000	1674.400	1809.600
  222 --   223	1674.400	181.569	225.447	1414.400	1674.400	1892.800
  223 --   224	1651.520	196.821	244.386	1279.200	1747.200	1830.400
  224 --   225	1736.800	138.441	171.897	1549.600	1695.200	1934.400
  225 --   226	1599.520	151.341	187.914	1466.400	1560.000	1892.800
  226 --   227	1614.080	77.938	96.772	1528.800	1591.200	1716.000
  227 --   228	1718.080	115.135	142.959	1539.200	1757.600	1882.400
  228 --   229	1649.440	120.496	149.616	1508.000	1664.000	1809.600
  229 --   230	1628.640	152.933	189.891	1393.600	1653.600	1861.600
  230 --   231	1655.680	95.408	118.465	1508.000	1684.800	1778.400
  231 --   232	1728.480	162.640	201.944	1424.800	1778.400	1892.800
  232 --   233	1772.160	155.597	193.200	1528.800	1736.800	1965.600
  233 --   234	1655.680	223.578	277.609	1216.800	1768.000	1830.400
  234 --   235	1639.040	118.140	146.690	1476.800	1632.800	1830.400
  235 --   236	1684.800	211.404	262.493	1404.000	1622.400	2038.400
  236 --   237	1614.080	119.197	148.002	1424.800	1674.400	1747.200
  237 --   238	1682.720	177.764	220.723	1456.000	1736.800	1913.600
  238 --   239	1636.960	132.632	164.684	1435.200	1622.400	1840.800
  239 --   240	1572.480	96.311	119.586	1414.400	1601.600	1684.800
  240 --   241	1639.040	166.218	206.387	1435.200	1612.000	1882.400
  241 --   242	1705.600	163.118	202.537	1539.200	1601.600	1924.000
  242 --   243	1541.280	218.687	271.536	1258.400	1580.800	1861.600
  243 --   244	1711.840	113.660	141.128	1580.800	1684.800	1924.000
  244 --   245	1774.240	80.451	99.893	1664.000	1768.000	1903.200
  245 --   246	1649.440	74.591	92.616	1580.800	1632.800	1788.800
  246 --   247	1641.120	205.846	255.592	1300.000	1757.600	1830.400
  247 --   248	1701.440	73.421	91.165	1601.600	1695.200	1788.800
  248 --   249	1651.520	126.419	156.970	1539.200	1632.800	1892.800
  249 --   250	1576.640	170.332	211.495	1383.200	1580.800	1851.200
  250 --   251	1703.520	103.875	128.978	1518.400	1716.000	1820.000
  251 --   252	1541.280	79.585	98.818	1466.400	1508.000	1695.200
  252 --   253	1570.400	109.076	135.436	1466.400	1528.800	1768.000
  253 --   254	1697.280	76.537	95.034	1622.400	1664.000	1840.800
  254 --   255	1597.440	90.570	112.457	1445.600	1601.600	1716.000
  255 --   256	1620.320	127.950	158.870	1435.200	1591.200	1809.600
  256 --   257	1572.480	109.155	135.534	1404.000	1591.200	1684.800
  257 --   258	1495.520	140.365	174.287	1320.800	1466.400	1747.200
  258 --   259	1691.040	158.490	196.791	1435.200	1684.800	1903.200
  259 --   260	1701.440	188.421	233.955	1414.400	1716.000	1976.000
  260 --   261	1668.160	138.379	171.820	1497.600	1622.400	1840.800
  261 --   262	1641.120	85.102	105.668	1528.800	1684.800	1736.800
  262 --   263	1697.280	124.174	154.183	1456.000	1736.800	1799.200
  263 --   264	1699.360	70.720	87.810	1622.400	1664.000	1799.200
  264 --   265	1541.280	136.617	169.632	1372.800	1487.200	1768.000
  265 --   266	1847.040	162.000	201.149	1580.800	1872.000	2080.000
  266 --   267	1664.000	178.080	221.116	1487.200	1560.000	1924.000
  267 --   268	1553.760	148.192	184.004	1310.400	1580.800	1747.200
  268 --   269	1759.680	103.458	128.460	1632.800	1809.600	1892.800
  269 --   270	1428.960	147.753	183.460	1216.800	1424.800	1674.400
  270 --   271	1693.120	172.326	213.972	1487.200	1778.400	1924.000
  271 --   272	1641.120	195.055	242.192	1362.400	1622.400	1934.400
  272 --   273	1576.640	165.435	205.415	1404.000	1518.400	1778.400
  273 --   274	1580.800	125.146	155.390	1404.000	1591.200	1757.600
  274 --   275	1670.240	176.322	218.933	1393.600	1799.200	1830.400
  275 --   276	1568.320	176.788	219.511	1310.400	1518.400	1830.400
  276 --   277	1614.080	105.937	131.538	1424.800	1622.400	1736.800
  277 --   278	1695.200	104.208	129.391	1560.000	1716.000	1861.600
  278 --   279	1661.920	285.150	354.060	1248.000	1601.600	2048.800
  279 --   280	1584.960	94.314	117.106	1466.400	1570.400	1747.200
  280 --   281	1734.720	180.301	223.874	1404.000	1788.800	1924.000
  281 --   282	1555.840	200.005	248.339	1289.600	1508.000	1851.200
  282 --   283	1863.680	158.872	197.265	1560.000	1892.800	1996.800
  283 --   284	1774.240	165.173	205.090	1456.000	1840.800	1934.400
  284 --   285	1580.800	191.654	237.969	1341.600	1580.800	1809.600
  285 --   286	1512.160	138.691	172.208	1331.200	1497.600	1716.000
  286 --   287	1643.200	131.551	163.342	1424.800	1674.400	1820.000
  287 --   288	1620.320	149.036	185.053	1424.800	1705.600	1778.400
  288 --   289	1609.920	72.472	89.986	1518.400	1612.000	1695.200
  289 --   290	1815.840	113.279	140.654	1632.800	1861.600	1955.200
  290 --   291	1578.720	118.286	146.871	1362.400	1622.400	1684.800
  291 --   292	1618.240	91.756	113.930	1466.400	1612.000	1747.200
  292 --   293	1728.480	59.344	73.685	1664.000	1736.800	1830.400
  293 --   294	1726.400	104.622	129.906	1580.800	1736.800	1872.000
  294 --   295	1734.720	140.365	174.287	1560.000	1757.600	1944.800
  295 --   296	1643.200	124.627	154.744	1435.200	1643.200	1820.000
  296 --   297	1653.600	77.269	95.942	1518.400	1684.800	1736.800
  297 --   298	1666.080	72.173	89.615	1549.600	1684.800	1747.200
  298 --   299	1670.240	150.077	186.346	1414.400	1736.800	1820.000
  299 --   300	1674.400	117.110	145.411	1518.400	1653.600	1882.400
  300 --   301	1659.840	105.364	130.827	1518.400	1632.800	1809.600
  301 --   302	1560.000	245.845	305.257	1352.000	1424.800	1996.800
  302 --   303	1682.720	135.184	167.853	1518.400	1705.600	1861.600
  303 --   304	1680.640	116.294	144.398	1518.400	1674.400	1809.600
  304 --   305	1703.520	38.578	47.901	1664.000	1684.800	1768.000
  305 --   306	1614.080	204.687	254.153	1320.800	1695.200	1830.400
  306 --   307	1699.360	125.767	156.160	1539.200	1653.600	1892.800
  307 --   308	1688.960	174.224	216.328	1528.800	1632.800	2028.000
  308 --   309	1603.680	207.104	257.153	1331.200	1570.400	1965.600
  309 --   310	1591.200	124.973	155.175	1476.800	1570.400	1830.400
  310 --   311	1647.360	226.577	281.332	1393.600	1622.400	2007.200
  311 --   312	1647.360	165.042	204.927	1456.000	1601.600	1934.400
  312 --   313	1684.800	102.955	127.835	1570.400	1664.000	1809.600
  313 --   314	1672.320	220.950	274.346	1341.600	1622.400	1965.600
  314 --   315	1718.080	57.867	71.852	1643.200	1726.400	1799.200
  315 --   316	1661.920	103.875	128.978	1497.600	1664.000	1799.200
  316 --   317	1688.960	99.667	123.752	1528.800	1726.400	1820.000
  317 --   318	1757.600	117.663	146.097	1653.600	1684.800	1955.200
  318 --   319	1672.320	180.900	224.617	1466.400	1622.400	2007.200
  319 --   320	1553.760	156.844	194.747	1331.200	1508.000	1747.200
  320 --   321	1672.320	159.822	198.445	1476.800	1716.000	1903.200
  321 --   322	1620.320	176.298	218.902	1341.600	1674.400	1840.800
  322 --   323	1693.120	118.651	147.325	1518.400	1716.000	1840.800
  323 --   324	1736.800	169.619	210.610	1497.600	1840.800	1924.000
  324 --   325	1589.120	168.647	209.403	1393.600	1560.000	1799.200
  325 --   326	1626.560	126.624	157.224	1435.200	1622.400	1830.400
  326 --   327	1607.840	75.168	93.334	1476.800	1632.800	1705.600
  327 --   328	1616.160	57.942	71.945	1528.800	1601.600	1705.600
  328 --   329	1601.600	67.400	83.688	1497.600	1591.200	1684.800
  329 --   330	1699.360	106.994	132.850	1518.400	1736.800	1799.200
  330 --   331	1576.640	119.957	148.946	1404.000	1539.200	1736.800
  331 --   332	1497.600	106.670	132.448	1372.800	1508.000	1643.200
  332 --   333	1524.640	166.478	206.710	1320.800	1445.600	1747.200
  333 --   334	1651.520	236.188	293.266	1185.600	1747.200	1840.800
  334 --   335	1630.720	131.123	162.810	1372.800	1684.800	1736.800
  335 --   336	1653.600	38.913	48.317	1612.000	1632.800	1705.600
  336 --   337	1620.320	101.771	126.366	1435.200	1664.000	1716.000
  337 --   338	1624.480	193.496	240.257	1289.600	1622.400	1882.400
  338 --   339	1801.280	73.950	91.821	1664.000	1820.000	1882.400
  339 --   340	1564.160	92.226	114.514	1456.000	1591.200	1674.400
  340 --   341	1661.920	124.000	153.966	1508.000	1622.400	1882.400
  341 --   342	1728.480	76.254	94.682	1601.600	1726.400	1840.800
  342 --   343	1618.240	155.180	192.681	1372.800	1716.000	1757.600
  343 --   344	1722.240	264.871	328.881	1352.000	1840.800	2028.000
  344 --   345	1676.480	108.360	134.546	1539.200	1622.400	1809.600
  345 --   346	1564.160	94.771	117.674	1445.600	1549.600	1736.800
  346 --   347	1551.680	145.213	180.306	1352.000	1549.600	1778.400
  347 --   348	1726.400	208.519	258.911	1518.400	1632.800	2111.200
  348 --   349	1674.400	103.374	128.356	1487.200	1716.000	1768.000
  349 --   350	1691.040	58.314	72.407	1632.800	1684.800	1788.800
  350 --   351	1593.280	116.628	144.813	1456.000	1570.400	1757.600
  351 --   352	1664.000	164.964	204.830	1518.400	1622.400	1965.600
  352 --   353	1707.680	121.177	150.461	1539.200	1726.400	1903.200
  353 --   354	1757.600	115.248	143.099	1612.000	1716.000	1955.200
  354 --   355	1634.880	178.007	221.025	1300.000	1695.200	1820.000
  355 --   356	1670.240	101.601	126.154	1560.000	1653.600	1840.800
  356 --   357	1699.360	103.081	127.992	1518.400	1747.200	1820.000
  357 --   358	1589.120	107.960	134.050	1456.000	1549.600	1726.400
  358 --   359	1680.640	162.000	201.149	1476.800	1632.800	1944.800
  359 --   360	1624.480	113.812	141.317	1487.200	1601.600	1830.400
  360 --   361	1589.120	154.173	191.431	1435.200	1580.800	1872.000
  361 --   362	1564.160	136.014	168.883	1383.200	1508.000	1747.200
  362 --   363	1464.320	143.112	177.698	1227.200	1497.600	1653.600
  363 --   364	1460.160	134.253	166.697	1227.200	1518.400	1612.000
  364 --   365	1616.160	19.289	23.951	1591.200	1612.000	1643.200
  365 --   366	1682.720	248.854	308.992	1383.200	1788.800	2017.600
  366 --   367	1545.440	152.508	189.364	1300.000	1549.600	1757.600
  367 --   368	1661.920	123.300	153.098	1549.600	1622.400	1892.800
  368 --   369	1641.120	97.205	120.696	1528.800	1664.000	1788.800
  369 --   370	1555.840	135.854	168.686	1414.400	1570.400	1788.800
  370 --   371	1597.440	138.691	172.208	1341.600	1684.800	1716.000
  371 --   372	1580.800	158.408	196.690	1352.000	1580.800	1830.400
  372 --   373	1566.240	66.625	82.726	1487.200	1549.600	1684.800
  373 --   374	1657.760	95.454	118.521	1508.000	1726.400	1736.800
  374 --   375	1666.080	163.303	202.768	1393.600	1664.000	1882.400
  375 --   376	1724.320	131.452	163.219	1549.600	1695.200	1955.200
  376 --   377	1616.160	102.449	127.208	1476.800	1612.000	1778.400
  377 --   378	1578.720	105.937	131.538	1393.600	1591.200	1695.200
  378 --   379	1614.080	149.036	185.053	1424.800	1549.600	1809.600
  379 --   380	1701.440	231.208	287.082	1424.800	1778.400	1986.400
  380 --   381	1682.720	138.660	172.169	1456.000	1684.800	1892.800
  381 --   382	1680.640	64.981	80.685	1591.200	1684.800	1778.400
  382 --   383	1801.280	233.331	289.719	1497.600	1726.400	2121.600
  383 --   384	1628.640	158.080	196.282	1476.800	1518.400	1851.200
  384 --   385	1691.040	84.388	104.781	1570.400	1684.800	1820.000
  385 --   386	1695.200	150.710	187.132	1414.400	1716.000	1840.800
  386 --   387	1682.720	201.384	250.052	1362.400	1736.800	1934.400
  387 --   388	1697.280	228.459	283.670	1393.600	1643.200	2100.800
  388 --   389	1666.080	34.430	42.751	1622.400	1674.400	1716.000
  389 --   390	1555.840	262.986	326.541	1268.800	1466.400	1996.800
  390 --   391	1659.840	106.589	132.347	1549.600	1601.600	1788.800
  391 --   392	1584.960	69.174	85.890	1487.200	1580.800	1684.800
  392 --   393	1776.320	188.742	234.354	1591.200	1705.600	2080.000
  393 --   394	1560.000	152.565	189.434	1341.600	1601.600	1716.000
  394 --   395	1607.840	80.987	100.558	1497.600	1632.800	1726.400
  395 --   396	1607.840	102.871	127.731	1445.600	1632.800	1757.600
  396 --   397	1539.200	131.057	162.728	1341.600	1570.400	1726.400
  397 --   398	1659.840	106.385	132.095	1497.600	1674.400	1799.200
  398 --   399	1609.920	179.460	222.828	1393.600	1612.000	1820.000
  399 --   400	1626.560	128.489	159.541	1445.600	1570.400	1788.800
  400 --   401	1651.520	163.568	203.096	1393.600	1684.800	1892.800
  401 --   402	1632.800	164.833	204.667	1352.000	1664.000	1861.600
  402 --   403	1649.440	114.608	142.304	1456.000	1716.000	1747.200
  403 --   404	1661.920	205.320	254.939	1424.800	1560.000	2017.600
  404 --   405	1641.120	152.905	189.856	1341.600	1705.600	1747.200
  405 --   406	1487.200	61.703	76.614	1404.000	1466.400	1591.200
  406 --   407	1601.600	190.067	235.999	1248.000	1674.400	1799.200
  407 --   408	1753.440	139.158	172.788	1580.800	1768.000	1934.400
  408 --   409	1624.480	184.101	228.591	1320.800	1653.600	1892.800
  409 --   410	1659.840	185.762	230.653	1445.600	1612.000	1986.400
  410 --   411	1728.480	138.034	171.392	1560.000	1653.600	1892.800
  411 --   412	1641.120	136.933	170.025	1383.200	1684.800	1768.000
  412 --   413	1564.160	72.830	90.430	1456.000	1560.000	1674.400
  413 --   414	1747.200	56.199	69.780	1643.200	1768.000	1799.200
  414 --   415	1743.040	41.911	52.039	1705.600	1716.000	1799.200
  415 --   416	1705.600	73.244	90.945	1591.200	1726.400	1778.400
  416 --   417	1587.040	185.412	230.219	1362.400	1601.600	1903.200
  417 --   418	1730.560	106.791	132.599	1591.200	1736.800	1872.000
  418 --   419	1686.880	195.055	242.192	1424.800	1705.600	2007.200
  419 --   420	1605.760	85.153	105.732	1508.000	1591.200	1736.800
  420 --   421	1584.960	81.784	101.548	1435.200	1622.400	1674.400
  421 --   422	1768.000	114.872	142.632	1632.800	1747.200	1976.000
  422 --   423	1703.520	87.854	109.085	1601.600	1664.000	1840.800
  423 --   424	1676.480	83.563	103.757	1601.600	1622.400	1778.400
  424 --   425	1609.920	165.278	205.220	1289.600	1674.400	1736.800
  425 --   426	1597.440	262.575	326.030	1300.000	1487.200	2048.800
  426 --   427	1674.400	119.124	147.912	1560.000	1643.200	1892.800
  427 --   428	1630.720	125.388	155.690	1445.600	1705.600	1768.000
  428 --   429	1738.880	179.218	222.529	1487.200	1684.800	2028.000
  429 --   430	1672.320	246.758	306.391	1372.800	1674.400	2028.000
  430 --   431	1601.600	108.280	134.447	1497.600	1539.200	1799.200
  431 --   432	1626.560	61.210	76.002	1580.800	1601.600	1747.200
  432 --   433	1664.000	45.093	55.991	1580.800	1674.400	1716.000
  433 --   434	1716.000	160.443	199.217	1497.600	1716.000	1986.400
  434 --   435	1618.240	96.804	120.198	1549.600	1580.800	1809.600
  435 --   436	1743.040	196.733	244.277	1435.200	1799.200	2028.000
  436 --   437	1711.840	96.131	119.363	1528.800	1736.800	1799.200
  437 --   438	1680.640	139.003	172.594	1560.000	1591.200	1913.600
  438 --   439	1587.040	132.795	164.886	1435.200	1539.200	1830.400
  439 --   440	1678.560	178.517	221.658	1445.600	1768.000	1892.800
  440 --   441	1720.160	127.475	158.282	1560.000	1684.800	1944.800
  441 --   442	1684.800	46.043	57.170	1622.400	1695.200	1747.200
  442 --   443	1647.360	121.391	150.727	1508.000	1622.400	1872.000
  443 --   444	1616.160	70.106	87.048	1487.200	1632.800	1695.200
  444 --   445	1678.560	48.603	60.348	1591.200	1684.800	1736.800
  445 --   446	1728.480	112.089	139.176	1632.800	1695.200	1944.800
  446 --   447	1693.120	199.658	247.909	1320.800	1747.200	1903.200
  447 --   448	1630.720	290.560	360.778	1112.800	1726.400	1934.400
  448 --   449	1593.280	110.142	136.759	1466.400	1591.200	1736.800
  449 --   450	1597.440	173.602	215.556	1383.200	1601.600	1851.200
  450 --   451	1576.640	135.695	168.488	1414.400	1580.800	1747.200
  451 --   452	1591.200	105.446	130.928	1508.000	1528.800	1788.800
  452 --   453	1705.600	177.959	220.965	1549.600	1653.600	2048.800
  453 --   454	1672.320	107.960	134.050	1466.400	1726.400	1757.600
  454 --   455	1620.320	76.819	95.384	1518.400	1622.400	1747.200
  455 --   456	1684.800	107.679	133.701	1508.000	1705.600	1840.800
  456 --   457	1761.760	63.975	79.435	1674.400	1778.400	1851.200
  457 --   458	1680.640	97.694	121.303	1570.400	1643.200	1861.600
  458 --   459	1716.000	143.956	178.746	1497.600	1736.800	1924.000
  459 --   460	1634.880	87.854	109.085	1549.600	1580.800	1778.400
  460 --   461	1703.520	130.461	161.989	1487.200	1716.000	1872.000
  461 --   462	1641.120	170.940	212.250	1445.600	1653.600	1934.400
  462 --   463	1688.960	112.127	139.224	1549.600	1705.600	1809.600
  463 --   464	1664.000	47.431	58.894	1601.600	1664.000	1747.200
  464 --   465	1676.480	119.740	148.677	1549.600	1643.200	1903.200
  465 --   466	1668.160	180.205	223.754	1404.000	1674.400	1934.400
  466 --   467	1716.000	184.640	229.261	1352.000	1820.000	1830.400
  467 --   468	1591.200	174.025	216.081	1331.200	1601.600	1872.000
  468 --   469	1703.520	117.736	146.189	1539.200	1684.800	1903.200
  469 --   470	1566.240	99.449	123.483	1466.400	1528.800	1726.400
  470 --   471	1761.760	42.931	53.306	1705.600	1778.400	1809.600
  471 --   472	1792.960	87.410	108.533	1632.800	1840.800	1872.000
  472 --   473	1724.320	88.833	110.301	1622.400	1705.600	1872.000
  473 --   474	1616.160	124.209	154.226	1466.400	1570.400	1830.400
  474 --   475	1722.240	83.873	104.142	1560.000	1747.200	1799.200
  475 --   476	1718.080	71.268	88.491	1632.800	1684.800	1830.400
  476 --   477	1703.520	147.431	183.059	1476.800	1684.800	1913.600
  477 --   478	1705.600	113.546	140.986	1549.600	1674.400	1840.800
  478 --   479	1686.880	154.173	191.431	1445.600	1674.400	1872.000
  479 --   480	1720.160	154.621	191.987	1570.400	1622.400	1913.600
  480 --   481	1643.200	121.640	151.036	1476.800	1632.800	1799.200
  481 --   482	1645.280	122.773	152.443	1476.800	1601.600	1820.000
  482 --   483	1572.480	89.802	111.504	1435.200	1591.200	1674.400
  483 --   484	1661.920	130.792	162.400	1435.200	1674.400	1799.200
  484 --   485	1801.280	184.453	229.028	1487.200	1830.400	2028.000
  485 --   486	1815.840	142.385	176.794	1591.200	1851.200	2028.000
  486 --   487	1601.600	206.224	256.061	1300.000	1622.400	1882.400
  487 --   488	1691.040	182.235	226.274	1414.400	1643.200	1955.200
  488 --   489	1634.880	116.443	144.583	1497.600	1664.000	1799.200
  489 --   490	1713.920	100.056	124.236	1539.200	1726.400	1851.200
  490 --   491	1614.080	128.624	159.708	1435.200	1570.400	1799.200
  491 --   492	1770.080	112.474	139.655	1601.600	1768.000	1955.200
  492 --   493	1639.040	136.490	169.475	1476.800	1601.600	1861.600
  493 --   494	1530.880	44.805	55.632	1466.400	1528.800	1601.600
  494 --   495	1541.280	93.577	116.191	1372.800	1570.400	1643.200
  495 --   496	1543.360	180.924	224.647	1352.000	1424.800	1768.000
  496 --   497	1580.800	213.339	264.896	1206.400	1622.400	1851.200
  497 --   498	1562.080	146.990	182.512	1383.200	1497.600	1799.200
  498 --   499	1576.640	109.788	136.319	1424.800	1601.600	1747.200
  499 --   500	1566.240	168.030	208.637	1289.600	1580.800	1736.800
  500 --   501	1659.840	62.952	78.166	1549.600	1674.400	1736.800
  501 --   502	1595.360	138.691	172.208	1435.200	1601.600	1778.400
  502 --   503	1701.440	112.705	139.941	1560.000	1747.200	1851.200
  503 --   504	1595.360	194.299	241.254	1331.200	1695.200	1840.800
  504 --   505	1734.720	212.873	264.316	1393.600	1757.600	1996.800
  505 --   506	1720.160	141.318	175.469	1518.400	1768.000	1872.000
  506 --   507	1724.320	147.577	183.242	1456.000	1757.600	1861.600
  507 --   508	1634.880	204.582	254.021	1362.400	1643.200	1976.000
  508 --   509	1582.880	141.287	175.431	1445.600	1508.000	1809.600
  509 --   510	1676.480	224.158	278.329	1268.800	1778.400	1892.800
  510 --   511	1580.800	165.487	205.480	1331.200	1684.800	1736.800
  511 --   512	1722.240	168.030	208.637	1528.800	1695.200	1996.800
  512 --   513	1726.400	109.472	135.927	1591.200	1747.200	1892.800
  513 --   514	1670.240	138.066	171.431	1497.600	1705.600	1861.600
  514 --   515	1699.360	204.497	253.916	1372.800	1716.000	1986.400
  515 --   516	1664.000	94.634	117.504	1487.200	1695.200	1768.000
  516 --   517	1759.680	131.945	163.831	1601.600	1747.200	1996.800
  517 --   518	1539.200	157.174	195.158	1258.400	1622.400	1674.400
  518 --   519	1734.720	191.473	237.745	1383.200	1788.800	1934.400
  519 --   520	1684.800	78.656	97.664	1549.600	1684.800	1788.800
  520 --   521	1732.640	117.773	146.234	1539.200	1799.200	1840.800
  521 --   522	1709.760	141.011	175.088	1591.200	1632.800	1965.600
  522 --   523	1676.480	102.407	127.155	1528.800	1695.200	1788.800
  523 --   524	1732.640	191.270	237.493	1362.400	1809.600	1892.800
  524 --   525	1628.640	202.049	250.877	1352.000	1580.800	1976.000
  525 --   526	1688.960	91.520	113.637	1549.600	1695.200	1809.600
  526 --   527	1607.840	263.644	327.357	1279.200	1539.200	2048.800
  527 --   528	1666.080	239.552	297.444	1362.400	1705.600	2038.400
  528 --   529	1524.640	212.180	263.457	1102.400	1612.000	1653.600
  529 --   530	1532.960	93.623	116.248	1383.200	1539.200	1674.400
  530 --   531	1707.680	155.012	192.473	1528.800	1632.800	1944.800
  531 --   532	1772.160	123.686	153.576	1601.600	1820.000	1924.000
  532 --   533	1734.720	101.771	126.366	1653.600	1684.800	1934.400
  533 --   534	1674.400	166.270	206.451	1352.000	1736.800	1820.000
  534 --   535	1780.480	132.109	164.035	1570.400	1840.800	1913.600
  535 --   536	1668.160	129.996	161.411	1445.600	1674.400	1851.200
  536 --   537	1649.440	283.415	351.906	1383.200	1487.200	2132.000
  537 --   538	1743.040	164.649	204.438	1476.800	1778.400	1965.600
  538 --   539	1616.160	97.250	120.751	1456.000	1632.800	1757.600
  539 --   540	1826.240	236.663	293.856	1466.400	1892.800	2121.600
  540 --   541	1666.080	51.119	63.473	1601.600	1643.200	1726.400
  541 --   542	1641.120	177.154	219.966	1310.400	1684.800	1820.000
  542 --   543	1576.640	250.690	311.272	1154.400	1539.200	1872.000
  543 --   544	1570.400	170.001	211.084	1352.000	1518.400	1872.000
  544 --   545	1584.960	85.407	106.046	1476.800	1570.400	1726.400
  545 --   546	1676.480	122.597	152.224	1539.200	1674.400	1892.800
  546 --   547	1684.800	135.280	167.972	1497.600	1664.000	1913.600
  547 --   548	1749.280	134.542	167.056	1539.200	1736.800	1913.600
  548 --   549	1595.360	212.588	263.963	1216.800	1591.200	1851.200
  549 --   550	1701.440	133.282	165.492	1601.600	1622.400	1955.200
  550 --   551	1643.200	137.658	170.925	1466.400	1674.400	1861.600
  551 --   552	1738.880	257.568	319.812	1352.000	1913.600	1965.600
  552 --   553	1601.600	145.154	180.232	1331.200	1612.000	1747.200
  553 --   554	1589.120	88.589	109.998	1487.200	1580.800	1747.200
  554 --   555	1616.160	174.348	216.482	1331.200	1653.600	1861.600
  555 --   556	1634.880	204.793	254.284	1404.000	1643.200	1872.000
  556 --   557	1901.120	159.687	198.277	1768.000	1840.800	2215.200
  557 --   558	1745.120	202.669	251.647	1508.000	1809.600	2028.000
  558 --   559	1697.280	112.281	139.416	1539.200	1664.000	1830.400
  559 --   560	1578.720	184.453	229.028	1248.000	1591.200	1809.600
  560 --   561	1732.640	192.622	239.172	1435.200	1736.800	2038.400
  561 --   562	1770.080	125.042	155.261	1528.800	1840.800	1861.600
  562 --   563	1647.360	134.091	166.497	1445.600	1695.200	1799.200
  563 --   564	1564.160	153.074	190.067	1383.200	1570.400	1820.000
  564 --   565	1768.000	155.235	192.750	1539.200	1747.200	1986.400
  565 --   566	1557.920	157.504	195.567	1362.400	1591.200	1768.000
  566 --   567	1684.800	256.440	318.412	1196.000	1799.200	1913.600
  567 --   568	1595.360	208.062	258.344	1279.200	1570.400	1924.000
  568 --   569	1747.200	142.446	176.870	1560.000	1716.000	1944.800
  569 --   570	1688.960	205.341	254.965	1362.400	1705.600	1996.800
  570 --   571	1847.040	140.242	174.133	1632.800	1820.000	2038.400
  571 --   572	1749.280	154.032	191.256	1466.400	1768.000	1934.400
  572 --   573	1664.000	172.402	214.065	1456.000	1601.600	1924.000
  573 --   574	1738.880	237.284	294.627	1341.600	1726.400	1996.800
  574 --   575	1709.760	108.997	135.337	1570.400	1684.800	1840.800
  575 --   576	1691.040	236.572	293.743	1237.600	1809.600	1892.800
  576 --   577	1726.400	142.598	177.058	1518.400	1716.000	1903.200
  577 --   578	1738.880	226.653	281.427	1362.400	1799.200	2038.400
  578 --   579	1609.920	163.568	203.096	1435.200	1539.200	1892.800
  579 --   580	1778.400	113.736	141.222	1622.400	1799.200	1955.200
  580 --   581	1765.920	206.895	256.894	1560.000	1695.200	2132.000
  581 --   582	1626.560	132.957	165.088	1414.400	1643.200	1768.000
  582 --   583	1537.120	237.831	295.306	1102.400	1549.600	1799.200
  583 --   584	1688.960	130.660	162.236	1497.600	1736.800	1872.000
  584 --   585	1776.320	35.665	44.283	1716.000	1788.800	1809.600
  585 --   586	1626.560	143.595	178.297	1352.000	1653.600	1747.200
  586 --   587	1560.000	55.423	68.817	1508.000	1518.400	1632.800
  587 --   588	1718.080	115.135	142.959	1560.000	1726.400	1872.000
  588 --   589	1795.040	100.746	125.093	1664.000	1809.600	1903.200
  589 --   590	1593.280	71.268	88.491	1497.600	1601.600	1684.800
  590 --   591	1518.400	145.897	181.155	1341.600	1549.600	1716.000
  591 --   592	1736.800	105.446	130.928	1591.200	1716.000	1861.600
  592 --   593	1666.080	123.826	153.750	1435.200	1705.600	1788.800
  593 --   594	1745.120	129.295	160.541	1580.800	1799.200	1892.800
  594 --   595	1499.680	97.205	120.696	1331.200	1497.600	1622.400
  595 --   596	1695.200	158.817	197.198	1539.200	1664.000	1986.400
  596 --   597	1720.160	223.307	277.272	1456.000	1612.000	2069.600
  597 --   598	1639.040	160.659	199.484	1414.400	1653.600	1872.000
  598 --   599	1713.920	75.398	93.619	1601.600	1726.400	1830.400
  599 --   600	1718.080	46.230	57.403	1632.800	1747.200	1757.600
    0 --   600	1656.366	40.205	49.921	1608.759	1671.263	1710.332