Interval	Avg	Std	CI=0.95	Min	Median	Max
    0 --     1	0.614	0.586	0.728	0.000	0.667	1.569
    1 --     2	5.074	0.960	1.191	3.285	5.490	6.095
    2 --     3	8.815	0.789	0.979	8.000	8.667	10.000
    3 --     4	11.577	2.100	2.608	8.000	11.523	13.879
    4 --     5	12.810	1.385	1.719	10.760	13.159	14.918
    5 --     6	12.535	1.599	1.986	9.683	12.496	14.292
    6 --     7	11.632	1.486	1.845	9.178	11.468	13.468
    7 --     8	11.714	2.819	3.500	7.979	10.590	16.166
    8 --     9	12.550	3.480	4.320	6.801	13.061	16.711
    9 --    10	12.344	3.536	4.391	6.208	14.039	15.954
   10 --    11	11.765	3.525	4.377	5.632	13.753	14.744
   11 --    12	11.616	4.363	5.417	4.629	13.806	16.219
   12 --    13	11.671	3.656	4.540	5.953	13.724	15.082
   13 --    14	11.287	3.490	4.333	4.820	12.531	14.571
   14 --    15	11.604	3.227	4.007	5.931	11.893	15.115
   15 --    16	11.432	2.681	3.328	7.090	10.787	14.421
   16 --    17	12.155	3.174	3.942	8.519	10.441	16.893
   17 --    18	13.150	2.584	3.208	10.789	11.570	16.643
   18 --    19	12.645	3.158	3.921	9.784	10.427	16.967
   19 --    20	12.202	3.178	3.946	9.226	10.268	16.248
   20 --    21	11.950	2.531	3.143	9.810	9.943	15.164
   21 --    22	12.222	2.657	3.300	9.556	11.121	15.699
   22 --    23	11.938	3.090	3.836	8.256	10.561	15.956
   23 --    24	12.172	3.461	4.298	7.179	11.424	16.823
   24 --    25	13.101	4.807	5.969	6.437	11.690	19.779
   25 --    26	12.806	5.400	6.705	5.789	10.556	19.765
   26 --    27	12.480	5.069	6.295	4.909	11.221	18.925
   27 --    28	11.797	4.686	5.818	4.858	10.833	17.848
   28 --    29	11.155	4.446	5.521	4.692	9.718	17.020
   29 --    30	10.823	4.361	5.415	3.519	11.518	15.966
   30 --    31	10.983	4.980	6.184	2.741	10.289	17.706
   31 --    32	11.890	6.185	7.680	1.590	11.004	19.563
   32 --    33	12.568	6.483	8.049	0.828	13.736	19.412
   33 --    34	12.856	6.848	8.503	0.422	14.652	19.957
   34 --    35	12.961	7.149	8.876	0.750	13.871	22.082
   35 --    36	12.287	7.274	9.031	0.465	12.696	22.483
   36 --    37	12.519	7.408	9.198	0.144	12.114	22.302
   37 --    38	12.882	7.086	8.798	2.571	11.275	23.440
   38 --    39	13.713	7.491	9.301	5.053	10.412	25.766
   39 --    40	14.530	8.091	10.046	6.053	10.996	27.542
   40 --    41	15.093	7.241	8.991	7.336	11.474	27.449
   41 --    42	15.518	6.957	8.638	7.917	12.272	27.447
   42 --    43	15.090	7.407	9.197	7.497	10.903	27.626
   43 --    44	15.305	7.833	9.726	8.941	10.299	29.230
   44 --    45	15.495	8.493	10.546	8.555	9.470	29.821
   45 --    46	15.640	8.423	10.459	7.677	10.334	28.598
   46 --    47	16.224	8.591	10.667	6.629	13.199	28.951
   47 --    48	15.914	9.233	11.464	5.659	12.203	30.314
   48 --    49	15.459	8.965	11.132	6.307	11.631	29.696
   49 --    50	15.467	8.330	10.343	6.631	11.967	28.697
   50 --    51	15.963	7.977	9.905	5.792	11.969	27.594
   51 --    52	16.315	7.964	9.889	5.038	13.538	27.577
   52 --    53	16.091	8.361	10.382	5.124	12.382	27.771
   53 --    54	16.203	7.674	9.529	6.744	12.258	26.723
   54 --    55	16.395	7.357	9.135	7.898	12.977	25.549
   55 --    56	17.285	7.234	8.982	9.765	14.331	27.675
   56 --    57	18.590	6.414	7.964	11.765	15.221	27.825
   57 --    58	18.247	6.103	7.578	11.754	14.854	26.737
   58 --    59	18.245	6.091	7.564	11.177	15.143	26.867
   59 --    60	18.789	6.132	7.614	9.961	17.524	26.569
   60 --    61	20.079	6.721	8.345	10.954	17.635	29.530
   61 --    62	19.543	6.634	8.237	10.082	18.685	28.866
   62 --    63	19.251	7.076	8.786	9.146	18.527	27.672
   63 --    64	19.546	8.206	10.190	8.200	18.600	29.649
   64 --    65	19.017	8.208	10.191	8.358	17.491	29.122
   65 --    66	18.216	7.985	9.915	8.061	16.972	28.038
   66 --    67	18.140	8.612	10.693	6.562	19.070	29.015
   67 --    68	19.085	8.697	10.799	7.693	20.145	31.593
   68 --    69	19.374	8.494	10.547	8.986	21.361	31.195
   69 --    70	19.041	9.520	11.821	7.745	22.266	30.236
   70 --    71	18.903	9.099	11.298	8.202	21.076	29.151
   71 --    72	18.518	9.032	11.215	7.814	20.087	28.299
   72 --    73	17.802	8.935	11.094	7.077	19.026	27.873
   73 --    74	17.796	8.934	11.094	7.065	20.299	28.041
   74 --    75	18.246	9.577	11.892	6.400	20.727	29.220
   75 --    76	18.904	10.185	12.646	5.310	24.300	28.821
   76 --    77	18.702	10.760	13.360	4.434	24.221	29.363
   77 --    78	18.212	10.688	13.271	3.378	22.985	28.905
   78 --    79	18.268	10.341	12.840	4.774	21.812	28.829
   79 --    80	18.987	10.251	12.728	6.671	20.731	30.945
   80 --    81	19.427	10.097	12.537	7.255	20.512	31.166
   81 --    82	18.793	10.453	12.979	6.011	20.103	30.245
   82 --    83	18.903	10.787	13.394	4.931	20.688	31.050
   83 --    84	18.827	10.258	12.737	4.938	19.968	30.256
   84 --    85	19.104	10.355	12.857	5.120	22.302	30.095
   85 --    86	19.745	10.475	13.006	4.031	24.620	31.095
   86 --    87	19.330	10.580	13.137	3.046	24.390	31.011
   87 --    88	18.893	10.460	12.988	3.658	23.602	31.293
   88 --    89	18.210	10.316	12.809	3.143	22.520	30.617
   89 --    90	18.282	9.838	12.216	3.538	21.577	31.046
   90 --    91	17.785	9.629	11.956	3.138	21.985	30.015
   91 --    92	17.887	10.312	12.804	2.263	23.378	30.560
   92 --    93	17.944	10.640	13.211	1.801	23.921	30.078
   93 --    94	18.920	10.605	13.168	4.282	25.289	29.123
   94 --    95	19.306	11.038	13.705	5.017	26.773	30.215
   95 --    96	18.999	11.243	13.960	4.406	26.761	29.098
   96 --    97	18.745	10.478	13.010	5.963	25.597	28.868
   97 --    98	19.549	9.290	11.535	7.963	24.772	30.005
   98 --    99	20.111	9.072	11.264	8.567	24.629	30.927
   99 --   100	20.098	9.315	11.566	8.931	24.226	31.289
  100 --   101	19.484	9.330	11.585	8.131	22.016	30.136
  101 --   102	19.805	9.410	11.684	7.130	22.317	30.029
  102 --   103	19.576	9.928	12.328	6.133	22.457	29.943
  103 --   104	19.339	9.611	11.934	7.580	21.965	30.281
  104 --   105	19.664	9.316	11.568	7.525	23.265	30.538
  105 --   106	19.158	9.533	11.837	7.009	22.292	31.135
  106 --   107	18.816	9.656	11.989	7.432	21.280	31.372
  107 --   108	18.997	9.768	12.129	7.007	21.973	31.416
  108 --   109	18.459	9.929	12.328	6.038	21.333	30.705
  109 --   110	17.849	10.389	12.899	5.026	20.267	31.046
  110 --   111	17.676	9.586	11.903	5.539	19.391	30.135
  111 --   112	18.468	9.165	11.379	7.125	20.815	30.021
  112 --   113	18.555	9.972	12.382	6.044	21.051	31.028
  113 --   114	18.939	10.311	12.803	5.169	22.001	31.520
  114 --   115	18.373	10.950	13.596	4.064	20.839	32.158
  115 --   116	18.221	10.734	13.329	3.011	22.329	31.163
  116 --   117	17.943	11.067	13.742	2.121	22.994	31.088
  117 --   118	18.158	11.968	14.860	0.959	25.347	31.141
  118 --   119	17.544	11.709	14.538	1.213	25.175	30.183
  119 --   120	17.138	11.878	14.748	1.219	24.135	31.214
  120 --   121	16.423	11.333	14.072	2.147	23.005	29.998
  121 --   122	15.697	11.684	14.507	1.033	22.175	30.200
  122 --   123	15.432	12.181	15.124	0.088	21.231	29.988
  123 --   124	15.473	11.906	14.783	1.133	20.660	29.649
  124 --   125	15.297	11.482	14.256	1.688	19.335	30.043
  125 --   126	15.207	11.042	13.710	0.904	20.043	29.078
  126 --   127	17.125	10.020	12.441	2.706	21.736	29.491
  127 --   128	16.646	9.744	12.099	3.001	20.642	29.139
  128 --   129	16.958	9.276	11.518	3.720	19.725	28.213
  129 --   130	17.407	9.560	11.870	3.412	18.668	28.875
  130 --   131	17.512	9.365	11.629	3.764	19.110	28.078
  131 --   132	18.743	10.243	12.719	2.705	20.731	29.910
  132 --   133	17.972	10.407	12.921	2.083	19.679	30.153
  133 --   134	17.765	10.806	13.418	1.657	19.114	30.549
  134 --   135	18.774	9.963	12.371	4.544	19.716	31.353
  135 --   136	19.059	9.634	11.962	5.899	18.730	31.154
  136 --   137	19.613	8.705	10.808	8.759	18.408	31.625
  137 --   138	19.265	8.653	10.744	7.825	19.143	31.163
  138 --   139	18.856	8.642	10.730	6.774	20.989	29.922
  139 --   140	19.066	8.835	10.970	7.342	21.508	29.897
  140 --   141	19.257	9.500	11.796	6.941	20.594	30.134
  141 --   142	19.054	9.669	12.006	6.163	19.653	30.808
  142 --   143	18.601	9.237	11.469	7.063	18.628	30.331
  143 --   144	18.392	9.563	11.875	5.960	17.657	31.509
  144 --   145	17.752	10.012	12.431	4.840	17.200	32.034
  145 --   146	17.094	10.620	13.186	3.832	15.945	33.153
  146 --   147	16.798	10.735	13.329	3.378	16.447	32.329
  147 --   148	17.140	10.482	13.015	3.555	18.385	31.099
  148 --   149	17.326	10.493	13.028	3.613	18.680	30.709
  149 --   150	17.180	10.926	13.566	3.193	19.068	31.087
  150 --   151	17.560	10.905	13.541	2.951	19.818	29.998
  151 --   152	18.336	10.318	12.811	4.358	20.997	29.789
  152 --   153	18.945	9.443	11.725	6.864	20.991	30.335
  153 --   154	18.470	9.669	12.005	5.555	21.731	29.658
  154 --   155	18.762	10.142	12.593	5.790	20.398	30.397
  155 --   156	18.148	9.896	12.287	5.935	19.320	29.392
  156 --   157	18.246	9.949	12.353	5.791	18.948	30.845
  157 --   158	19.020	9.569	11.881	7.782	21.771	31.331
  158 --   159	19.013	9.252	11.487	6.770	22.402	30.182
  159 --   160	19.302	9.202	11.426	7.717	21.475	31.212
  160 --   161	19.232	8.928	11.085	6.916	20.646	30.107
  161 --   162	18.808	9.200	11.424	5.451	20.847	30.223
  162 --   163	18.986	9.749	12.105	5.718	20.817	30.052
  163 --   164	19.141	9.223	11.452	7.811	20.155	29.192
  164 --   165	19.559	9.765	12.125	6.962	20.949	30.770
  165 --   166	19.784	9.599	11.918	7.827	22.429	31.142
  166 --   167	19.833	10.497	13.034	6.428	24.810	30.546
  167 --   168	19.340	10.960	13.609	5.862	24.841	31.191
  168 --   169	18.664	10.739	13.335	5.326	23.945	30.596
  169 --   170	19.174	10.624	13.192	6.511	22.860	31.299
  170 --   171	18.571	10.882	13.512	5.503	21.925	30.037
  171 --   172	18.727	10.859	13.484	5.332	21.076	30.692
  172 --   173	18.940	10.448	12.973	6.550	19.887	30.836
  173 --   174	19.479	9.315	11.566	8.132	18.744	30.247
  174 --   175	19.294	9.280	11.522	7.501	18.604	30.159
  175 --   176	19.299	9.430	11.710	7.396	18.855	31.261
  176 --   177	19.327	9.259	11.496	8.268	19.189	31.749
  177 --   178	19.419	8.528	10.589	8.760	19.190	31.331
  178 --   179	19.339	8.412	10.445	7.678	20.203	30.880
  179 --   180	19.911	8.671	10.766	6.618	21.224	31.335
  180 --   181	19.842	9.068	11.259	5.510	22.433	30.157
  181 --   182	19.251	9.570	11.882	4.758	20.457	30.131
  182 --   183	19.382	9.367	11.630	5.638	21.379	30.035
  183 --   184	19.370	9.357	11.618	5.100	21.679	29.283
  184 --   185	19.335	9.199	11.423	6.447	20.573	30.637
  185 --   186	18.968	9.324	11.577	5.409	19.675	31.192
  186 --   187	18.633	9.631	11.959	4.580	18.919	31.218
  187 --   188	18.398	10.125	12.572	3.992	17.826	31.040
  188 --   189	17.564	10.759	13.359	2.515	16.611	30.952
  189 --   190	17.340	11.275	14.000	1.548	15.976	31.333
  190 --   191	17.082	10.671	13.250	1.578	15.957	30.170
  191 --   192	17.744	10.676	13.256	1.937	15.615	30.366
  192 --   193	18.032	10.943	13.588	0.446	16.553	30.122
  193 --   194	18.623	10.837	13.456	1.579	18.606	30.517
  194 --   195	18.511	11.349	14.092	1.395	17.220	31.508
  195 --   196	18.114	10.625	13.192	1.754	16.799	30.157
  196 --   197	18.799	10.231	12.703	3.979	15.687	30.804
  197 --   198	19.073	10.397	12.910	3.690	15.466	31.315
  198 --   199	18.690	10.210	12.678	3.557	15.043	30.169
  199 --   200	18.999	10.122	12.568	5.066	14.891	30.848
  200 --   201	18.167	9.845	12.225	5.085	13.782	29.806
  201 --   202	17.928	9.884	12.273	5.427	13.408	30.054
  202 --   203	19.064	9.544	11.851	5.807	17.052	30.427
  203 --   204	19.014	9.030	11.212	7.139	16.744	29.440
  204 --   205	19.671	9.886	12.275	7.070	16.417	31.862
  205 --   206	19.727	9.350	11.609	7.575	15.860	31.075
  206 --   207	19.667	9.679	12.018	6.387	15.243	31.043
  207 --   208	18.983	10.100	12.541	5.130	14.475	31.071
  208 --   209	18.716	9.980	12.391	4.246	15.171	30.619
  209 --   210	19.053	10.622	13.190	3.134	15.792	31.253
  210 --   211	18.305	10.421	12.940	2.317	16.522	29.947
  211 --   212	18.896	10.666	13.244	2.471	18.220	30.715
  212 --   213	18.875	10.874	13.502	2.597	18.017	31.457
  213 --   214	19.287	10.323	12.818	4.116	20.761	30.861
  214 --   215	20.225	10.649	13.222	6.067	21.365	31.879
  215 --   216	19.559	10.518	13.060	5.609	21.702	30.949
  216 --   217	19.818	10.171	12.629	6.774	22.239	31.593
  217 --   218	20.600	9.420	11.697	7.430	22.642	31.332
  218 --   219	20.316	9.258	11.496	6.175	22.316	30.183
  219 --   220	20.513	9.865	12.249	5.783	23.149	30.917
  220 --   221	20.031	9.294	11.540	7.117	22.300	30.033
  221 --   222	20.300	9.212	11.438	9.331	21.171	30.375
  222 --   223	19.799	9.212	11.438	9.260	20.486	30.324
  223 --   224	19.237	9.710	12.056	7.845	21.171	29.720
  224 --   225	19.544	8.979	11.148	8.641	20.055	29.466
  225 --   226	19.424	9.175	11.392	8.262	18.945	30.515
  226 --   227	18.864	9.841	12.219	7.130	17.999	30.317
  227 --   228	18.821	9.439	11.720	8.188	17.628	30.244
  228 --   229	19.740	8.799	10.925	9.886	16.756	30.804
  229 --   230	20.769	8.592	10.669	11.212	17.331	31.316
  230 --   231	20.509	8.597	10.674	10.950	17.062	31.378
  231 --   232	20.507	9.680	12.020	9.595	17.976	32.516
  232 --   233	21.204	8.515	10.573	10.803	21.143	31.362
  233 --   234	21.672	7.478	9.285	11.964	20.610	30.796
  234 --   235	21.764	7.795	9.679	12.138	19.772	31.469
  235 --   236	20.758	7.706	9.568	11.545	18.789	30.492
  236 --   237	21.057	7.973	9.900	12.226	17.811	31.515
  237 --   238	20.367	7.786	9.667	11.418	17.003	30.346
  238 --   239	20.018	8.123	10.086	11.574	15.819	30.565
  239 --   240	20.433	8.053	10.000	12.437	15.868	30.383
  240 --   241	20.619	7.842	9.737	11.344	18.786	30.117
  241 --   242	21.244	7.943	9.863	10.742	21.393	30.224
  242 --   243	21.553	7.578	9.409	11.383	21.948	30.215
  243 --   244	21.718	6.820	8.468	12.762	21.927	29.453
  244 --   245	22.725	6.354	7.890	14.362	21.295	30.255
  245 --   246	23.164	6.220	7.723	14.258	22.030	30.554
  246 --   247	23.486	6.541	8.122	14.881	22.069	31.069
  247 --   248	23.000	6.732	8.359	14.502	21.318	31.062
  248 --   249	22.314	6.973	8.658	13.133	21.612	30.800
  249 --   250	21.999	7.620	9.461	12.049	20.579	31.255
  250 --   251	21.767	6.950	8.630	12.551	20.246	30.101
  251 --   252	22.094	6.350	7.885	15.429	20.416	30.343
  252 --   253	22.547	6.184	7.679	15.097	20.846	30.053
  253 --   254	23.115	5.490	6.817	17.381	21.573	29.850
  254 --   255	23.237	5.505	6.835	16.396	21.049	29.920
  255 --   256	22.814	5.402	6.707	15.544	22.988	29.016
  256 --   257	23.450	5.290	6.568	14.298	23.129	29.089
  257 --   258	23.660	5.625	6.984	13.412	25.602	28.788
  258 --   259	24.301	6.307	7.831	12.860	27.694	30.137
  259 --   260	25.750	6.697	8.315	14.236	29.295	31.707
  260 --   261	25.883	7.424	9.218	13.046	29.490	33.228
  261 --   262	26.156	7.005	8.698	13.268	29.752	32.359
  262 --   263	25.550	6.694	8.312	13.486	29.565	31.300
  263 --   264	26.180	6.285	7.803	14.470	28.480	31.664
  264 --   265	27.389	5.582	6.931	16.779	29.573	32.259
  265 --   266	26.387	5.066	6.290	16.775	28.160	31.053
  266 --   267	26.499	5.641	7.004	15.690	29.377	30.901
  267 --   268	26.847	5.345	6.636	16.540	28.271	31.550
  268 --   269	26.630	4.603	5.715	17.689	28.187	30.114
  269 --   270	27.134	4.072	5.056	19.507	29.444	30.289
  270 --   271	27.380	4.443	5.517	19.181	28.997	31.906
  271 --   272	27.833	5.060	6.283	18.259	28.862	32.540
  272 --   273	27.515	5.575	6.922	17.229	28.372	33.498
  273 --   274	27.799	5.185	6.438	18.160	28.916	32.453
  274 --   275	27.522	4.410	5.476	19.202	28.253	31.396
  275 --   276	27.642	4.053	5.032	19.893	28.919	31.159
  276 --   277	27.769	3.620	4.495	20.819	29.331	31.050
  277 --   278	27.749	4.052	5.031	19.724	29.306	30.669
  278 --   279	27.920	4.614	5.729	18.813	29.888	31.291
  279 --   280	27.793	4.205	5.221	19.438	29.916	30.308
  280 --   281	27.542	3.543	4.399	20.663	28.972	30.535
  281 --   282	28.342	3.551	4.410	21.470	29.548	31.543
  282 --   283	28.252	3.766	4.676	20.949	29.085	31.233
  283 --   284	29.021	3.612	4.485	21.884	30.778	31.425
  284 --   285	30.206	2.432	3.020	25.354	31.386	31.613
  285 --   286	29.683	2.198	2.729	25.319	30.506	31.147
  286 --   287	30.041	2.761	3.428	24.622	31.066	32.383
  287 --   288	30.474	1.497	1.859	28.241	30.344	32.924
  288 --   289	30.001	1.384	1.719	28.261	29.654	32.357
  289 --   290	30.307	1.138	1.413	28.541	30.015	31.644
  290 --   291	29.844	0.945	1.173	28.940	29.481	31.476
  291 --   292	30.051	1.241	1.541	28.147	30.184	31.878
  292 --   293	30.249	1.147	1.424	28.280	30.870	31.302
  293 --   294	30.186	1.409	1.750	28.069	30.047	32.298
  294 --   295	29.762	1.775	2.203	26.899	29.605	31.754
  295 --   296	29.828	1.599	1.985	27.929	30.448	32.135
  296 --   297	29.705	1.181	1.467	28.007	29.759	31.512
  297 --   298	29.743	1.496	1.858	27.888	30.453	31.776
  298 --   299	29.625	1.607	1.996	27.137	29.784	31.886
  299 --   300	29.593	1.431	1.776	27.232	30.527	30.802
  300 --   301	29.918	1.391	1.727	27.482	30.189	31.487
  301 --   302	29.921	1.817	2.256	26.626	30.160	31.995
  302 --   303	29.398	2.169	2.693	25.473	29.651	31.425
  303 --   304	29.044	2.493	3.096	24.762	29.325	31.821
  304 --   305	28.448	2.633	3.269	23.959	29.526	31.339
  305 --   306	27.363	2.642	3.280	22.798	28.536	30.350
  306 --   307	28.011	3.262	4.050	21.844	29.704	31.067
  307 --   308	27.626	3.413	4.238	21.070	28.203	30.364
  308 --   309	28.359	3.851	4.781	20.680	30.182	30.720
  309 --   310	29.012	4.097	5.087	20.996	30.614	32.268
  310 --   311	28.782	3.554	4.413	21.778	30.262	31.370
  311 --   312	29.011	3.954	4.909	21.501	29.975	32.357
  312 --   313	28.334	3.927	4.876	20.783	29.611	31.412
  313 --   314	28.057	4.432	5.503	19.566	28.963	31.799
  314 --   315	28.176	4.758	5.907	18.754	30.051	31.422
  315 --   316	28.057	5.194	6.450	17.722	30.469	31.583
  316 --   317	28.103	4.884	6.064	18.343	30.464	30.820
  317 --   318	28.355	4.312	5.354	19.752	30.229	30.926
  318 --   319	28.827	3.289	4.084	22.347	30.036	31.223
  319 --   320	29.361	3.492	4.336	22.555	30.326	32.256
  320 --   321	29.134	3.810	4.731	21.691	30.963	31.913
  321 --   322	28.903	4.284	5.320	20.528	30.201	32.312
  322 --   323	28.647	4.648	5.771	19.399	30.691	31.661
  323 --   324	29.346	3.859	4.791	21.736	30.761	32.407
  324 --   325	29.028	3.980	4.942	21.251	31.316	31.678
  325 --   326	28.556	3.724	4.624	21.170	30.291	31.128
  326 --   327	29.579	2.605	3.235	24.390	30.903	31.106
  327 --   328	29.020	2.595	3.223	23.880	30.523	30.552
  328 --   329	28.626	2.895	3.595	23.037	29.587	31.336
  329 --   330	29.021	3.506	4.353	22.067	30.519	31.555
  330 --   331	29.071	4.029	5.003	21.220	30.488	32.450
  331 --   332	29.381	3.982	4.944	21.525	31.472	31.997
  332 --   333	29.316	2.760	3.427	23.984	30.648	31.474
  333 --   334	29.355	3.341	4.148	22.900	30.349	32.379
  334 --   335	29.470	3.504	4.351	22.487	31.198	31.562
  335 --   336	29.280	3.207	3.982	22.916	30.555	31.465
  336 --   337	28.994	3.738	4.642	21.563	30.744	31.394
  337 --   338	28.992	3.334	4.139	22.342	30.559	30.995
  338 --   339	29.228	2.656	3.298	23.951	30.338	30.928
  339 --   340	29.082	2.892	3.591	23.317	30.371	30.940
  340 --   341	28.648	2.076	2.578	24.687	29.256	30.785
  341 --   342	28.831	2.338	2.903	24.168	29.876	30.323
  342 --   343	28.147	2.446	3.037	23.288	29.387	29.643
  343 --   344	27.767	2.554	3.171	22.724	28.723	29.673
  344 --   345	28.019	2.427	3.013	23.338	29.144	30.229
  345 --   346	28.359	2.955	3.669	22.795	28.927	30.976
  346 --   347	28.914	2.808	3.487	23.576	30.391	31.344
  347 --   348	28.934	1.612	2.001	25.990	29.823	30.338
  348 --   349	29.569	2.344	2.911	25.702	30.627	32.227
  349 --   350	29.896	2.522	3.132	25.654	30.550	32.435
  350 --   351	29.726	1.785	2.216	27.461	30.077	31.951
  351 --   352	29.834	1.782	2.213	27.793	30.357	32.330
  352 --   353	29.592	1.637	2.033	27.551	29.693	31.858
  353 --   354	29.324	1.084	1.346	28.071	29.552	30.946
  354 --   355	28.686	1.104	1.371	27.215	29.348	29.734
  355 --   356	28.068	1.578	1.960	26.373	27.930	30.790
  356 --   357	28.195	2.133	2.649	25.482	29.166	30.749
  357 --   358	27.952	2.215	2.751	25.093	28.587	31.080
  358 --   359	27.900	1.730	2.148	25.516	28.067	30.787
  359 --   360	27.865	2.024	2.513	25.149	27.247	31.196
  360 --   361	27.544	2.387	2.964	24.046	27.450	30.995
  361 --   362	27.398	2.349	2.917	23.281	28.376	30.102
  362 --   363	27.209	3.056	3.794	21.882	28.235	30.884
  363 --   364	27.384	3.101	3.850	22.874	27.964	31.979
  364 --   365	27.318	2.604	3.233	24.120	27.264	31.550
  365 --   366	27.380	3.049	3.786	23.704	26.908	32.628
  366 --   367	27.125	3.173	3.940	23.375	27.332	32.254
  367 --   368	26.405	3.529	4.382	22.233	26.061	31.285
  368 --   369	27.082	3.828	4.753	21.067	26.371	31.270
  369 --   370	27.532	4.199	5.213	20.043	27.405	31.533
  370 --   371	27.512	3.756	4.664	21.733	26.314	32.026
  371 --   372	27.668	3.483	4.325	24.286	25.202	32.507
  372 --   373	27.393	3.235	4.017	24.120	25.535	31.450
  373 --   374	27.123	3.101	3.850	23.584	26.867	30.983
  374 --   375	27.272	3.675	4.564	22.348	28.453	31.190
  375 --   376	26.879	3.614	4.487	22.268	28.140	30.610
  376 --   377	27.024	4.251	5.278	22.406	26.263	32.510
  377 --   378	27.969	4.140	5.140	23.115	27.117	33.479
  378 --   379	28.242	3.481	4.322	23.455	27.682	33.266
  379 --   380	28.768	2.362	2.932	25.325	29.214	32.117
  380 --   381	28.985	2.245	2.787	25.184	29.078	31.354
  381 --   382	28.642	2.102	2.610	25.135	29.194	31.021
  382 --   383	28.506	2.728	3.388	24.905	28.844	32.898
  383 --   384	28.288	2.991	3.714	23.721	29.972	31.751
  384 --   385	27.927	2.668	3.313	23.146	29.050	30.585
  385 --   386	27.858	2.155	2.676	23.620	28.735	29.571
  386 --   387	28.061	2.230	2.768	23.646	29.026	29.683
  387 --   388	28.261	3.017	3.746	22.443	29.408	30.766
  388 --   389	27.885	3.457	4.292	21.353	30.018	30.547
  389 --   390	27.874	3.874	4.811	20.635	29.936	31.065
  390 --   391	27.688	4.065	5.047	19.907	29.828	31.019
  391 --   392	29.060	3.125	3.880	24.005	30.872	32.253
  392 --   393	29.968	2.961	3.676	25.321	31.414	33.669
  393 --   394	30.720	1.756	2.180	27.935	31.287	32.812
  394 --   395	30.438	1.922	2.387	26.810	31.066	32.368
  395 --   396	30.069	2.211	2.745	26.032	30.525	32.814
  396 --   397	29.835	2.517	3.125	24.978	30.990	31.917
  397 --   398	29.279	2.708	3.363	23.934	30.592	31.271
  398 --   399	29.456	2.596	3.223	24.451	30.773	31.521
  399 --   400	29.116	2.713	3.369	23.938	29.541	31.543
  400 --   401	29.455	2.828	3.511	23.908	30.400	31.746
  401 --   402	29.863	3.173	3.940	23.880	30.613	33.057
  402 --   403	29.123	3.300	4.098	22.971	29.802	32.799
  403 --   404	29.014	2.905	3.607	23.834	29.576	31.887
  404 --   405	28.656	2.713	3.369	23.738	29.322	31.102
  405 --   406	28.507	3.086	3.832	22.623	29.389	31.731
  406 --   407	28.931	2.421	3.006	24.760	29.365	31.268
  407 --   408	28.751	1.623	2.016	25.854	29.615	30.213
  408 --   409	28.589	1.504	1.868	25.718	28.999	30.006
  409 --   410	28.710	2.163	2.685	24.541	29.315	30.555
  410 --   411	28.688	2.681	3.329	23.979	29.297	31.825
  411 --   412	29.422	3.081	3.826	24.963	30.034	33.950
  412 --   413	29.918	3.497	4.342	24.574	31.016	34.949
  413 --   414	30.031	3.252	4.038	24.759	30.744	34.646
  414 --   415	29.243	3.350	4.159	23.588	30.167	33.403
  415 --   416	28.776	3.464	4.301	22.828	30.637	32.525
  416 --   417	28.042	3.570	4.433	21.815	30.367	31.045
  417 --   418	27.307	3.847	4.776	20.679	29.303	30.918
  418 --   419	26.556	3.929	4.878	19.927	29.482	29.754
  419 --   420	26.369	3.665	4.551	20.544	29.001	29.736
  420 --   421	26.579	2.757	3.423	22.269	28.238	29.112
  421 --   422	26.661	2.237	2.778	23.069	27.389	28.967
  422 --   423	26.486	3.262	4.050	21.875	26.633	30.111
  423 --   424	26.471	3.976	4.937	20.862	27.177	30.680
  424 --   425	26.413	3.802	4.721	21.802	27.826	30.550
  425 --   426	25.978	3.491	4.335	20.838	27.319	29.635
  426 --   427	25.839	2.514	3.121	22.327	26.444	28.856
  427 --   428	25.108	2.798	3.474	21.315	25.429	28.941
  428 --   429	25.407	2.652	3.292	21.536	24.805	28.770
  429 --   430	25.235	2.203	2.736	22.469	25.808	27.928
  430 --   431	25.686	2.714	3.370	21.794	26.631	28.466
  431 --   432	25.278	2.704	3.357	20.661	26.598	27.983
  432 --   433	25.757	3.563	4.424	19.703	26.962	29.838
  433 --   434	25.122	4.000	4.967	18.695	25.465	29.285
  434 --   435	24.660	3.754	4.661	18.354	24.662	28.825
  435 --   436	25.721	3.252	4.038	20.437	25.950	30.368
  436 --   437	25.431	3.373	4.188	19.700	26.059	30.145
  437 --   438	24.680	3.825	4.749	18.708	25.041	30.722
  438 --   439	24.332	3.932	4.882	17.704	24.378	30.009
  439 --   440	23.818	4.131	5.130	16.868	23.266	29.172
  440 --   441	24.025	4.946	6.142	15.703	24.087	30.610
  441 --   442	23.720	5.190	6.444	15.075	23.217	31.020
  442 --   443	23.526	4.930	6.121	14.962	24.543	30.195
  443 --   444	23.653	4.820	5.984	14.800	24.103	29.192
  444 --   445	23.014	4.825	5.991	14.120	23.619	28.277
  445 --   446	22.970	4.437	5.509	14.866	24.670	27.987
  446 --   447	22.618	4.731	5.874	13.971	24.072	27.954
  447 --   448	22.084	4.432	5.503	13.879	22.976	27.142
  448 --   449	21.646	4.621	5.738	13.223	22.544	27.381
  449 --   450	22.511	5.492	6.819	12.347	23.788	28.750
  450 --   451	22.178	5.738	7.125	11.393	23.815	28.053
  451 --   452	22.049	5.739	7.126	11.103	23.020	27.128
  452 --   453	21.714	5.500	6.829	11.166	23.949	26.296
  453 --   454	21.520	5.715	7.096	10.201	24.410	25.393
  454 --   455	21.751	6.048	7.510	9.684	24.850	25.312
  455 --   456	23.100	5.933	7.366	11.475	24.962	28.080
  456 --   457	22.904	5.915	7.344	11.475	24.833	28.335
  457 --   458	22.434	5.548	6.889	11.724	24.255	27.221
  458 --   459	22.888	6.134	7.616	11.779	24.003	30.016
  459 --   460	22.619	6.426	7.979	11.343	24.209	30.800
  460 --   461	22.310	5.295	6.574	13.782	23.272	29.873
  461 --   462	22.538	4.879	6.058	16.733	22.464	31.117
  462 --   463	22.133	4.432	5.502	17.680	22.318	30.031
  463 --   464	21.502	4.747	5.894	16.995	21.441	30.138
  464 --   465	21.116	5.390	6.693	16.283	20.514	31.112
  465 --   466	20.666	5.284	6.561	15.562	19.593	30.680
  466 --   467	20.841	5.211	6.470	15.757	20.161	30.489
  467 --   468	21.485	5.285	6.563	16.414	20.446	31.180
  468 --   469	21.537	4.911	6.097	16.832	20.254	30.096
  469 --   470	21.764	5.187	6.441	16.338	19.676	30.932
  470 --   471	21.478	5.425	6.737	15.350	19.227	30.018
  471 --   472	21.250	5.584	6.934	15.327	19.540	30.507
  472 --   473	20.918	5.200	6.457	15.500	20.477	29.835
  473 --   474	20.977	4.917	6.105	14.348	21.483	29.067
  474 --   475	20.411	5.545	6.885	12.575	20.272	29.333
  475 --   476	19.854	5.430	6.742	12.716	19.608	28.951
  476 --   477	20.049	5.657	7.024	12.882	20.588	29.343
  477 --   478	20.469	5.925	7.357	13.063	22.765	29.155
  478 --   479	19.953	5.682	7.055	12.634	22.032	27.854
  479 --   480	20.429	5.431	6.743	11.954	22.844	27.297
  480 --   481	21.091	6.469	8.033	11.702	22.916	29.595
  481 --   482	21.914	6.973	8.658	12.090	22.944	31.923
  482 --   483	22.942	8.139	10.107	12.431	24.043	35.019
  483 --   484	23.669	7.030	8.729	14.587	24.164	34.032
  484 --   485	23.929	7.268	9.025	13.510	26.044	32.998
  485 --   486	23.760	7.639	9.485	12.638	27.502	32.142
  486 --   487	23.771	7.385	9.170	12.463	28.208	31.697
  487 --   488	23.294	7.233	8.981	12.636	27.818	31.362
  488 --   489	23.459	7.014	8.709	12.983	26.777	31.299
  489 --   490	22.850	6.818	8.465	12.770	25.510	31.298
  490 --   491	22.655	6.771	8.408	11.845	24.690	30.452
  491 --   492	23.272	6.991	8.680	11.910	24.131	31.613
  492 --   493	23.113	6.837	8.490	12.102	23.080	30.375
  493 --   494	23.744	8.018	9.955	11.033	23.942	33.415
  494 --   495	23.651	8.547	10.612	9.888	26.017	33.388
  495 --   496	24.093	8.807	10.935	9.637	28.983	33.334
  496 --   497	24.167	8.095	10.051	9.721	28.661	32.258
  497 --   498	24.301	7.728	9.595	9.521	28.165	31.323
  498 --   499	24.623	7.843	9.739	9.256	29.034	30.213
  499 --   500	24.377	8.280	10.281	8.281	29.252	29.894
  500 --   501	23.847	8.750	10.865	7.038	28.076	31.042
  501 --   502	23.758	9.249	11.485	6.022	27.080	30.983
  502 --   503	23.664	9.633	11.961	5.147	27.814	30.957
  503 --   504	23.496	9.637	11.966	4.826	27.511	30.939
  504 --   505	23.891	9.929	12.328	4.331	27.443	30.811
  505 --   506	23.487	10.246	12.723	3.230	28.266	30.426
  506 --   507	22.971	10.533	13.078	2.246	28.548	30.623
  507 --   508	22.324	10.613	13.178	1.481	27.578	30.286
  508 --   509	21.769	10.408	12.924	1.501	26.584	30.636
  509 --   510	21.664	10.179	12.638	1.686	26.491	29.402
  510 --   511	21.591	10.233	12.707	1.553	25.747	29.073
  511 --   512	21.710	10.884	13.514	0.474	24.519	29.968
  512 --   513	22.121	10.942	13.586	0.814	25.865	30.397
  513 --   514	22.802	10.480	13.013	2.650	27.802	30.938
  514 --   515	22.754	9.598	11.918	4.461	28.221	29.668
  515 --   516	22.747	9.731	12.082	4.431	27.300	30.640
  516 --   517	23.353	9.644	11.975	4.510	27.103	30.944
  517 --   518	23.480	9.232	11.463	5.249	27.243	30.651
  518 --   519	23.352	8.697	10.798	6.249	26.178	29.812
  519 --   520	23.721	8.371	10.394	7.720	25.361	30.879
  520 --   521	24.172	6.938	8.615	11.187	25.781	30.755
  521 --   522	23.921	7.423	9.217	10.222	25.910	30.694
  522 --   523	24.611	7.139	8.864	11.507	28.012	31.166
  523 --   524	24.624	7.034	8.734	11.653	27.752	30.856
  524 --   525	24.674	6.958	8.639	11.418	29.123	29.703
  525 --   526	25.014	7.385	9.170	10.372	28.822	29.876
  526 --   527	24.478	7.669	9.522	9.502	27.701	30.850
  527 --   528	23.854	7.877	9.780	8.355	26.654	30.167
  528 --   529	23.519	8.256	10.251	7.248	26.514	29.644
  529 --   530	22.758	8.461	10.505	6.187	25.419	28.948
  530 --   531	23.867	7.661	9.513	8.790	26.943	29.234
  531 --   532	23.449	7.593	9.428	8.475	27.233	28.456
  532 --   533	23.517	7.240	8.990	9.515	27.094	29.411
  533 --   534	23.056	7.683	9.540	8.295	26.785	29.290
  534 --   535	23.311	7.370	9.151	8.916	26.655	29.461
  535 --   536	23.018	7.372	9.153	8.480	26.183	28.712
  536 --   537	23.494	8.323	10.334	7.543	25.138	30.722
  537 --   538	23.634	8.016	9.953	8.260	26.141	29.916
  538 --   539	23.568	7.218	8.963	10.260	24.838	30.903
  539 --   540	24.444	6.833	8.484	12.099	26.343	31.257
  540 --   541	23.970	6.695	8.313	11.591	25.950	30.534
  541 --   542	24.103	6.840	8.493	11.078	26.033	30.979
  542 --   543	23.834	7.305	9.070	9.616	26.591	30.358
  543 --   544	23.770	6.951	8.630	10.795	25.720	31.567
  544 --   545	23.110	6.966	8.649	10.082	25.287	30.818
  545 --   546	22.441	7.151	8.879	9.145	24.531	30.346
  546 --   547	22.444	7.586	9.419	8.576	25.235	30.992
  547 --   548	22.648	7.485	9.293	9.292	25.423	30.828
  548 --   549	21.629	7.578	9.410	8.117	24.533	29.511
  549 --   550	20.933	7.419	9.212	7.663	23.781	28.629
  550 --   551	21.120	6.964	8.646	8.141	24.596	27.719
  551 --   552	20.842	7.145	8.871	7.800	23.044	29.055
  552 --   553	20.873	6.633	8.235	9.106	22.266	29.315
  553 --   554	20.805	7.513	9.328	7.974	22.453	30.840
  554 --   555	20.438	7.477	9.284	7.573	23.299	29.935
  555 --   556	19.799	7.421	9.214	7.022	22.808	29.115
  556 --   557	19.934	7.384	9.168	5.961	21.853	27.881
  557 --   558	19.296	7.574	9.405	4.960	20.823	27.249
  558 --   559	18.395	7.603	9.440	3.961	20.173	26.280
  559 --   560	17.586	7.708	9.571	3.217	19.054	26.252
  560 --   561	17.600	8.304	10.311	2.730	18.747	28.126
  561 --   562	17.081	7.686	9.543	3.214	18.699	26.067
  562 --   563	17.741	7.258	9.012	5.146	18.407	25.927
  563 --   564	17.671	6.699	8.317	6.957	17.418	26.088
  564 --   565	18.058	6.162	7.651	9.430	17.359	26.472
  565 --   566	18.596	6.886	8.551	9.497	18.752	28.518
  566 --   567	18.469	6.924	8.597	10.172	18.752	28.941
  567 --   568	18.978	6.747	8.378	11.421	18.752	28.435
  568 --   569	18.681	6.453	8.012	11.512	18.521	27.427
  569 --   570	18.417	6.996	8.686	10.327	17.792	28.972
  570 --   571	18.107	6.742	8.371	9.350	16.712	28.589
  571 --   572	17.711	7.224	8.969	8.369	15.660	29.581
  572 --   573	17.816	7.321	9.090	7.958	15.764	29.990
  573 --   574	17.678	7.726	9.594	7.646	15.591	30.692
  574 --   575	17.184	8.222	10.209	6.571	14.685	30.957
  575 --   576	16.340	8.264	10.261	5.655	13.854	29.741
  576 --   577	16.190	7.771	9.649	6.324	14.329	28.629
  577 --   578	16.114	7.629	9.472	5.417	13.393	27.785
  578 --   579	16.084	6.831	8.482	7.165	12.997	26.766
  579 --   580	17.365	5.379	6.679	12.252	14.575	26.952
  580 --   581	17.218	5.357	6.652	12.658	13.984	27.079
  581 --   582	16.361	5.094	6.325	12.315	13.579	25.763
  582 --   583	16.474	4.313	5.355	12.539	15.248	24.631
  583 --   584	16.482	4.839	6.008	11.682	15.467	25.490
  584 --   585	16.562	4.977	6.179	10.653	15.892	25.734
  585 --   586	16.388	5.260	6.531	9.598	14.891	25.734
  586 --   587	16.045	6.077	7.545	8.699	13.712	26.887
  587 --   588	15.923	6.326	7.855	7.676	14.268	26.453
  588 --   589	15.305	6.304	7.827	6.717	14.130	25.599
  589 --   590	14.601	6.068	7.535	6.425	12.734	24.320
  590 --   591	14.365	5.936	7.370	7.143	12.095	23.819
  591 --   592	13.944	5.345	6.636	8.425	11.876	22.804
  592 --   593	13.700	5.584	6.933	8.169	11.735	22.692
  593 --   594	14.228	6.957	8.638	7.195	12.323	25.390
  594 --   595	14.366	7.470	9.275	6.258	13.036	25.780
  595 --   596	13.658	7.546	9.370	5.314	12.212	25.153
  596 --   597	12.973	8.241	10.233	4.121	11.124	25.730
  597 --   598	12.265	8.419	10.453	3.143	10.402	25.150
  598 --   599	13.054	7.483	9.291	4.357	10.229	25.359
  599 --   600	13.839	7.236	8.985	3.083	14.362	24.995
    0 --   600	21.776	3.694	4.587	17.688	22.025	27.382