0	1372.800000
1	1768.000000
2	1757.600000
3	1684.800000
4	1456.000000
5	1851.200000
6	1497.600000
7	1466.400000
8	1840.800000
9	1768.000000
10	1476.800000
11	1726.400000
12	1840.800000
13	1674.400000
14	1591.200000
15	1549.600000
16	1705.600000
17	1612.000000
18	1445.600000
19	1508.000000
20	1820.000000
21	1539.200000
22	1549.600000
23	1518.400000
24	1747.200000
25	1393.600000
26	1570.400000
27	1508.000000
28	1435.200000
29	1643.200000
30	1664.000000
31	1518.400000
32	1840.800000
33	1404.000000
34	1612.000000
35	1560.000000
36	1528.800000
37	1445.600000
38	1809.600000
39	1778.400000
40	1539.200000
41	1560.000000
42	1497.600000
43	1664.000000
44	1424.800000
45	1913.600000
46	1580.800000
47	1778.400000
48	1341.600000
49	1716.000000
50	1612.000000
51	1736.800000
52	1175.200000
53	1674.400000
54	1570.400000
55	1632.800000
56	1736.800000
57	1799.200000
58	1716.000000
59	1632.800000
60	1903.200000
61	1466.400000
62	1757.600000
63	1404.000000
64	1289.600000
65	1612.000000
66	1664.000000
67	1695.200000
68	1695.200000
69	1445.600000
70	1487.200000
71	1632.800000
72	1508.000000
73	1684.800000
74	1736.800000
75	1757.600000
76	1456.000000
77	1726.400000
78	1414.400000
79	1549.600000
80	1424.800000
81	1560.000000
82	1445.600000
83	1643.200000
84	1664.000000
85	1237.600000
86	1612.000000
87	1882.400000
88	1799.200000
89	1705.600000
90	1674.400000
91	1528.800000
92	1549.600000
93	1591.200000
94	1747.200000
95	1414.400000
96	1684.800000
97	1414.400000
98	1539.200000
99	1435.200000
100	1268.800000
101	1570.400000
102	1424.800000
103	1518.400000
104	1757.600000
105	1674.400000
106	1830.400000
107	1476.800000
108	1580.800000
109	1778.400000
110	1570.400000
111	1393.600000
112	1820.000000
113	1664.000000
114	1445.600000
115	1643.200000
116	1487.200000
117	1279.200000
118	1695.200000
119	1934.400000
120	1674.400000
121	1736.800000
122	1684.800000
123	1757.600000
124	1840.800000
125	1653.600000
126	1736.800000
127	1580.800000
128	1591.200000
129	1580.800000
130	1570.400000
131	1851.200000
132	1310.400000
133	1601.600000
134	1539.200000
135	1622.400000
136	1445.600000
137	1580.800000
138	1466.400000
139	1768.000000
140	1352.000000
141	1508.000000
142	1456.000000
143	1528.800000
144	1716.000000
145	1778.400000
146	1695.200000
147	1258.400000
148	1778.400000
149	1518.400000
150	1279.200000
151	1882.400000
152	1913.600000
153	1185.600000
154	1497.600000
155	1591.200000
156	1435.200000
157	1674.400000
158	1726.400000
159	1601.600000
160	1476.800000
161	1591.200000
162	1664.000000
163	1778.400000
164	1778.400000
165	1414.400000
166	1747.200000
167	1632.800000
168	1549.600000
169	1664.000000
170	1528.800000
171	1279.200000
172	1612.000000
173	1466.400000
174	1601.600000
175	1643.200000
176	1528.800000
177	1300.000000
178	1955.200000
179	1549.600000
180	1393.600000
181	1799.200000
182	1435.200000
183	1248.000000
184	1861.600000
185	1768.000000
186	1684.800000
187	1518.400000
188	1570.400000
189	1674.400000
190	1768.000000
191	1684.800000
192	1539.200000
193	1612.000000
194	1508.000000
195	1227.200000
196	1622.400000
197	1612.000000
198	1456.000000
199	1591.200000
200	1768.000000
201	1768.000000
202	1632.800000
203	1549.600000
204	1508.000000
205	1705.600000
206	1591.200000
207	1632.800000
208	1622.400000
209	1206.400000
210	1560.000000
211	1788.800000
212	1487.200000
213	1664.000000
214	1643.200000
215	1674.400000
216	1424.800000
217	1643.200000
218	1279.200000
219	1736.800000
220	1695.200000
221	1705.600000
222	1414.400000
223	1747.200000
224	1851.200000
225	1508.000000
226	1716.000000
227	1757.600000
228	1508.000000
229	1653.600000
230	1508.000000
231	1716.000000
232	1528.800000
233	1830.400000
234	1476.800000
235	1404.000000
236	1695.200000
237	1736.800000
238	1695.200000
239	1518.400000
240	1497.600000
241	1580.800000
242	1341.600000
243	1674.400000
244	1664.000000
245	1632.800000
246	1300.000000
247	1601.600000
248	1539.200000
249	1580.800000
250	1716.000000
251	1528.800000
252	1768.000000
253	1622.400000
254	1653.600000
255	1705.600000
256	1497.600000
257	1320.800000
258	1632.800000
259	1716.000000
260	1497.600000
261	1705.600000
262	1456.000000
263	1799.200000
264	1372.800000
265	1903.200000
266	1518.400000
267	1580.800000
268	1892.800000
269	1216.800000
270	1497.600000
271	1934.400000
272	1778.400000
273	1487.200000
274	1799.200000
275	1310.400000
276	1736.800000
277	1726.400000
278	1248.000000
279	1528.800000
280	1705.600000
281	1508.000000
282	1986.400000
283	1799.200000
284	1393.600000
285	1716.000000
286	1424.800000
287	1705.600000
288	1684.800000
289	1747.200000
290	1674.400000
291	1747.200000
292	1674.400000
293	1643.200000
294	1757.600000
295	1622.400000
296	1705.600000
297	1747.200000
298	1736.800000
299	1653.600000
300	1591.200000
301	1362.400000
302	1518.400000
303	1518.400000
304	1664.000000
305	1830.400000
306	1622.400000
307	1528.800000
308	1632.800000
309	1476.800000
310	1435.200000
311	1601.600000
312	1664.000000
313	1341.600000
314	1757.600000
315	1497.600000
316	1736.800000
317	1664.000000
318	1466.400000
319	1747.200000
320	1757.600000
321	1341.600000
322	1601.600000
323	1851.200000
324	1424.800000
325	1830.400000
326	1591.200000
327	1643.200000
328	1591.200000
329	1643.200000
330	1518.400000
331	1580.800000
332	1695.200000
333	1185.600000
334	1736.800000
335	1695.200000
336	1435.200000
337	1716.000000
338	1820.000000
339	1456.000000
340	1622.400000
341	1747.200000
342	1372.800000
343	2028.000000
344	1539.200000
345	1549.600000
346	1778.400000
347	1601.600000
348	1487.200000
349	1716.000000
350	1695.200000
351	1622.400000
352	1903.200000
353	1612.000000
354	1695.200000
355	1840.800000
356	1664.000000
357	1726.400000
358	1632.800000
359	1570.400000
360	1466.400000
361	1695.200000
362	1227.200000
363	1404.000000
364	1591.200000
365	1404.000000
366	1757.600000
367	1892.800000
368	1539.200000
369	1424.800000
370	1684.800000
371	1497.600000
372	1487.200000
373	1580.800000
374	1768.000000
375	1549.600000
376	1664.000000
377	1393.600000
378	1549.600000
379	1882.400000
380	1674.400000
381	1591.200000
382	2121.600000
383	1476.800000
384	1684.800000
385	1695.200000
386	1362.400000
387	1643.200000
388	1632.800000
389	1352.000000
390	1549.600000
391	1632.800000
392	1705.600000
393	1601.600000
394	1632.800000
395	1560.000000
396	1570.400000
397	1674.400000
398	1424.800000
399	1570.400000
400	1580.800000
401	1352.000000
402	1716.000000
403	2017.600000
404	1341.600000
405	1508.000000
406	1799.200000
407	1580.800000
408	1674.400000
409	1539.200000
410	1643.200000
411	1736.800000
412	1674.400000
413	1643.200000
414	1799.200000
415	1726.400000
416	1601.600000
417	1632.800000
418	2007.200000
419	1528.800000
420	1622.400000
421	1976.000000
422	1664.000000
423	1601.600000
424	1674.400000
425	1487.200000
426	1643.200000
427	1768.000000
428	1684.800000
429	1674.400000
430	1539.200000
431	1591.200000
432	1674.400000
433	1497.600000
434	1549.600000
435	2028.000000
436	1528.800000
437	1768.000000
438	1830.400000
439	1445.600000
440	1944.800000
441	1747.200000
442	1872.000000
443	1612.000000
444	1591.200000
445	1695.200000
446	1320.800000
447	1934.400000
448	1466.400000
449	1383.200000
450	1705.600000
451	1508.000000
452	1591.200000
453	1747.200000
454	1747.200000
455	1705.600000
456	1851.200000
457	1643.200000
458	1924.000000
459	1695.200000
460	1872.000000
461	1445.600000
462	1809.600000
463	1664.000000
464	1549.600000
465	1674.400000
466	1352.000000
467	1622.400000
468	1684.800000
469	1466.400000
470	1799.200000
471	1851.200000
472	1622.400000
473	1570.400000
474	1768.000000
475	1674.400000
476	1913.600000
477	1830.400000
478	1674.400000
479	1570.400000
480	1757.600000
481	1820.000000
482	1435.200000
483	1778.400000
484	1487.200000
485	1591.200000
486	1622.400000
487	1809.600000
488	1799.200000
489	1716.000000
490	1570.400000
491	1955.200000
492	1716.000000
493	1508.000000
494	1372.800000
495	1414.400000
496	1206.400000
497	1383.200000
498	1497.600000
499	1736.800000
500	1736.800000
501	1716.000000
502	1560.000000
503	1404.000000
504	1393.600000
505	1518.400000
506	1695.200000
507	1362.400000
508	1445.600000
509	1892.800000
510	1435.200000
511	1528.800000
512	1892.800000
513	1757.600000
514	1372.800000
515	1664.000000
516	1684.800000
517	1476.800000
518	1934.400000
519	1674.400000
520	1539.200000
521	1601.600000
522	1528.800000
523	1362.400000
524	1580.800000
525	1695.200000
526	1279.200000
527	1705.600000
528	1612.000000
529	1383.200000
530	1944.800000
531	1653.600000
532	1653.600000
533	1736.800000
534	1570.400000
535	1445.600000
536	1435.200000
537	1476.800000
538	1456.000000
539	1996.800000
540	1632.800000
541	1310.400000
542	1528.800000
543	1352.000000
544	1726.400000
545	1695.200000
546	1632.800000
547	1539.200000
548	1726.400000
549	1612.000000
550	1674.400000
551	1508.000000
552	1331.200000
553	1487.200000
554	1549.600000
555	1404.000000
556	1768.000000
557	1518.400000
558	1830.400000
559	1248.000000
560	1768.000000
561	1528.800000
562	1539.200000
563	1383.200000
564	1747.200000
565	1591.200000
566	1674.400000
567	1279.200000
568	1560.000000
569	1622.400000
570	1632.800000
571	1466.400000
572	1539.200000
573	1341.600000
574	1622.400000
575	1830.400000
576	1632.800000
577	1851.200000
578	1892.800000
579	1622.400000
580	1560.000000
581	1757.600000
582	1102.400000
583	1497.600000
584	1788.800000
585	1352.000000
586	1518.400000
587	1726.400000
588	1664.000000
589	1653.600000
590	1716.000000
591	1664.000000
592	1747.200000
593	1580.800000
594	1497.600000
595	1664.000000
596	1612.000000
597	1414.400000
598	1674.400000
599	1705.600000