0	0	0	0	0
1	0	0	0	0
2	1.833	387	1.446	2.220
3	1.979	57	1.922	2.036
4	3.177	1.300	1.877	4.477
5	3.500	1.378	2.122	4.878
6	3.667	1.591	2.076	5.258
7	4.969	1.642	3.327	6.611
8	5.927	2.259	3.668	8.186
9	7.396	2.734	4.662	10.130
10	8.500	3.468	5.032	11.968
11	9.500	3.468	6.032	12.968
12	10.938	2.815	8.123	13.753
13	10.967	2.726	8.241	13.693
14	10.942	2.704	8.238	13.646
15	11.316	1.251	10.065	12.567
16	12.017	1.148	10.869	13.165
17	12.987	1.933	11.054	14.920
18	13.265	1.423	11.842	14.688
19	14.167	2.612	11.555	16.779
20	14.817	3.010	11.807	17.827
21	15.127	2.712	12.415	17.839
22	15.593	3.771	11.822	19.364
23	15.754	3.225	12.529	18.979
24	15.568	3.169	12.399	18.737
25	15.448	3.000	12.448	18.448
26	15.764	3.002	12.762	18.766
27	15.930	2.345	13.585	18.275
28	16.023	1.771	14.252	17.794
29	15.952	1.757	14.195	17.709
30	15.735	1.148	14.587	16.883
31	16.139	2.369	13.770	18.508
32	16.233	2.359	13.874	18.592
33	17.435	1.128	16.307	18.563
34	17.323	643	16.680	17.966
35	17.826	1.411	16.415	19.237
36	17.964	1.016	16.948	18.980
37	17.921	997	16.924	18.918
38	18.001	1.131	16.870	19.132
39	18.304	1.081	17.223	19.385
40	18.703	2.302	16.401	21.005
41	18.521	2.404	16.117	20.925
42	18.663	2.019	16.644	20.682
43	18.777	1.876	16.901	20.653
44	18.948	1.667	17.281	20.615
45	19.202	2.018	17.184	21.220
46	19.457	2.043	17.414	21.500
47	19.255	2.320	16.935	21.575
48	19.300	2.615	16.685	21.915
49	19.605	3.663	15.942	23.268
50	20.479	5.248	15.231	25.727
51	20.367	5.620	14.747	25.987
52	21.191	7.273	13.918	28.464
53	21.979	9.059	12.920	31.038
54	22.391	10.078	12.313	32.469
55	22.262	10.080	12.182	32.342
56	22.083	9.983	12.100	32.066
57	21.518	10.326	11.192	31.844
58	21.295	10.334	10.961	31.629
59	20.965	9.953	11.012	30.918
60	20.718	9.618	11.100	30.336
61	20.549	9.405	11.144	29.954
62	20.444	9.312	11.132	29.756
63	21.394	10.518	10.876	31.912
64	21.149	10.374	10.775	31.523
65	21.009	10.477	10.532	31.486
66	20.735	10.363	10.372	31.098
67	20.550	10.182	10.368	30.732
68	20.081	10.238	9.843	30.319
69	19.989	10.460	9.529	30.449
70	20.202	11.054	9.148	31.256
71	19.951	11.168	8.783	31.119
72	19.750	11.150	8.600	30.900
73	19.382	10.894	8.488	30.276
74	19.029	10.819	8.210	29.848
75	18.745	10.904	7.841	29.649
76	18.341	10.716	7.625	29.057
77	18.241	10.612	7.629	28.853
78	18.115	11.185	6.930	29.300
79	18.410	12.074	6.336	30.484
80	18.842	13.113	5.729	31.955
81	18.682	13.184	5.498	31.866
82	19.324	12.282	7.042	31.606
83	19.234	12.238	6.996	31.472
84	19.353	12.250	7.103	31.603
85	19.801	11.194	8.607	30.995
86	21.180	9.111	12.069	30.291
87	21.320	9.441	11.879	30.761
88	21.658	10.186	11.472	31.844
89	21.685	10.437	11.248	32.122
90	21.573	10.609	10.964	32.182
91	21.828	11.337	10.491	33.165
92	21.753	11.684	10.069	33.437
93	22.513	12.629	9.884	35.142
94	22.879	12.668	10.211	35.547
95	23.062	12.677	10.385	35.739
96	23.161	12.380	10.781	35.541
97	22.929	12.138	10.791	35.067
98	22.583	11.941	10.642	34.524
99	22.614	11.290	11.324	33.904
100	22.754	10.946	11.808	33.700
101	22.939	11.645	11.294	34.584
102	22.740	11.509	11.231	34.249
103	22.525	11.447	11.078	33.972
104	22.774	10.459	12.315	33.233
105	22.417	10.329	12.088	32.746
106	22.167	10.270	11.897	32.437
107	21.838	10.146	11.692	31.984
108	21.697	9.622	12.075	31.319
109	21.488	9.581	11.907	31.069
110	21.562	9.558	12.004	31.120
111	21.580	9.814	11.766	31.394
112	21.825	10.450	11.375	32.275
113	21.765	10.498	11.267	32.263
114	21.772	10.556	11.216	32.328
115	22.017	10.189	11.828	32.206
116	21.991	9.995	11.996	31.986
117	21.799	9.766	12.033	31.565
118	21.607	10.153	11.454	31.760
119	21.563	10.178	11.385	31.741
120	21.744	10.742	11.002	32.486
121	21.547	10.521	11.026	32.068
122	21.388	10.411	10.977	31.799
123	20.786	10.339	10.447	31.125
124	21.180	11.561	9.619	32.741
125	21.229	11.575	9.654	32.804
126	20.930	12.025	8.905	32.955
127	20.707	11.922	8.785	32.629
128	20.380	11.839	8.541	32.219
129	20.133	11.728	8.405	31.861
130	20.028	11.630	8.398	31.658
131	19.651	11.497	8.154	31.148
132	19.451	11.435	8.016	30.886
133	19.732	11.425	8.307	31.157
134	20.697	11.643	9.054	32.340
135	20.769	11.802	8.967	32.571
136	21.229	11.737	9.492	32.966
137	21.375	11.913	9.462	33.288
138	21.630	12.107	9.523	33.737
139	22.038	12.648	9.390	34.686
140	22.389	13.557	8.832	35.946
141	22.656	13.165	9.491	35.821
142	23.251	12.639	10.612	35.890
143	23.459	12.743	10.716	36.202
144	23.564	12.556	11.008	36.120
145	24.276	11.523	12.753	35.799
146	24.083	10.615	13.468	34.698
147	24.494	11.079	13.415	35.573
148	24.660	10.871	13.789	35.531
149	25.535	10.560	14.975	36.095
150	25.568	10.162	15.406	35.730
151	25.823	9.626	16.197	35.449
152	25.684	9.503	16.181	35.187
153	25.577	9.359	16.218	34.936
154	25.502	9.184	16.318	34.686
155	25.920	9.599	16.321	35.519
156	25.886	9.612	16.274	35.498
157	25.989	9.240	16.749	35.229
158	25.956	9.029	16.927	34.985
159	25.738	8.804	16.934	34.542
160	25.422	8.444	16.978	33.866
161	25.239	8.323	16.916	33.562
162	26.344	9.421	16.923	35.765
163	26.460	9.096	17.364	35.556
164	26.954	8.264	18.690	35.218
165	26.925	8.154	18.771	35.079
166	26.896	8.674	18.222	35.570
167	26.483	8.881	17.602	35.364
168	26.258	8.720	17.538	34.978
169	25.897	8.685	17.212	34.582
170	25.618	8.531	17.087	34.149
171	25.395	8.466	16.929	33.861
172	25.622	9.309	16.313	34.931
173	25.442	9.429	16.013	34.871
174	25.284	9.573	15.711	34.857
175	25.414	9.331	16.083	34.745
176	25.232	9.469	15.763	34.701
177	25.540	10.104	15.436	35.644
178	25.712	9.834	15.878	35.546
179	25.437	9.820	15.617	35.257
180	25.250	9.558	15.692	34.808
181	25.254	9.513	15.741	34.767
182	25.139	9.340	15.799	34.479
183	25.029	9.190	15.839	34.219
184	24.943	9.144	15.799	34.087
185	25.241	9.409	15.832	34.650
186	25.145	9.448	15.697	34.593
187	25.309	8.958	16.351	34.267
188	25.176	9.015	16.161	34.191
189	25.076	9.085	15.991	34.161
190	25.007	10.236	14.771	35.243
191	24.932	10.052	14.880	34.984
192	25.022	9.763	15.259	34.785
193	25.300	9.996	15.304	35.296
194	25.804	10.198	15.606	36.002
195	25.774	10.186	15.588	35.960
196	26.014	10.006	16.008	36.020
197	26.525	9.066	17.459	35.591
198	26.554	9.296	17.258	35.850
199	26.637	8.762	17.875	35.399
200	26.547	8.778	17.769	35.325
201	26.882	8.809	18.073	35.691
202	26.879	8.814	18.065	35.693
203	27.373	9.327	18.046	36.700
204	27.144	9.469	17.675	36.613
205	27.231	9.229	18.002	36.460
206	27.847	9.766	18.081	37.613
207	27.746	9.505	18.241	37.251
208	27.777	9.558	18.219	37.335
209	27.762	9.751	18.011	37.513
210	27.638	10.289	17.349	37.927
211	27.616	10.888	16.728	38.504
212	27.489	10.811	16.678	38.300
213	27.413	10.961	16.452	38.374
214	27.410	11.379	16.031	38.789
215	27.768	12.146	15.622	39.914
216	27.768	12.828	14.940	40.596
217	27.765	13.273	14.492	41.038
218	27.469	13.338	14.131	40.807
219	27.703	13.692	14.011	41.395
220	27.836	13.925	13.911	41.761
221	27.729	14.247	13.482	41.976
222	28.308	14.840	13.468	43.148
223	28.259	14.983	13.276	43.242
224	27.986	15.102	12.884	43.088
225	27.680	15.255	12.425	42.935
226	27.558	15.369	12.189	42.927
227	27.138	15.513	11.625	42.651
228	26.843	15.633	11.210	42.476
229	26.480	15.530	10.950	42.010
230	26.105	15.422	10.683	41.527
231	25.740	15.534	10.206	41.274
232	25.190	15.268	9.922	40.458
233	24.855	15.154	9.701	40.009
234	24.718	15.025	9.693	39.743
235	24.818	15.150	9.668	39.968
236	24.780	15.116	9.664	39.896
237	25.430	13.894	11.536	39.324
238	26.450	12.973	13.477	39.423
239	26.446	12.968	13.478	39.414
240	26.586	13.059	13.527	39.645
241	27.014	13.800	13.214	40.814
242	27.420	14.181	13.239	41.601
243	27.204	14.156	13.048	41.360
244	27.086	14.226	12.860	41.312
245	26.917	14.164	12.753	41.081
246	27.104	14.528	12.576	41.632
247	26.673	14.593	12.080	41.266
248	26.272	14.488	11.784	40.760
249	25.856	14.736	11.120	40.592
250	26.208	15.180	11.028	41.388
251	26.540	15.402	11.138	41.942
252	26.353	15.523	10.830	41.876
253	25.959	15.478	10.481	41.437
254	25.787	15.083	10.704	40.870
255	25.918	13.795	12.123	39.713
256	25.824	12.588	13.236	38.412
257	25.956	12.425	13.531	38.381
258	25.923	12.630	13.293	38.553
259	26.219	12.964	13.255	39.183
260	26.042	13.298	12.744	39.340
261	25.942	13.195	12.747	39.137
262	25.489	13.332	12.157	38.821
263	25.283	13.115	12.168	38.398
264	25.393	12.680	12.713	38.073
265	25.918	13.094	12.824	39.012
266	26.068	12.757	13.311	38.825
267	26.524	12.804	13.720	39.328
268	27.173	13.336	13.837	40.509
269	27.449	11.886	15.563	39.335
270	27.526	11.823	15.703	39.349
271	27.650	11.527	16.123	39.177
272	28.066	11.453	16.613	39.519
273	28.409	11.116	17.293	39.525
274	28.473	10.682	17.791	39.155
275	28.714	9.463	19.251	38.177
276	28.866	9.346	19.520	38.212
277	28.685	9.212	19.473	37.897
278	28.611	9.429	19.182	38.040
279	29.440	10.433	19.007	39.873
280	29.220	10.820	18.400	40.040
281	28.889	10.946	17.943	39.835
282	28.288	11.196	17.092	39.484
283	28.102	10.657	17.445	38.759
284	27.907	10.427	17.480	38.334
285	27.542	10.402	17.140	37.944
286	27.566	10.450	17.116	38.016
287	27.388	10.178	17.210	37.566
288	27.279	10.064	17.215	37.343
289	26.928	10.593	16.335	37.521
290	26.761	10.561	16.200	37.322
291	26.689	10.645	16.044	37.334
292	26.720	10.762	15.958	37.482
293	27.346	11.423	15.923	38.769
294	27.148	11.748	15.400	38.896
295	27.220	11.879	15.341	39.099
296	27.255	12.684	14.571	39.939
297	27.503	13.016	14.487	40.519
298	27.660	13.355	14.305	41.015
299	27.350	13.197	14.153	40.547
300	27.047	12.908	14.139	39.955
301	26.938	12.600	14.338	39.538
302	26.966	12.341	14.625	39.307
303	27.037	12.348	14.689	39.385
304	27.991	10.276	17.715	38.267
305	27.895	9.891	18.004	37.786
306	27.826	9.629	18.197	37.455
307	27.640	8.974	18.666	36.614
308	27.978	8.447	19.531	36.425
309	28.469	7.062	21.407	35.531
310	28.791	7.381	21.410	36.172
311	28.417	7.069	21.348	35.486
312	28.266	7.455	20.811	35.721
313	28.150	7.981	20.169	36.131
314	28.672	8.564	20.108	37.236
315	28.692	8.751	19.941	37.443
316	28.905	8.136	20.769	37.041
317	28.812	8.087	20.725	36.899
318	28.685	7.890	20.795	36.575
319	28.648	7.803	20.845	36.451
320	28.809	7.739	21.070	36.548
321	29.187	6.960	22.227	36.147
322	29.354	6.971	22.383	36.325
323	29.088	7.364	21.724	36.452
324	28.926	7.229	21.697	36.155
325	28.647	7.165	21.482	35.812
326	28.403	6.892	21.511	35.295
327	28.211	6.645	21.566	34.856
328	28.494	6.569	21.925	35.063
329	28.360	6.471	21.889	34.831
330	28.288	6.480	21.808	34.768
331	28.115	6.363	21.752	34.478
332	28.218	5.945	22.273	34.163
333	28.493	6.749	21.744	35.242
334	29.031	7.335	21.696	36.366
335	29.233	7.350	21.883	36.583
336	29.507	8.157	21.350	37.664
337	29.316	7.912	21.404	37.228
338	29.111	7.863	21.248	36.974
339	29.167	7.808	21.359	36.975
340	29.199	7.524	21.675	36.723
341	29.396	7.373	22.023	36.769
342	29.618	7.451	22.167	37.069
343	30.014	6.059	23.955	36.073
344	29.541	5.851	23.690	35.392
345	29.935	4.698	25.237	34.633
346	30.250	5.171	25.079	35.421
347	30.875	4.185	26.690	35.060
348	30.805	4.117	26.688	34.922
349	31.232	5.148	26.084	36.380
350	31.689	4.558	27.131	36.247
351	31.683	4.544	27.139	36.227
352	31.659	4.269	27.390	35.928
353	31.928	4.365	27.563	36.293
354	31.761	4.301	27.460	36.062
355	31.877	3.858	28.019	35.735
356	31.787	3.468	28.319	35.255
357	31.385	3.195	28.190	34.580
358	31.471	3.495	27.976	34.966
359	31.275	3.805	27.470	35.080
360	31.509	4.628	26.881	36.137
361	31.344	4.623	26.721	35.967
362	31.261	3.855	27.406	35.116
363	31.108	3.730	27.378	34.838
364	31.374	3.630	27.744	35.004
365	31.211	3.403	27.808	34.614
366	31.508	3.405	28.103	34.913
367	31.410	3.310	28.100	34.720
368	31.818	4.057	27.761	35.875
369	31.413	3.854	27.559	35.267
370	31.238	3.479	27.759	34.717
371	31.291	2.894	28.397	34.185
372	31.254	2.644	28.610	33.898
373	31.435	2.512	28.923	33.947
374	31.322	2.342	28.980	33.664
375	31.276	2.187	29.089	33.463
376	31.194	2.174	29.020	33.368
377	31.065	2.393	28.672	33.458
378	30.569	2.526	28.043	33.095
379	30.492	2.420	28.072	32.912
380	30.359	2.649	27.710	33.008
381	30.824	3.528	27.296	34.352
382	31.409	4.333	27.076	35.742
383	31.359	4.449	26.910	35.808
384	31.454	4.517	26.937	35.971
385	31.561	5.181	26.380	36.742
386	31.451	5.104	26.347	36.555
387	31.401	4.743	26.658	36.144
388	30.887	4.437	26.450	35.324
389	30.526	3.524	27.002	34.050
390	30.324	3.184	27.140	33.508
391	30.243	3.049	27.194	33.292
392	30.763	3.468	27.295	34.231
393	31.186	3.225	27.961	34.411
394	31.723	2.948	28.775	34.671
395	32.132	2.706	29.426	34.838
396	32.116	2.798	29.318	34.914
397	32.402	3.126	29.276	35.528
398	32.578	3.753	28.825	36.331
399	32.448	4.237	28.211	36.685
400	32.295	4.264	28.031	36.559
401	33.337	3.698	29.639	37.035
402	33.257	3.650	29.607	36.907
403	33.138	3.435	29.703	36.573
404	32.595	3.704	28.891	36.299
405	32.140	3.449	28.691	35.589
406	31.941	3.391	28.550	35.332
407	31.685	3.074	28.611	34.759
408	31.437	2.873	28.564	34.310
409	31.809	2.075	29.734	33.884
410	31.595	2.065	29.530	33.660
411	31.254	2.143	29.111	33.397
412	30.807	2.100	28.707	32.907
413	30.684	2.025	28.659	32.709
414	30.918	1.736	29.182	32.654
415	30.856	1.814	29.042	32.670
416	31.248	1.305	29.943	32.553
417	31.403	1.144	30.259	32.547
418	31.446	961	30.485	32.407
419	31.121	753	30.368	31.874
420	31.188	1.147	30.041	32.335
421	31.436	1.573	29.863	33.009
422	31.544	2.553	28.991	34.097
423	31.527	3.125	28.402	34.652
424	31.634	2.840	28.794	34.474
425	31.499	2.789	28.710	34.288
426	31.515	2.518	28.997	34.033
427	31.109	2.533	28.576	33.642
428	31.016	2.007	29.009	33.023
429	30.852	1.971	28.881	32.823
430	30.877	1.739	29.138	32.616
431	30.737	1.499	29.238	32.236
432	31.149	807	30.342	31.956
433	30.922	929	29.993	31.851
434	31.029	1.081	29.948	32.110
435	31.756	2.387	29.369	34.143
436	31.633	2.363	29.270	33.996
437	31.563	2.407	29.156	33.970
438	31.377	2.291	29.086	33.668
439	31.114	1.979	29.135	33.093
440	30.873	1.797	29.076	32.670
441	30.815	1.573	29.242	32.388
442	30.979	1.412	29.567	32.391
443	31.053	1.053	30.000	32.106
444	31.293	1.097	30.196	32.390
445	31.300	1.993	29.307	33.293
446	30.989	2.173	28.816	33.162
447	30.859	2.195	28.664	33.054
448	30.583	2.203	28.380	32.786
449	30.082	2.076	28.006	32.158
450	29.825	2.063	27.762	31.888
451	29.593	1.497	28.096	31.090
452	29.689	1.214	28.475	30.903
453	29.750	1.198	28.552	30.948
454	29.823	570	29.253	30.393
455	30.130	1.902	28.228	32.032
456	30.065	1.805	28.260	31.870
457	30.040	1.820	28.220	31.860
458	30.242	1.477	28.765	31.719
459	29.742	1.212	28.530	30.954
460	29.693	1.181	28.512	30.874
461	29.486	871	28.615	30.357
462	29.551	715	28.836	30.266
463	30.348	1.315	29.033	31.663
464	30.685	1.222	29.463	31.907
465	30.633	1.234	29.399	31.867
466	30.244	1.195	29.049	31.439
467	29.830	491	29.339	30.321
468	29.635	168	29.467	29.803
469	29.608	166	29.442	29.774
470	29.820	1.364	28.456	31.184
471	30.298	1.774	28.524	32.072
472	30.197	1.896	28.301	32.093
473	30.030	1.699	28.331	31.729
474	29.718	1.318	28.400	31.036
475	29.464	714	28.750	30.178
476	29.303	399	28.904	29.702
477	29.337	334	29.003	29.671
478	29.376	453	28.923	29.829
479	29.641	290	29.351	29.931
480	30.134	1.057	29.077	31.191
481	30.462	2.272	28.190	32.734
482	30.403	2.582	27.821	32.985
483	30.512	2.414	28.098	32.926
484	30.668	1.840	28.828	32.508
485	30.764	1.773	28.991	32.537
486	30.696	1.692	29.004	32.388
487	30.568	1.664	28.904	32.232
488	30.999	2.171	28.828	33.170
489	30.956	2.205	28.751	33.161
490	30.874	2.179	28.695	33.053
491	30.975	1.717	29.258	32.692
492	30.662	1.761	28.901	32.423
493	30.487	2.007	28.480	32.494
494	30.153	1.761	28.392	31.914
495	30.206	1.742	28.464	31.948
496	30.465	2.584	27.881	33.049
497	30.075	2.669	27.406	32.744
498	29.945	2.696	27.249	32.641
499	29.651	2.517	27.134	32.168
500	29.265	2.228	27.037	31.493
501	29.641	2.132	27.509	31.773
502	29.489	1.808	27.681	31.297
503	29.834	1.698	28.136	31.532
504	29.972	2.195	27.777	32.167
505	29.932	2.284	27.648	32.216
506	30.507	2.435	28.072	32.942
507	30.507	2.152	28.355	32.659
508	30.309	1.960	28.349	32.269
509	29.927	1.602	28.325	31.529
510	29.613	1.265	28.348	30.878
511	29.660	1.002	28.658	30.662
512	29.606	946	28.660	30.552
513	29.604	945	28.659	30.549
514	29.674	1.011	28.663	30.685
515	30.234	395	29.839	30.629
516	30.413	630	29.783	31.043
517	30.962	958	30.004	31.920
518	31.404	790	30.614	32.194
519	32.091	1.669	30.422	33.760
520	32.590	2.053	30.537	34.643
521	32.575	2.059	30.516	34.634
522	32.354	2.088	30.266	34.442
523	32.175	1.898	30.277	34.073
524	31.800	2.952	28.848	34.752
525	31.807	3.437	28.370	35.244
526	31.736	3.402	28.334	35.138
527	31.883	3.221	28.662	35.104
528	31.750	2.962	28.788	34.712
529	31.385	2.718	28.667	34.103
530	31.110	2.468	28.642	33.578
531	31.017	2.542	28.475	33.559
532	30.912	2.312	28.600	33.224
533	30.666	2.467	28.199	33.133
534	30.436	2.490	27.946	32.926
535	30.679	2.508	28.171	33.187
536	30.615	2.253	28.362	32.868
537	30.634	2.075	28.559	32.709
538	30.578	2.349	28.229	32.927
539	30.292	2.346	27.946	32.638
540	30.210	2.503	27.707	32.713
541	30.089	2.423	27.666	32.512
542	30.312	1.179	29.133	31.491
543	30.567	2.055	28.512	32.622
544	30.449	2.129	28.320	32.578
545	30.331	2.163	28.168	32.494
546	29.831	2.304	27.527	32.135
547	29.274	2.240	27.034	31.514
548	29.495	2.675	26.820	32.170
549	29.435	2.621	26.814	32.056
550	29.726	2.808	26.918	32.534
551	29.678	2.752	26.926	32.430
552	30.219	2.896	27.323	33.115
553	30.467	3.234	27.233	33.701
554	30.810	2.379	28.431	33.189
555	30.687	2.413	28.274	33.100
556	30.866	1.865	29.001	32.731
557	30.491	1.853	28.638	32.344
558	30.177	1.673	28.504	31.850
559	29.928	1.492	28.436	31.420
560	30.096	447	29.649	30.543
561	30.485	1.876	28.609	32.361
562	30.424	1.942	28.482	32.366
563	30.701	2.141	28.560	32.842
564	31.070	2.715	28.355	33.785
565	31.261	3.135	28.126	34.396
566	31.179	3.266	27.913	34.445
567	30.768	3.774	26.994	34.542
568	30.425	3.690	26.735	34.115
569	30.428	2.929	27.499	33.357
570	30.454	2.650	27.804	33.104
571	30.091	2.326	27.765	32.417
572	29.910	2.439	27.471	32.349
573	30.420	2.675	27.745	33.095
574	30.301	2.642	27.659	32.943
575	30.957	1.453	29.504	32.410
576	30.599	1.407	29.192	32.006
577	30.288	1.445	28.843	31.733
578	30.242	1.462	28.780	31.704
579	30.512	2.697	27.815	33.209
580	30.557	2.963	27.594	33.520
581	30.566	2.972	27.594	33.538
582	30.760	2.987	27.773	33.747
583	30.817	3.056	27.761	33.873
584	31.142	3.440	27.702	34.582
585	31.185	2.862	28.323	34.047
586	31.285	2.688	28.597	33.973
587	31.475	2.876	28.599	34.351
588	31.774	2.320	29.454	34.094
589	31.779	1.688	30.091	33.467
590	32.179	1.797	30.382	33.976
591	32.293	1.179	31.114	33.472
592	31.792	1.668	30.124	33.460
593	31.309	1.434	29.875	32.743
594	31.089	1.275	29.814	32.364
595	31.424	1.687	29.737	33.111
596	31.292	1.511	29.781	32.803
597	31.196	1.285	29.911	32.481
598	31.014	987	30.027	32.001
599	30.959	1.012	29.947	31.971
600	30.899	1.293	29.606	32.192
601	30.746	1.403	29.343	32.149
602	31.356	2.674	28.682	34.030
603	31.508	2.435	29.073	33.943
604	32.074	3.689	28.385	35.763
605	32.065	3.694	28.371	35.759
606	32.116	3.431	28.685	35.547
607	32.112	3.273	28.839	35.385
608	31.941	3.028	28.913	34.969
609	31.656	2.932	28.724	34.588
610	31.683	2.405	29.278	34.088
611	32.042	2.583	29.459	34.625
612	32.302	1.979	30.323	34.281
613	32.423	1.361	31.062	33.784
614	32.237	1.138	31.099	33.375
615	31.626	1.511	30.115	33.137
616	31.283	1.154	30.129	32.437
617	31.156	1.102	30.054	32.258
618	31.428	2.228	29.200	33.656
619	31.290	2.091	29.199	33.381
620	31.270	2.232	29.038	33.502
621	31.066	2.093	28.973	33.159
622	30.981	1.927	29.054	32.908
623	30.917	2.215	28.702	33.132
624	30.764	1.966	28.798	32.730
625	30.680	1.939	28.741	32.619
626	31.076	1.858	29.218	32.934
627	31.003	1.568	29.435	32.571
628	31.448	1.660	29.788	33.108
629	31.246	1.515	29.731	32.761
630	30.988	1.418	29.570	32.406
631	31.163	980	30.183	32.143
632	31.390	1.104	30.286	32.494
633	31.209	1.729	29.480	32.938
634	31.901	1.830	30.071	33.731
635	31.798	1.845	29.953	33.643
636	31.679	889	30.790	32.568
637	31.578	706	30.872	32.284
638	31.413	892	30.521	32.305
639	31.004	1.304	29.700	32.308
640	30.606	1.516	29.090	32.122
641	29.919	1.831	28.088	31.750
642	29.618	1.704	27.914	31.322
643	29.380	1.356	28.024	30.736
644	29.755	1.915	27.840	31.670
645	30.353	1.931	28.422	32.284
646	30.597	1.566	29.031	32.163
647	30.547	1.332	29.215	31.879
648	30.636	1.219	29.417	31.855
649	30.844	1.171	29.673	32.015
650	30.803	896	29.907	31.699
651	31.218	1.122	30.096	32.340
652	31.304	1.143	30.161	32.447
653	31.420	863	30.557	32.283
654	32.123	526	31.597	32.649
655	31.869	1.293	30.576	33.162
656	31.880	1.199	30.681	33.079
657	31.771	1.302	30.469	33.073
658	32.376	417	31.959	32.793
659	32.623	966	31.657	33.589
660	32.467	910	31.557	33.377
661	32.215	1.203	31.012	33.418
662	31.927	1.506	30.421	33.433
663	32.050	1.033	31.017	33.083
664	31.872	1.429	30.443	33.301
665	31.794	1.474	30.320	33.268
666	31.237	1.960	29.277	33.197
667	31.007	2.343	28.664	33.350
668	30.802	2.108	28.694	32.910
669	30.970	2.334	28.636	33.304
670	30.923	2.372	28.551	33.295
671	31.555	2.949	28.606	34.504
672	31.537	2.976	28.561	34.513
673	31.505	2.948	28.557	34.453
674	31.510	2.750	28.760	34.260
675	31.430	2.483	28.947	33.913
676	31.123	2.014	29.109	33.137
677	31.086	1.607	29.479	32.693
678	31.550	1.163	30.387	32.713
679	31.273	1.355	29.918	32.628
680	30.989	1.392	29.597	32.381
681	31.061	1.928	29.133	32.989
682	31.308	1.855	29.453	33.163
683	31.289	2.258	29.031	33.547
684	31.349	2.170	29.179	33.519
685	31.496	1.921	29.575	33.417
686	32.151	878	31.273	33.029
687	32.315	866	31.449	33.181
688	32.239	1.949	30.290	34.188
689	31.851	2.289	29.562	34.140
690	31.710	2.223	29.487	33.933
691	31.692	1.784	29.908	33.476
692	31.350	1.525	29.825	32.875
693	31.840	1.526	30.314	33.366
694	31.898	1.193	30.705	33.091
695	31.848	1.052	30.796	32.900
696	31.510	726	30.784	32.236
697	31.233	1.016	30.217	32.249
698	30.860	1.116	29.744	31.976
699	30.556	992	29.564	31.548
700	30.264	693	29.571	30.957
701	30.354	544	29.810	30.898
702	30.816	1.390	29.426	32.206
703	31.220	1.618	29.602	32.838
704	31.116	1.824	29.292	32.940
705	31.101	1.834	29.267	32.935
706	30.914	2.248	28.666	33.162
707	30.935	2.607	28.328	33.542
708	30.797	2.513	28.284	33.310
709	30.851	2.389	28.462	33.240
710	31.250	2.110	29.140	33.360
711	31.165	1.974	29.191	33.139
712	31.242	1.706	29.536	32.948
713	31.403	1.220	30.183	32.623
714	31.652	669	30.983	32.321
715	31.440	778	30.662	32.218
716	31.019	1.178	29.841	32.197
717	30.672	1.229	29.443	31.901
718	30.362	830	29.532	31.192
719	30.093	605	29.488	30.698
720	29.870	250	29.620	30.120
721	30.038	548	29.490	30.586
722	30.076	832	29.244	30.908
723	30.391	1.324	29.067	31.715
724	30.486	1.165	29.321	31.651
725	30.334	1.158	29.176	31.492
726	30.196	1.213	28.983	31.409
727	30.338	943	29.395	31.281
728	30.273	931	29.342	31.204
729	30.111	979	29.132	31.090
730	30.625	2.455	28.170	33.080
731	30.659	2.480	28.179	33.139
732	31.322	2.391	28.931	33.713
733	31.256	2.303	28.953	33.559
734	31.589	1.280	30.309	32.869
735	31.461	1.173	30.288	32.634
736	31.284	1.414	29.870	32.698
737	31.806	2.474	29.332	34.280
738	32.024	3.295	28.729	35.319
739	32.014	3.050	28.964	35.064
740	31.694	2.626	29.068	34.320
741	31.832	1.522	30.310	33.354
742	32.237	2.102	30.135	34.339
743	31.978	2.237	29.741	34.215
744	31.746	2.298	29.448	34.044
745	31.845	1.593	30.252	33.438
746	31.438	1.410	30.028	32.848
747	31.371	1.207	30.164	32.578
748	31.817	599	31.218	32.416
749	31.632	1.021	30.611	32.653
750	31.370	1.478	29.892	32.848
751	31.084	1.293	29.791	32.377
752	30.701	1.450	29.251	32.151
753	30.333	1.384	28.949	31.717
754	30.140	1.075	29.065	31.215
755	29.994	692	29.302	30.686
756	30.203	856	29.347	31.059
757	31.006	2.188	28.818	33.194
758	30.966	2.300	28.666	33.266
759	30.749	2.154	28.595	32.903
760	30.656	2.077	28.579	32.733
761	31.088	2.402	28.686	33.490
762	30.918	2.257	28.661	33.175
763	30.548	2.227	28.321	32.775
764	30.243	2.174	28.069	32.417
765	30.169	1.793	28.376	31.962
766	30.146	1.471	28.675	31.617
767	30.272	891	29.381	31.163
768	31.067	808	30.259	31.875
769	31.305	1.538	29.767	32.843
770	31.312	1.526	29.786	32.838
771	31.615	1.546	30.069	33.161
772	32.086	1.099	30.987	33.185
773	31.749	1.409	30.340	33.158
774	31.454	1.570	29.884	33.024
775	31.230	1.308	29.922	32.538
776	30.999	967	30.032	31.966
777	31.415	1.228	30.187	32.643
778	32.235	1.552	30.683	33.787
779	32.666	503	32.163	33.169
780	32.523	673	31.850	33.196
781	32.133	841	31.292	32.974
782	31.606	1.304	30.302	32.910
783	31.206	1.530	29.676	32.736
784	30.796	1.376	29.420	32.172
785	30.556	1.151	29.405	31.707
786	30.260	1.118	29.142	31.378
787	30.095	1.156	28.939	31.251
788	30.048	1.113	28.935	31.161
789	30.251	2.439	27.812	32.690
790	30.231	2.460	27.771	32.691
791	30.674	2.109	28.565	32.783
792	30.474	2.018	28.456	32.492
793	30.297	2.048	28.249	32.345
794	30.051	1.940	28.111	31.991
795	29.761	1.910	27.851	31.671
796	29.553	1.877	27.676	31.430
797	29.612	1.554	28.058	31.166
798	29.924	1.251	28.673	31.175
799	30.004	898	29.106	30.902
800	29.889	448	29.441	30.337
801	29.836	500	29.336	30.336
802	29.811	262	29.549	30.073
803	30.048	439	29.609	30.487
804	30.078	630	29.448	30.708
805	30.444	1.091	29.353	31.535
806	31.175	471	30.704	31.646
807	31.399	1.035	30.364	32.434
808	31.284	1.187	30.097	32.471
809	31.324	1.609	29.715	32.933
810	31.162	1.595	29.567	32.757
811	31.150	1.587	29.563	32.737
812	31.115	1.272	29.843	32.387
813	30.806	1.577	29.229	32.383
814	30.801	1.788	29.013	32.589
815	30.808	2.669	28.139	33.477
816	30.816	3.029	27.787	33.845
817	31.319	3.221	28.098	34.540
818	31.532	3.858	27.674	35.390
819	31.442	3.831	27.611	35.273
820	31.310	3.533	27.777	34.843
821	30.877	3.214	27.663	34.091
822	30.706	3.034	27.672	33.740
823	30.906	3.154	27.752	34.060
824	31.078	3.112	27.966	34.190
825	31.178	3.348	27.830	34.526
826	31.023	3.455	27.568	34.478
827	30.735	3.668	27.067	34.403
828	30.483	3.435	27.048	33.918
829	30.157	3.085	27.072	33.242
830	29.603	2.516	27.087	32.119
831	29.143	1.845	27.298	30.988
832	29.027	1.667	27.360	30.694
833	29.136	1.436	27.700	30.572
834	29.359	1.662	27.697	31.021
835	29.513	1.709	27.804	31.222
836	29.905	1.987	27.918	31.892
837	30.192	1.814	28.378	32.006
838	30.681	1.927	28.754	32.608
839	30.567	1.755	28.812	32.322
840	30.613	1.531	29.082	32.144
841	30.938	1.996	28.942	32.934
842	30.936	2.281	28.655	33.217
843	30.745	2.406	28.339	33.151
844	30.352	2.699	27.653	33.051
845	30.305	2.865	27.440	33.170
846	30.289	3.291	26.998	33.580
847	30.822	2.527	28.295	33.349
848	30.729	2.509	28.220	33.238
849	30.504	1.817	28.687	32.321
850	30.285	1.842	28.443	32.127
851	30.192	1.640	28.552	31.832
852	30.218	1.345	28.873	31.563
853	30.879	810	30.069	31.689
854	31.019	778	30.241	31.797
855	31.179	390	30.789	31.569
856	31.206	948	30.258	32.154
857	31.535	2.324	29.211	33.859
858	31.333	2.615	28.718	33.948
859	31.439	2.642	28.797	34.081
860	31.846	3.246	28.600	35.092
861	31.693	3.287	28.406	34.980
862	31.615	3.226	28.389	34.841
863	31.348	3.265	28.083	34.613
864	30.846	3.010	27.836	33.856
865	31.140	3.443	27.697	34.583
866	31.080	3.257	27.823	34.337
867	31.256	2.402	28.854	33.658
868	31.276	3.280	27.996	34.556
869	31.265	3.080	28.185	34.345
870	31.114	3.115	27.999	34.229
871	30.929	3.318	27.611	34.247
872	30.821	2.997	27.824	33.818
873	30.947	2.452	28.495	33.399
874	30.657	2.223	28.434	32.880
875	30.321	1.943	28.378	32.264
876	30.273	1.898	28.375	32.171
877	30.313	1.803	28.510	32.116
878	30.552	2.222	28.330	32.774
879	30.358	2.385	27.973	32.743
880	30.473	3.501	26.972	33.974
881	30.266	3.554	26.712	33.820
882	30.389	3.099	27.290	33.488
883	30.917	3.014	27.903	33.931
884	31.120	2.515	28.605	33.635
885	31.061	2.496	28.565	33.557
886	30.727	2.267	28.460	32.994
887	30.504	2.121	28.383	32.625
888	30.138	2.049	28.089	32.187
889	29.842	1.961	27.881	31.803
890	29.436	1.801	27.635	31.237
891	29.007	1.646	27.361	30.653
892	29.166	2.377	26.789	31.543
893	29.553	2.609	26.944	32.162
894	30.197	2.611	27.586	32.808
895	30.144	2.572	27.572	32.716
896	30.060	2.454	27.606	32.514
897	30.526	3.265	27.261	33.791
898	30.959	2.708	28.251	33.667
899	30.943	2.591	28.352	33.534
900	31.452	2.502	28.950	33.954
901	31.688	1.941	29.747	33.629
902	31.443	1.587	29.856	33.030
903	31.610	2.309	29.301	33.919
904	31.265	2.887	28.378	34.152
905	31.908	4.060	27.848	35.968
906	32.299	4.157	28.142	36.456
907	32.544	4.197	28.347	36.741
908	33.528	4.100	29.428	37.628
909	33.435	4.120	29.315	37.555
910	33.243	4.076	29.167	37.319
911	32.783	3.964	28.819	36.747
912	32.588	3.188	29.400	35.776
913	32.419	3.048	29.371	35.467
914	32.328	3.043	29.285	35.371
915	32.265	2.617	29.648	34.882
916	32.577	2.206	30.371	34.783
917	32.653	1.909	30.744	34.562
918	32.372	2.109	30.263	34.481
919	31.917	2.148	29.769	34.065
920	31.650	2.220	29.430	33.870
921	31.626	2.048	29.578	33.674
922	31.565	2.115	29.450	33.680
923	31.835	1.435	30.400	33.270
924	31.869	1.136	30.733	33.005
925	31.463	633	30.830	32.096
926	31.728	1.668	30.060	33.396
927	31.461	1.848	29.613	33.309
928	30.955	2.185	28.770	33.140
929	30.737	2.307	28.430	33.044
930	30.711	2.278	28.433	32.989
931	30.962	1.933	29.029	32.895
932	30.982	1.573	29.409	32.555
933	31.636	614	31.022	32.250
934	31.609	770	30.839	32.379
935	31.365	985	30.380	32.350
936	31.169	813	30.356	31.982
937	31.522	323	31.199	31.845
938	31.695	1.100	30.595	32.795
939	31.790	1.148	30.642	32.938
940	32.267	1.099	31.168	33.366
941	32.239	1.113	31.126	33.352
942	32.306	918	31.388	33.224
943	32.073	675	31.398	32.748
944	31.838	803	31.035	32.641
945	31.500	865	30.635	32.365
946	31.271	879	30.392	32.150
947	31.148	628	30.520	31.776
948	31.501	1.250	30.251	32.751
949	31.899	1.871	30.028	33.770
950	31.845	1.849	29.996	33.694
951	31.872	1.649	30.223	33.521
952	31.696	1.452	30.244	33.148
953	31.544	1.092	30.452	32.636
954	31.143	380	30.763	31.523
955	31.100	275	30.825	31.375
956	31.506	1.319	30.187	32.825
957	31.715	1.236	30.479	32.951
958	31.503	1.683	29.820	33.186
959	31.469	1.638	29.831	33.107
960	31.249	1.389	29.860	32.638
961	30.942	1.216	29.726	32.158
962	31.208	1.154	30.054	32.362
963	31.171	1.294	29.877	32.465
964	31.221	1.580	29.641	32.801
965	31.727	869	30.858	32.596
966	31.643	700	30.943	32.343
967	31.308	1.052	30.256	32.360
968	31.016	940	30.076	31.956
969	30.872	1.089	29.783	31.961
970	30.872	1.088	29.784	31.960
971	31.428	1.163	30.265	32.591
972	31.917	635	31.282	32.552
973	32.033	1.016	31.017	33.049
974	33.015	2.109	30.906	35.124
975	32.998	2.116	30.882	35.114
976	32.452	2.439	30.013	34.891
977	32.233	2.288	29.945	34.521
978	31.802	2.179	29.623	33.981
979	32.115	2.120	29.995	34.235
980	32.020	2.001	30.019	34.021
981	31.827	1.896	29.931	33.723
982	31.576	1.324	30.252	32.900
983	31.271	1.372	29.899	32.643
984	30.821	984	29.837	31.805
985	30.721	789	29.932	31.510
986	30.813	833	29.980	31.646
987	30.799	1.150	29.649	31.949
988	30.842	1.078	29.764	31.920
989	31.028	1.509	29.519	32.537
990	30.976	1.469	29.507	32.445
991	31.028	1.362	29.666	32.390
992	31.070	1.330	29.740	32.400
993	31.101	1.248	29.853	32.349
994	31.235	1.358	29.877	32.593
995	31.286	1.313	29.973	32.599
996	31.201	1.753	29.448	32.954
997	31.264	1.705	29.559	32.969
998	31.594	2.054	29.540	33.648
999	31.574	1.957	29.617	33.531
1000	31.761	1.594	30.167	33.355
1001	32.643	2.082	30.561	34.725
1002	32.601	2.141	30.460	34.742
1003	32.403	2.209	30.194	34.612
1004	31.960	2.422	29.538	34.382
1005	31.672	2.500	29.172	34.172
1006	31.836	2.858	28.978	34.694
1007	31.329	2.954	28.375	34.283
1008	31.196	2.764	28.432	33.960
1009	31.418	2.161	29.257	33.579
1010	31.253	1.938	29.315	33.191
1011	31.283	1.231	30.052	32.514
1012	31.195	1.198	29.997	32.393
1013	31.398	1.395	30.003	32.793
1014	31.461	1.883	29.578	33.344
1015	31.676	2.124	29.552	33.800
1016	31.633	2.248	29.385	33.881
1017	31.567	2.085	29.482	33.652
1018	31.466	2.057	29.409	33.523
1019	31.390	1.741	29.649	33.131
1020	31.306	1.668	29.638	32.974
1021	31.439	1.374	30.065	32.813
1022	31.307	1.263	30.044	32.570
1023	31.332	732	30.600	32.064
1024	31.538	1.422	30.116	32.960
1025	31.907	2.427	29.480	34.334
1026	32.023	2.148	29.875	34.171
1027	32.489	1.251	31.238	33.740
1028	32.493	908	31.585	33.401
1029	32.672	1.369	31.303	34.041
1030	32.237	1.789	30.448	34.026
1031	32.110	1.931	30.179	34.041
1032	31.981	2.013	29.968	33.994
1033	31.718	2.139	29.579	33.857
1034	31.677	1.877	29.800	33.554
1035	31.564	1.780	29.784	33.344
1036	31.525	1.543	29.982	33.068
1037	31.600	1.241	30.359	32.841
1038	31.634	1.209	30.425	32.843
1039	31.298	1.088	30.210	32.386
1040	31.252	1.401	29.851	32.653
1041	31.103	1.266	29.837	32.369
1042	30.948	1.051	29.897	31.999
1043	31.153	1.535	29.618	32.688
1044	31.455	1.371	30.084	32.826
1045	31.365	1.367	29.998	32.732
1046	31.590	1.155	30.435	32.745
1047	31.255	1.298	29.957	32.553
1048	31.127	1.397	29.730	32.524
1049	30.987	1.802	29.185	32.789
1050	30.942	2.034	28.908	32.976
1051	30.853	1.837	29.016	32.690
1052	31.505	2.188	29.317	33.693
1053	31.631	1.919	29.712	33.550
1054	31.596	1.821	29.775	33.417
1055	31.558	1.587	29.971	33.145
1056	31.715	2.882	28.833	34.597
1057	31.531	2.795	28.736	34.326
1058	31.281	2.850	28.431	34.131
1059	31.201	2.815	28.386	34.016
1060	31.003	2.701	28.302	33.704
1061	31.324	2.840	28.484	34.164
1062	31.479	1.973	29.506	33.452
1063	31.867	1.605	30.262	33.472
1064	31.762	1.010	30.752	32.772
1065	31.456	797	30.659	32.253
1066	31.096	863	30.233	31.959
1067	30.876	629	30.247	31.505
1068	30.769	329	30.440	31.098
1069	31.343	1.142	30.201	32.485
1070	31.521	1.096	30.425	32.617
1071	31.848	1.304	30.544	33.152
1072	32.153	1.070	31.083	33.223
1073	32.010	1.180	30.830	33.190
1074	31.911	1.169	30.742	33.080
1075	31.656	1.120	30.536	32.776
1076	31.377	1.158	30.219	32.535
1077	31.096	955	30.141	32.051
1078	31.129	475	30.654	31.604
1079	31.584	1.319	30.265	32.903
1080	31.422	1.491	29.931	32.913
1081	31.452	1.413	30.039	32.865
1082	31.439	1.767	29.672	33.206
1083	31.878	968	30.910	32.846
1084	31.351	1.267	30.084	32.618
1085	31.003	1.628	29.375	32.631
1086	30.616	1.768	28.848	32.384
1087	30.367	1.513	28.854	31.880
1088	30.133	1.006	29.127	31.139
1089	30.380	898	29.482	31.278
1090	31.028	794	30.234	31.822
1091	31.432	1.243	30.189	32.675
1092	31.137	1.483	29.654	32.620
1093	30.876	1.647	29.229	32.523
1094	30.554	1.621	28.933	32.175
1095	30.343	1.429	28.914	31.772
1096	30.174	1.371	28.803	31.545
1097	30.114	1.032	29.082	31.146
1098	30.357	1.200	29.157	31.557
1099	30.475	1.431	29.044	31.906
1100	31.428	2.137	29.291	33.565
1101	31.394	2.136	29.258	33.530
1102	31.465	1.907	29.558	33.372
1103	31.406	1.885	29.521	33.291
1104	31.277	1.769	29.508	33.046
1105	31.184	1.308	29.876	32.492
1106	31.131	1.068	30.063	32.199
1107	31.096	2.000	29.096	33.096
1108	31.185	2.288	28.897	33.473
1109	32.448	2.597	29.851	35.045
1110	32.663	2.226	30.437	34.889
1111	32.696	2.232	30.464	34.928
1112	32.612	2.245	30.367	34.857
1113	32.413	2.174	30.239	34.587
1114	31.931	2.528	29.403	34.459
1115	31.702	2.637	29.065	34.339
1116	31.632	2.792	28.840	34.424
1117	32.186	3.132	29.054	35.318
1118	32.557	1.856	30.701	34.413
1119	32.358	1.801	30.557	34.159
1120	32.087	1.976	30.111	34.063
1121	31.969	2.341	29.628	34.310
1122	31.781	2.548	29.233	34.329
1123	31.855	3.159	28.696	35.014
1124	31.612	2.662	28.950	34.274
1125	31.810	2.736	29.074	34.546
1126	32.550	1.956	30.594	34.506
1127	32.441	1.844	30.597	34.285
1128	32.291	1.739	30.552	34.030
1129	32.084	1.566	30.518	33.650
1130	31.806	1.363	30.443	33.169
1131	31.396	978	30.418	32.374
1132	31.451	1.300	30.151	32.751
1133	31.322	1.327	29.995	32.649
1134	31.231	1.287	29.944	32.518
1135	31.710	2.573	29.137	34.283
1136	31.642	2.652	28.990	34.294
1137	31.587	2.551	29.036	34.138
1138	31.176	2.728	28.448	33.904
1139	30.858	3.114	27.744	33.972
1140	30.748	2.989	27.759	33.737
1141	30.448	2.886	27.562	33.334
1142	30.306	2.723	27.583	33.029
1143	29.998	2.078	27.920	32.076
1144	29.858	1.820	28.038	31.678
1145	30.089	1.446	28.643	31.535
1146	30.058	1.384	28.674	31.442
1147	30.062	1.024	29.038	31.086
1148	30.889	1.605	29.284	32.494
1149	30.851	1.241	29.610	32.092
1150	30.838	1.269	29.569	32.107
1151	31.223	746	30.477	31.969
1152	31.728	1.972	29.756	33.700
1153	32.403	1.482	30.921	33.885
1154	32.466	1.409	31.057	33.875
1155	32.180	1.603	30.577	33.783
1156	31.943	1.456	30.487	33.399
1157	31.854	1.123	30.731	32.977
1158	32.050	753	31.297	32.803
1159	32.374	1.249	31.125	33.623
1160	32.400	1.069	31.331	33.469
1161	32.297	1.573	30.724	33.870
1162	32.222	1.759	30.463	33.981
1163	32.191	2.124	30.067	34.315
1164	32.437	2.531	29.906	34.968
1165	32.605	1.992	30.613	34.597
1166	32.484	2.082	30.402	34.566
1167	32.182	2.479	29.703	34.661
1168	31.835	2.627	29.208	34.462
1169	31.462	2.675	28.787	34.137
1170	31.308	2.334	28.974	33.642
1171	32.002	1.795	30.207	33.797
1172	32.129	1.184	30.945	33.313
1173	32.042	1.013	31.029	33.055
1174	31.905	1.029	30.876	32.934
1175	32.052	1.500	30.552	33.552
1176	31.708	2.001	29.707	33.709
1177	31.582	1.958	29.624	33.540
1178	31.944	1.826	30.118	33.770
1179	32.307	1.349	30.958	33.656
1180	32.060	1.659	30.401	33.719
1181	31.910	2.115	29.795	34.025
1182	31.887	2.608	29.279	34.495
1183	31.665	2.566	29.099	34.231
1184	32.219	2.395	29.824	34.614
1185	32.700	1.473	31.227	34.173
1186	32.501	1.221	31.280	33.722
1187	32.341	1.091	31.250	33.432
1188	32.000	857	31.143	32.857
1189	31.447	1.118	30.329	32.565
1190	31.073	1.135	29.938	32.208
1191	31.257	1.007	30.250	32.264
1192	31.005	1.323	29.682	32.328
1193	30.966	1.543	29.423	32.509
1194	31.396	2.488	28.908	33.884
1195	31.447	2.400	29.047	33.847
1196	31.564	2.362	29.202	33.926
1197	31.664	2.008	29.656	33.672
1198	31.912	1.980	29.932	33.892
1199	31.486	2.361	29.125	33.847
1200	31.360	2.259	29.101	33.619
1201	31.494	2.313	29.181	33.807
1202	31.066	2.365	28.701	33.431
1203	30.828	2.266	28.562	33.094
1204	30.508	2.045	28.463	32.553
1205	30.633	2.225	28.408	32.858
1206	30.543	2.270	28.273	32.813
1207	31.192	2.373	28.819	33.565
1208	31.258	2.595	28.663	33.853
1209	31.309	2.381	28.928	33.690
1210	31.263	2.237	29.026	33.500
1211	31.119	1.841	29.278	32.960
1212	30.986	1.621	29.365	32.607
1213	31.170	1.825	29.345	32.995
1214	30.955	1.615	29.340	32.570
1215	31.261	1.920	29.341	33.181
1216	31.214	1.896	29.318	33.110
1217	31.101	1.802	29.299	32.903
1218	31.065	1.760	29.305	32.825
1219	31.503	2.775	28.728	34.278
1220	31.820	2.205	29.615	34.025
1221	32.406	1.622	30.784	34.028
1222	32.545	1.357	31.188	33.902
1223	32.854	996	31.858	33.850
1224	32.707	916	31.791	33.623
1225	32.446	1.141	31.305	33.587
1226	32.132	1.253	30.879	33.385
1227	32.184	2.064	30.120	34.248
1228	31.860	2.482	29.378	34.342
1229	31.856	2.431	29.425	34.287
1230	31.810	2.143	29.667	33.953
1231	31.478	1.659	29.819	33.137
1232	31.943	495	31.448	32.438
1233	31.854	811	31.043	32.665
1234	31.720	1.654	30.066	33.374
1235	31.699	2.376	29.323	34.075
1236	31.686	2.560	29.126	34.246
1237	31.313	2.518	28.795	33.831
1238	30.797	2.784	28.013	33.581
1239	30.347	3.299	27.048	33.646
1240	30.354	3.240	27.114	33.594
1241	30.250	2.996	27.254	33.246
1242	30.395	2.684	27.711	33.079
1243	30.176	2.333	27.843	32.509
1244	29.931	1.774	28.157	31.705
1245	29.844	1.660	28.184	31.504
1246	30.317	1.995	28.322	32.312
1247	30.505	2.094	28.411	32.599
1248	30.489	1.998	28.491	32.487
1249	31.021	1.803	29.218	32.824
1250	30.890	2.005	28.885	32.895
1251	30.813	1.888	28.925	32.701
1252	30.496	1.501	28.995	31.997
1253	30.427	1.132	29.295	31.559
1254	31.404	1.879	29.525	33.283
1255	31.643	1.381	30.262	33.024
1256	31.954	1.652	30.302	33.606
1257	31.575	2.231	29.344	33.806
1258	31.374	2.236	29.138	33.610
1259	31.064	2.083	28.981	33.147
1260	30.906	1.834	29.072	32.740
1261	30.690	1.331	29.359	32.021
1262	30.376	963	29.413	31.339
1263	30.237	743	29.494	30.980
1264	30.103	431	29.672	30.534
1265	30.493	699	29.794	31.192
1266	30.963	1.012	29.951	31.975
1267	30.983	997	29.986	31.980
1268	31.950	1.971	29.979	33.921
1269	32.001	1.932	30.069	33.933
1270	31.980	1.980	30.000	33.960
1271	31.879	1.927	29.952	33.806
1272	31.452	1.668	29.784	33.120
1273	31.306	1.708	29.598	33.014
1274	31.677	2.215	29.462	33.892
1275	32.228	1.844	30.384	34.072
1276	32.576	782	31.794	33.358
1277	32.450	670	31.780	33.120
1278	32.656	1.339	31.317	33.995
1279	32.266	1.608	30.658	33.874
1280	32.440	2.147	30.293	34.587
1281	31.958	2.603	29.355	34.561
1282	31.940	1.983	29.957	33.923
1283	31.968	1.547	30.421	33.515
1284	31.826	1.302	30.524	33.128
1285	31.681	850	30.831	32.531
1286	31.482	626	30.856	32.108
1287	31.073	358	30.715	31.431
1288	30.799	598	30.201	31.397
1289	30.498	794	29.704	31.292
1290	30.928	1.637	29.291	32.565
1291	31.511	1.772	29.739	33.283
1292	31.686	2.158	29.528	33.844
1293	31.550	2.159	29.391	33.709
1294	31.531	1.889	29.642	33.420
1295	31.385	1.822	29.563	33.207
1296	31.341	1.650	29.691	32.991
1297	31.455	2.511	28.944	33.966
1298	31.291	2.561	28.730	33.852
1299	31.015	2.679	28.336	33.694
1300	31.694	2.435	29.259	34.129
1301	31.389	2.419	28.970	33.808
1302	31.287	2.313	28.974	33.600
1303	30.957	1.930	29.027	32.887
1304	31.139	906	30.233	32.045
1305	30.851	577	30.274	31.428
1306	30.587	234	30.353	30.821
1307	30.485	218	30.267	30.703
1308	30.540	620	29.920	31.160
1309	30.809	1.144	29.665	31.953
1310	31.083	1.440	29.643	32.523
1311	31.472	1.561	29.911	33.033
1312	31.930	1.479	30.451	33.409
1313	31.933	2.119	29.814	34.052
1314	31.870	2.246	29.624	34.116
1315	31.671	2.301	29.370	33.972
1316	31.524	2.220	29.304	33.744
1317	31.335	2.348	28.987	33.683
1318	31.281	2.108	29.173	33.389
1319	31.393	2.051	29.342	33.444
1320	31.587	1.725	29.862	33.312
1321	32.272	805	31.467	33.077
1322	32.050	752	31.298	32.802
1323	31.920	696	31.224	32.616
1324	31.588	477	31.111	32.065
1325	31.291	465	30.826	31.756
1326	30.932	1.344	29.588	32.276
1327	30.854	2.136	28.718	32.990
1328	30.794	2.197	28.597	32.991
1329	31.525	1.645	29.880	33.170
1330	31.518	1.526	29.992	33.044
1331	31.519	1.236	30.283	32.755
1332	31.374	1.113	30.261	32.487
1333	31.410	731	30.679	32.141
1334	30.900	1.206	29.694	32.106
1335	30.744	1.449	29.295	32.193
1336	30.466	1.196	29.270	31.662
1337	30.930	2.195	28.735	33.125
1338	30.830	2.281	28.549	33.111
1339	31.136	2.143	28.993	33.279
1340	31.270	1.546	29.724	32.816
1341	31.489	1.014	30.475	32.503
1342	31.792	1.943	29.849	33.735
1343	31.455	2.050	29.405	33.505
1344	31.126	2.216	28.910	33.342
1345	30.816	2.283	28.533	33.099
1346	30.523	2.212	28.311	32.735
1347	30.509	2.037	28.472	32.546
1348	30.833	1.678	29.155	32.511
1349	31.190	1.147	30.043	32.337
1350	30.984	879	30.105	31.863
1351	31.115	908	30.207	32.023
1352	31.007	795	30.212	31.802
1353	31.341	2.041	29.300	33.382
1354	32.041	1.498	30.543	33.539
1355	32.655	633	32.022	33.288
1356	33.013	1.279	31.734	34.292
1357	32.917	1.355	31.562	34.272
1358	32.734	1.416	31.318	34.150
1359	32.272	1.663	30.609	33.935
1360	31.954	1.736	30.218	33.690
1361	31.451	2.106	29.345	33.557
1362	31.229	1.983	29.246	33.212
1363	30.970	1.711	29.259	32.681
1364	30.868	1.563	29.305	32.431
1365	30.780	1.380	29.400	32.160
1366	30.830	1.708	29.122	32.538
1367	30.882	1.720	29.162	32.602
1368	30.703	2.071	28.632	32.774
1369	30.646	2.186	28.460	32.832
1370	30.555	2.279	28.276	32.834
1371	30.456	2.449	28.007	32.905
1372	30.960	2.055	28.905	33.015
1373	31.115	1.654	29.461	32.769
1374	31.353	1.041	30.312	32.394
1375	31.373	1.026	30.347	32.399
1376	31.380	826	30.554	32.206
1377	32.161	1.983	30.178	34.144
1378	32.098	2.120	29.978	34.218
1379	32.007	2.312	29.695	34.319
1380	32.308	3.226	29.082	35.534
1381	32.053	3.368	28.685	35.421
1382	32.036	3.105	28.931	35.141
1383	31.975	2.783	29.192	34.758
1384	31.726	2.586	29.140	34.312
1385	31.506	2.366	29.140	33.872
1386	31.596	1.742	29.854	33.338
1387	31.583	960	30.623	32.543
1388	31.146	661	30.485	31.807
1389	31.149	1.384	29.765	32.533
1390	30.910	1.573	29.337	32.483
1391	30.745	1.958	28.787	32.703
1392	30.894	3.529	27.365	34.423
1393	31.317	3.610	27.707	34.927
1394	31.701	2.823	28.878	34.524
1395	31.603	2.650	28.953	34.253
1396	31.451	2.622	28.829	34.073
1397	31.384	2.314	29.070	33.698
1398	31.343	1.905	29.438	33.248
1399	31.857	2.300	29.557	34.157
1400	31.831	2.144	29.687	33.975
1401	31.796	1.995	29.801	33.791
1402	31.729	1.808	29.921	33.537
1403	31.680	1.273	30.407	32.953
1404	31.461	1.000	30.461	32.461
1405	31.158	802	30.356	31.960
1406	31.828	1.178	30.650	33.006
1407	31.807	1.188	30.619	32.995
1408	31.667	1.302	30.365	32.969
1409	31.450	873	30.577	32.323
1410	31.225	790	30.435	32.015
1411	31.889	1.656	30.233	33.545
1412	31.543	1.495	30.048	33.038
1413	31.400	1.499	29.901	32.899
1414	31.341	1.086	30.255	32.427
1415	31.416	1.119	30.297	32.535
1416	31.039	1.475	29.564	32.514
1417	30.917	1.327	29.590	32.244
1418	30.652	1.235	29.417	31.887
1419	30.589	1.157	29.432	31.746
1420	30.922	1.523	29.399	32.445
1421	31.250	2.001	29.249	33.251
1422	31.487	1.800	29.687	33.287
1423	31.942	1.644	30.298	33.586
1424	32.291	2.664	29.627	34.955
1425	32.167	2.957	29.210	35.124
1426	31.814	3.137	28.677	34.951
1427	31.653	3.138	28.515	34.791
1428	31.949	2.617	29.332	34.566
1429	32.372	2.272	30.100	34.644
1430	32.395	2.220	30.175	34.615
1431	32.344	2.264	30.080	34.608
1432	31.943	2.429	29.514	34.372
1433	31.884	2.277	29.607	34.161
1434	31.798	1.883	29.915	33.681
1435	32.006	1.654	30.352	33.660
1436	32.159	1.477	30.682	33.636
1437	32.096	1.470	30.626	33.566
1438	32.512	584	31.928	33.096
1439	32.478	638	31.840	33.116
1440	32.301	694	31.607	32.995
1441	31.888	872	31.016	32.760
1442	31.605	753	30.852	32.358
1443	31.216	1.008	30.208	32.224
1444	31.056	1.432	29.624	32.488
1445	30.858	1.424	29.434	32.282
1446	30.608	1.391	29.217	31.999
1447	31.075	1.791	29.284	32.866
1448	31.020	1.762	29.258	32.782
1449	31.326	1.167	30.159	32.493
1450	31.248	625	30.623	31.873
1451	31.111	474	30.637	31.585
1452	31.241	981	30.260	32.222
1453	31.741	1.867	29.874	33.608
1454	32.200	2.020	30.180	34.220
1455	32.167	1.983	30.184	34.150
1456	32.058	2.140	29.918	34.198
1457	31.910	2.077	29.833	33.987
1458	31.867	1.855	30.012	33.722
1459	31.696	2.189	29.507	33.885
1460	31.978	3.202	28.776	35.180
1461	32.093	3.764	28.329	35.857
1462	31.938	3.895	28.043	35.833
1463	32.274	3.937	28.337	36.211
1464	32.455	4.510	27.945	36.965
1465	32.697	4.248	28.449	36.945
1466	32.752	3.977	28.775	36.729
1467	32.587	3.823	28.764	36.410
1468	32.411	3.569	28.842	35.980
1469	32.268	3.254	29.014	35.522
1470	32.568	2.626	29.942	35.194
1471	32.434	2.427	30.007	34.861
1472	32.203	2.320	29.883	34.523
1473	32.623	2.429	30.194	35.052
1474	32.824	1.920	30.904	34.744
1475	32.738	1.956	30.782	34.694
1476	32.619	1.842	30.777	34.461
1477	32.623	1.600	31.023	34.223
1478	32.386	1.119	31.267	33.505
1479	32.250	1.098	31.152	33.348
1480	32.254	840	31.414	33.094
1481	32.321	1.308	31.013	33.629
1482	32.725	1.097	31.628	33.822
1483	32.462	1.681	30.781	34.143
1484	32.714	2.674	30.040	35.388
1485	32.304	2.907	29.397	35.211
1486	32.081	2.946	29.135	35.027
1487	31.835	3.163	28.672	34.998
1488	31.805	2.781	29.024	34.586
1489	31.807	2.239	29.568	34.046
1490	31.872	1.967	29.905	33.839
1491	31.911	1.920	29.991	33.831
1492	31.785	1.810	29.975	33.595
1493	31.812	1.787	30.025	33.599
1494	31.403	1.946	29.457	33.349
1495	30.985	1.671	29.314	32.656
1496	31.476	1.873	29.603	33.349
1497	31.295	1.796	29.499	33.091
1498	31.117	1.738	29.379	32.855
1499	31.442	2.172	29.270	33.614
1500	31.323	2.121	29.202	33.444
1501	31.280	2.076	29.204	33.356
1502	31.058	1.733	29.325	32.791
1503	31.022	1.567	29.455	32.589
1504	31.144	2.052	29.092	33.196
1505	31.408	2.392	29.016	33.800
1506	31.447	1.932	29.515	33.379
1507	31.493	1.856	29.637	33.349
1508	31.273	2.033	29.240	33.306
1509	31.196	1.955	29.241	33.151
1510	30.933	1.720	29.213	32.653
1511	30.686	1.241	29.445	31.927
1512	30.900	1.659	29.241	32.559
1513	30.841	1.691	29.150	32.532
1514	31.823	3.248	28.575	35.071
1515	31.665	3.505	28.160	35.170
1516	31.587	3.536	28.051	35.123
1517	31.635	3.325	28.310	34.960
1518	31.492	2.989	28.503	34.481
1519	31.577	2.410	29.167	33.987
1520	31.917	1.761	30.156	33.678
1521	31.856	1.400	30.456	33.256
1522	32.418	2.054	30.364	34.472
1523	32.604	2.564	30.040	35.168
1524	32.500	2.629	29.871	35.129
1525	32.771	2.197	30.574	34.968
1526	32.664	2.018	30.646	34.682
1527	32.900	2.381	30.519	35.281
1528	32.740	2.270	30.470	35.010
1529	32.511	2.154	30.357	34.665
1530	32.335	1.822	30.513	34.157
1531	31.963	1.732	30.231	33.695
1532	31.662	1.737	29.925	33.399
1533	31.372	1.717	29.655	33.089
1534	31.932	1.300	30.632	33.232
1535	31.887	1.295	30.592	33.182
1536	31.770	1.225	30.545	32.995
1537	31.684	571	31.113	32.255
1538	31.740	688	31.052	32.428
1539	31.172	1.248	29.924	32.420
1540	30.830	1.425	29.405	32.255
1541	30.477	1.159	29.318	31.636
1542	30.107	780	29.327	30.887
1543	30.253	1.042	29.211	31.295
1544	30.738	2.022	28.716	32.760
1545	30.917	2.147	28.770	33.064
1546	31.389	1.479	29.910	32.868
1547	31.226	1.282	29.944	32.508
1548	30.941	968	29.973	31.909
1549	30.432	1.066	29.366	31.498
1550	30.587	2.531	28.056	33.118
1551	30.437	2.637	27.800	33.074
1552	30.369	2.524	27.845	32.893
1553	30.472	2.022	28.450	32.494
1554	31.119	1.943	29.176	33.062
1555	30.874	1.570	29.304	32.444
1556	31.320	2.007	29.313	33.327
1557	31.005	1.701	29.304	32.706
1558	30.941	1.639	29.302	32.580
1559	31.028	1.528	29.500	32.556
1560	31.302	2.053	29.249	33.355
1561	31.047	1.974	29.073	33.021
1562	30.772	1.874	28.898	32.646
1563	30.794	1.631	29.163	32.425
1564	30.724	1.534	29.190	32.258
1565	31.056	1.566	29.490	32.622
1566	30.874	1.810	29.064	32.684
1567	30.734	1.833	28.901	32.567
1568	30.691	1.855	28.836	32.546
1569	31.739	1.818	29.921	33.557
1570	31.738	1.633	30.105	33.371
1571	32.102	2.535	29.567	34.637
1572	32.027	2.347	29.680	34.374
1573	31.608	2.661	28.947	34.269
1574	31.624	2.470	29.154	34.094
1575	31.530	2.279	29.251	33.809
1576	31.684	967	30.717	32.651
1577	31.468	541	30.927	32.009
1578	31.892	960	30.932	32.852
1579	32.195	1.661	30.534	33.856
1580	32.012	1.900	30.112	33.912
1581	31.979	1.684	30.295	33.663
1582	32.000	1.840	30.160	33.840
1583	31.600	1.979	29.621	33.579
1584	31.415	1.933	29.482	33.348
1585	31.193	1.816	29.377	33.009
1586	31.830	725	31.105	32.555
1587	31.625	874	30.751	32.499
1588	31.741	2.452	29.289	34.193
1589	31.586	2.576	29.010	34.162
1590	31.626	2.395	29.231	34.021
1591	31.978	1.958	30.020	33.936
1592	32.356	1.038	31.318	33.394
1593	32.406	905	31.501	33.311
1594	32.266	965	31.301	33.231
1595	32.102	887	31.215	32.989
1596	31.884	750	31.134	32.634
1597	32.235	1.379	30.856	33.614
1598	31.940	1.699	30.241	33.639
1599	31.744	1.648	30.096	33.392
1600	31.930	1.271	30.659	33.201
1601	31.367	1.717	29.650	33.084
1602	31.078	1.869	29.209	32.947
1603	30.849	1.893	28.956	32.742
1604	30.784	1.816	28.968	32.600
1605	31.021	1.838	29.183	32.859
1606	31.604	1.839	29.765	33.443
1607	31.817	1.935	29.882	33.752
1608	32.213	2.701	29.512	34.914
1609	31.816	3.211	28.605	35.027
1610	31.651	3.330	28.321	34.981
1611	31.419	3.105	28.314	34.524
1612	31.806	2.173	29.633	33.979
1613	32.126	1.615	30.511	33.741
1614	31.821	1.304	30.517	33.125
1615	31.646	1.428	30.218	33.074
1616	31.492	1.291	30.201	32.783
1617	31.667	2.003	29.664	33.670
1618	31.550	2.092	29.458	33.642
1619	31.822	1.827	29.995	33.649
1620	31.528	2.211	29.317	33.739
1621	31.126	2.473	28.653	33.599
1622	30.676	2.450	28.226	33.126
1623	31.109	3.117	27.992	34.226
1624	31.019	3.004	28.015	34.023
1625	31.092	2.580	28.512	33.672
1626	31.788	1.283	30.505	33.071
1627	31.553	1.063	30.490	32.616
1628	31.264	714	30.550	31.978
1629	31.487	1.202	30.285	32.689
1630	31.369	1.293	30.076	32.662
1631	31.244	1.232	30.012	32.476
1632	31.698	1.089	30.609	32.787
1633	32.079	807	31.272	32.886
1634	32.052	804	31.248	32.856
1635	31.909	815	31.094	32.724
1636	31.760	1.448	30.312	33.208
1637	31.934	2.107	29.827	34.041
1638	31.607	2.694	28.913	34.301
1639	31.863	3.590	28.273	35.453
1640	31.638	3.350	28.288	34.988
1641	31.881	2.723	29.158	34.604
1642	31.785	2.175	29.610	33.960
1643	31.981	1.735	30.246	33.716
1644	31.924	1.570	30.354	33.494
1645	31.778	1.379	30.399	33.157
1646	31.899	2.355	29.544	34.254
1647	31.721	2.470	29.251	34.191
1648	31.522	2.736	28.786	34.258
1649	31.373	4.499	26.874	35.872
1650	31.135	4.705	26.430	35.840
1651	31.506	3.909	27.597	35.415
1652	31.475	3.612	27.863	35.087
1653	31.700	3.420	28.280	35.120
1654	31.736	3.224	28.512	34.960
1655	31.594	3.099	28.495	34.693
1656	31.912	3.573	28.339	35.485
1657	31.944	3.430	28.514	35.374
1658	32.335	2.112	30.223	34.447
1659	32.199	1.906	30.293	34.105
1660	32.000	1.594	30.406	33.594
1661	32.422	379	32.043	32.801
1662	32.664	828	31.836	33.492
1663	32.580	1.048	31.532	33.628
1664	32.876	1.963	30.913	34.839
1665	32.548	2.043	30.505	34.591
1666	31.919	2.608	29.311	34.527
1667	31.549	2.664	28.885	34.213
1668	31.352	2.635	28.717	33.987
1669	31.164	2.313	28.851	33.477
1670	31.443	1.266	30.177	32.709
1671	31.268	1.305	29.963	32.573
1672	31.059	1.416	29.643	32.475
1673	30.957	1.365	29.592	32.322
1674	30.686	1.278	29.408	31.964
1675	30.669	1.629	29.040	32.298
1676	30.814	1.876	28.938	32.690
1677	30.659	2.144	28.515	32.803
1678	30.554	2.202	28.352	32.756
1679	30.373	2.404	27.969	32.777
1680	30.295	2.528	27.767	32.823
1681	30.155	2.489	27.666	32.644
1682	30.247	2.407	27.840	32.654
1683	30.087	2.344	27.743	32.431
1684	29.986	2.226	27.760	32.212
1685	30.232	1.626	28.606	31.858
1686	30.242	1.316	28.926	31.558
1687	30.443	846	29.597	31.289
1688	30.421	572	29.849	30.993
1689	30.920	1.216	29.704	32.136
1690	31.006	2.812	28.194	33.818
1691	31.344	2.896	28.448	34.240
1692	31.735	3.584	28.151	35.319
1693	31.668	3.523	28.145	35.191
1694	31.406	3.730	27.676	35.136
1695	31.512	3.062	28.450	34.574
1696	31.550	2.231	29.319	33.781
1697	31.170	1.839	29.331	33.009
1698	31.008	1.606	29.402	32.614
1699	31.176	1.191	29.985	32.367
1700	31.605	1.275	30.330	32.880
1701	31.669	925	30.744	32.594
1702	31.591	912	30.679	32.503
1703	31.403	965	30.438	32.368
1704	31.650	2.186	29.464	33.836
1705	31.379	2.333	29.046	33.712
1706	31.229	2.470	28.759	33.699
1707	31.369	2.431	28.938	33.800
1708	31.782	2.197	29.585	33.979
1709	31.578	2.026	29.552	33.604
1710	31.620	1.575	30.045	33.195
1711	31.441	1.324	30.117	32.765
1712	31.140	1.106	30.034	32.246
1713	30.699	931	29.768	31.630
1714	30.059	1.362	28.697	31.421
1715	29.798	1.083	28.715	30.881
1716	30.202	920	29.282	31.122
1717	30.257	756	29.501	31.013
1718	30.437	824	29.613	31.261
1719	30.396	826	29.570	31.222
1720	30.845	1.111	29.734	31.956
1721	30.512	2.010	28.502	32.522
1722	30.499	2.228	28.271	32.727
1723	30.805	2.716	28.089	33.521
1724	30.575	2.479	28.096	33.054
1725	31.021	3.656	27.365	34.677
1726	30.987	3.628	27.359	34.615
1727	30.935	3.687	27.248	34.622
1728	30.997	3.507	27.490	34.504
1729	31.339	3.271	28.068	34.610
1730	31.002	3.408	27.594	34.410
1731	31.033	3.099	27.934	34.132
1732	30.807	3.278	27.529	34.085
1733	30.513	3.106	27.407	33.619
1734	29.909	3.150	26.759	33.059
1735	29.515	2.741	26.774	32.256
1736	29.269	2.359	26.910	31.628
1737	29.508	2.748	26.760	32.256
1738	30.081	2.901	27.180	32.982
1739	30.196	2.952	27.244	33.148
1740	30.157	3.118	27.039	33.275
1741	30.470	3.452	27.018	33.922
1742	30.271	3.268	27.003	33.539
1743	29.625	2.659	26.966	32.284
1744	29.368	1.845	27.523	31.213
1745	29.615	884	28.731	30.499
1746	29.953	1.910	28.043	31.863
1747	30.979	1.782	29.197	32.761
1748	31.346	620	30.726	31.966
1749	31.142	379	30.763	31.521
1750	31.323	1.299	30.024	32.622
1751	30.656	1.933	28.723	32.589
1752	30.486	1.940	28.546	32.426
1753	30.317	2.057	28.260	32.374
1754	30.218	1.868	28.350	32.086
1755	30.332	1.394	28.938	31.726
1756	30.719	1.172	29.547	31.891
1757	30.526	928	29.598	31.454
1758	30.780	840	29.940	31.620
1759	30.669	777	29.892	31.446
1760	30.719	1.400	29.319	32.119
1761	30.433	1.639	28.794	32.072
1762	30.257	1.493	28.764	31.750
1763	30.151	1.357	28.794	31.508
1764	30.016	1.251	28.765	31.267
1765	29.885	1.030	28.855	30.915
1766	30.378	677	29.701	31.055
1767	30.973	1.554	29.419	32.527
1768	31.059	1.412	29.647	32.471
1769	30.978	1.427	29.551	32.405
1770	30.788	1.422	29.366	32.210
1771	31.474	1.883	29.591	33.357
1772	31.112	1.764	29.348	32.876
1773	31.017	1.603	29.414	32.620
1774	30.985	1.409	29.576	32.394
1775	31.019	1.107	29.912	32.126
1776	30.722	1.177	29.545	31.899
1777	30.729	2.052	28.677	32.781
1778	31.104	2.747	28.357	33.851
1779	30.916	2.972	27.944	33.888
1780	30.791	2.992	27.799	33.783
1781	30.700	2.930	27.770	33.630
1782	30.419	3.094	27.325	33.513
1783	30.492	1.882	28.610	32.374
1784	30.178	1.715	28.463	31.893
1785	29.817	1.220	28.597	31.037
1786	29.651	1.080	28.571	30.731
1787	29.477	1.604	27.873	31.081
1788	29.598	2.237	27.361	31.835
1789	29.898	2.815	27.083	32.713
1790	30.180	3.028	27.152	33.208
1791	30.228	3.050	27.178	33.278
1792	30.099	2.934	27.165	33.033
1793	29.650	2.190	27.460	31.840
1794	29.603	1.894	27.709	31.497
1795	29.314	1.676	27.638	30.990
1796	29.351	1.087	28.264	30.438
1797	29.806	1.471	28.335	31.277
1798	30.057	1.790	28.267	31.847
1799	30.020	1.759	28.261	31.779
1800	30.221	1.955	28.266	32.176
1801	30.078	1.919	28.159	31.997
1802	29.778	1.894	27.884	31.672
1803	29.583	1.649	27.934	31.232
1804	29.669	1.505	28.164	31.174
1805	29.625	1.244	28.381	30.869
1806	29.452	1.445	28.007	30.897
1807	29.520	1.784	27.736	31.304
1808	29.397	2.051	27.346	31.448
1809	29.105	3.140	25.965	32.245
1810	29.199	3.605	25.594	32.804
1811	29.165	3.928	25.237	33.093
1812	29.431	4.310	25.121	33.741
1813	29.706	4.543	25.163	34.249
1814	29.830	4.287	25.543	34.117
1815	29.756	4.276	25.480	34.032
1816	29.779	3.977	25.802	33.756
1817	29.935	4.211	25.724	34.146
1818	29.885	4.202	25.683	34.087
1819	29.821	3.946	25.875	33.767
1820	29.623	3.788	25.835	33.411
1821	29.447	3.635	25.812	33.082
1822	29.724	3.977	25.747	33.701
1823	29.468	3.700	25.768	33.168
1824	29.659	3.889	25.770	33.548
1825	29.650	3.897	25.753	33.547
1826	30.339	3.956	26.383	34.295
1827	30.594	3.972	26.622	34.566
1828	30.551	3.924	26.627	34.475
1829	30.317	3.738	26.579	34.055
1830	30.127	3.844	26.283	33.971
1831	29.856	3.795	26.061	33.651
1832	29.972	4.062	25.910	34.034
1833	29.797	4.469	25.328	34.266
1834	29.531	4.629	24.902	34.160
1835	29.256	4.873	24.383	34.129
1836	29.111	4.901	24.210	34.012
1837	29.128	4.959	24.169	34.087
1838	29.601	3.788	25.813	33.389
1839	29.543	3.889	25.654	33.432
1840	29.586	4.131	25.455	33.717
1841	29.503	4.207	25.296	33.710
1842	29.615	4.064	25.551	33.679
1843	29.457	3.981	25.476	33.438
1844	29.362	3.802	25.560	33.164
1845	29.444	3.790	25.654	33.234
1846	29.529	3.920	25.609	33.449
1847	29.463	3.876	25.587	33.339
1848	28.960	3.804	25.156	32.764
1849	28.986	3.982	25.004	32.968
1850	28.754	3.844	24.910	32.598
1851	28.673	4.593	24.080	33.266
1852	28.369	4.407	23.962	32.776
1853	28.762	3.768	24.994	32.530
1854	28.776	3.438	25.338	32.214
1855	28.594	3.358	25.236	31.952
1856	28.508	3.346	25.162	31.854
1857	28.358	3.155	25.203	31.513
1858	28.042	3.008	25.034	31.050
1859	27.970	2.783	25.187	30.753
1860	28.377	2.783	25.594	31.160
1861	28.410	2.681	25.729	31.091
1862	28.672	2.608	26.064	31.280
1863	29.817	2.249	27.568	32.066
1864	29.812	1.960	27.852	31.772
1865	29.799	1.947	27.852	31.746
1866	30.276	2.437	27.839	32.713
1867	30.066	2.192	27.874	32.258
1868	29.832	2.222	27.610	32.054
1869	29.959	2.087	27.872	32.046
1870	30.433	2.216	28.217	32.649
1871	31.193	3.203	27.990	34.396
1872	31.496	3.660	27.836	35.156
1873	31.677	3.278	28.399	34.955
1874	31.523	2.789	28.734	34.312
1875	31.411	2.723	28.688	34.134
1876	31.652	2.676	28.976	34.328
1877	32.140	3.052	29.088	35.192
1878	31.953	3.152	28.801	35.105
1879	31.689	3.121	28.568	34.810
1880	31.239	3.392	27.847	34.631
1881	30.835	3.806	27.029	34.641
1882	30.583	3.688	26.895	34.271
1883	30.261	3.433	26.828	33.694
1884	30.280	3.248	27.032	33.528
1885	31.106	2.015	29.091	33.121
1886	30.921	1.876	29.045	32.797
1887	30.650	2.010	28.640	32.660
1888	30.632	1.897	28.735	32.529
1889	30.331	1.956	28.375	32.287
1890	30.032	1.976	28.056	32.008
1891	29.282	2.508	26.774	31.790
1892	28.919	2.629	26.290	31.548
1893	28.740	2.072	26.668	30.812
1894	28.511	2.269	26.242	30.780
1895	28.713	1.938	26.775	30.651
1896	28.704	1.924	26.780	30.628
1897	28.643	2.124	26.519	30.767
1898	28.571	2.053	26.518	30.624
1899	28.453	2.099	26.354	30.552
1900	28.543	2.475	26.068	31.018
1901	28.761	2.432	26.329	31.193
1902	28.787	2.547	26.240	31.334
1903	29.315	2.167	27.148	31.482
1904	29.426	2.154	27.272	31.580
1905	29.425	2.154	27.271	31.579
1906	30.059	3.338	26.721	33.397
1907	30.132	3.332	26.800	33.464
1908	30.297	3.328	26.969	33.625
1909	31.259	2.182	29.077	33.441
1910	31.608	2.361	29.247	33.969
1911	31.668	2.333	29.335	34.001
1912	32.239	2.897	29.342	35.136
1913	32.356	3.474	28.882	35.830
1914	32.741	4.115	28.626	36.856
1915	32.471	4.532	27.939	37.003
1916	32.239	4.774	27.465	37.013
1917	32.270	6.018	26.252	38.288
1918	32.090	6.133	25.957	38.223
1919	32.011	5.976	26.035	37.987
1920	31.746	6.056	25.690	37.802
1921	31.609	5.566	26.043	37.175
1922	31.696	6.791	24.905	38.487
1923	32.039	5.837	26.202	37.876
1924	31.898	5.844	26.054	37.742
1925	31.813	5.817	25.996	37.630
1926	31.409	5.952	25.457	37.361
1927	30.924	6.046	24.878	36.970
1928	30.626	6.005	24.621	36.631
1929	30.240	5.918	24.322	36.158
1930	29.825	5.399	24.426	35.224
1931	30.025	4.874	25.151	34.899
1932	30.231	4.559	25.672	34.790
1933	30.969	5.432	25.537	36.401
1934	31.239	5.475	25.764	36.714
1935	31.453	5.231	26.222	36.684
1936	31.633	5.047	26.586	36.680
1937	31.610	5.078	26.532	36.688
1938	31.934	4.788	27.146	36.722
1939	31.478	4.504	26.974	35.982
1940	31.183	4.550	26.633	35.733
1941	31.263	4.648	26.615	35.911
1942	31.415	4.713	26.702	36.128
1943	31.424	4.704	26.720	36.128
1944	31.765	5.220	26.545	36.985
1945	31.837	4.849	26.988	36.686
1946	31.917	4.705	27.212	36.622
1947	31.785	4.531	27.254	36.316
1948	31.726	4.364	27.362	36.090
1949	32.111	3.980	28.131	36.091
1950	31.823	3.683	28.140	35.506
1951	31.823	2.831	28.992	34.654
1952	32.701	2.137	30.564	34.838
1953	32.523	2.165	30.358	34.688
1954	32.395	2.314	30.081	34.709
1955	32.454	2.023	30.431	34.477
1956	32.212	2.591	29.621	34.803
1957	31.940	2.532	29.408	34.472
1958	31.424	2.766	28.658	34.190
1959	31.286	2.752	28.534	34.038
1960	31.610	1.829	29.781	33.439
1961	31.357	1.145	30.212	32.502
1962	31.444	788	30.656	32.232
1963	31.321	599	30.722	31.920
1964	31.093	659	30.434	31.752
1965	31.418	1.561	29.857	32.979
1966	31.685	2.130	29.555	33.815
1967	31.179	2.608	28.571	33.787
1968	30.898	2.833	28.065	33.731
1969	30.659	2.480	28.179	33.139
1970	30.503	2.540	27.963	33.043
1971	30.956	3.765	27.191	34.721
1972	31.188	3.779	27.409	34.967
1973	31.712	3.419	28.293	35.131
1974	31.693	3.345	28.348	35.038
1975	31.856	2.789	29.067	34.645
1976	31.973	2.915	29.058	34.888
1977	31.806	2.860	28.946	34.666
1978	31.363	2.961	28.402	34.324
1979	31.084	3.008	28.076	34.092
1980	30.746	2.747	27.999	33.493
1981	30.525	2.729	27.796	33.254
1982	30.563	2.286	28.277	32.849
1983	31.374	1.563	29.811	32.937
1984	31.567	1.874	29.693	33.441
1985	31.495	1.809	29.686	33.304
1986	31.014	1.603	29.411	32.617
1987	30.925	1.506	29.419	32.431
1988	31.017	1.612	29.405	32.629
1989	31.616	2.522	29.094	34.138
1990	31.596	2.563	29.033	34.159
1991	31.634	2.662	28.972	34.296
1992	31.500	3.067	28.433	34.567
1993	32.119	2.247	29.872	34.366
1994	32.233	3.271	28.962	35.504
1995	32.113	3.357	28.756	35.470
1996	31.908	3.514	28.394	35.422
1997	31.808	3.614	28.194	35.422
1998	32.148	3.251	28.897	35.399
1999	31.873	3.287	28.586	35.160
2000	31.635	3.074	28.561	34.709
2001	31.151	3.013	28.138	34.164
2002	31.107	2.565	28.542	33.672
2003	31.765	2.043	29.722	33.808
2004	31.650	1.809	29.841	33.459
2005	31.767	1.479	30.288	33.246
2006	32.174	1.709	30.465	33.883
2007	32.340	1.272	31.068	33.612
2008	32.296	1.347	30.949	33.643
2009	32.889	1.885	31.004	34.774
2010	33.043	1.832	31.211	34.875
2011	32.931	1.717	31.214	34.648
2012	33.200	776	32.424	33.976
2013	33.035	932	32.103	33.967
2014	33.007	1.093	31.914	34.100
2015	32.923	1.693	31.230	34.616
2016	32.645	2.360	30.285	35.005
2017	32.199	2.528	29.671	34.727
2018	31.802	2.703	29.099	34.505
2019	31.479	2.920	28.559	34.399
2020	31.313	2.871	28.442	34.184
2021	31.256	2.930	28.326	34.186
2022	30.951	3.080	27.871	34.031
2023	31.018	2.600	28.418	33.618
2024	30.916	2.380	28.536	33.296
2025	30.915	1.899	29.016	32.814
2026	30.793	1.098	29.695	31.891
2027	31.032	1.539	29.493	32.571
2028	31.601	1.523	30.078	33.124
2029	31.568	1.642	29.926	33.210
2030	31.689	1.678	30.011	33.367
2031	31.434	1.312	30.122	32.746
2032	31.335	1.093	30.242	32.428
2033	31.203	1.362	29.841	32.565
2034	31.269	1.151	30.118	32.420
2035	31.800	1.331	30.469	33.131
2036	31.663	1.480	30.183	33.143
2037	31.267	2.060	29.207	33.327
2038	31.210	2.059	29.151	33.269
2039	31.216	1.924	29.292	33.140
2040	31.026	1.595	29.431	32.621
2041	31.430	1.113	30.317	32.543
2042	31.239	1.168	30.071	32.407
2043	31.184	1.071	30.113	32.255
2044	31.079	995	30.084	32.074
2045	31.633	1.997	29.636	33.630
2046	32.840	853	31.987	33.693
2047	32.787	758	32.029	33.545
2048	32.551	585	31.966	33.136
2049	32.040	475	31.565	32.515
2050	31.720	1.270	30.450	32.990
2051	31.988	2.220	29.768	34.208
2052	31.738	2.437	29.301	34.175
2053	31.549	2.589	28.960	34.138
2054	31.949	4.068	27.881	36.017
2055	32.193	4.039	28.154	36.232
2056	32.128	3.776	28.352	35.904
2057	31.994	3.555	28.439	35.549
2058	31.928	3.111	28.817	35.039
2059	31.717	2.880	28.837	34.597
2060	31.534	2.574	28.960	34.108
2061	32.381	2.125	30.256	34.506
2062	32.183	1.985	30.198	34.168
2063	31.868	2.249	29.619	34.117
2064	31.739	2.141	29.598	33.880
2065	31.423	1.800	29.623	33.223
2066	31.013	1.539	29.474	32.552
2067	30.738	1.530	29.208	32.268
2068	30.393	1.169	29.224	31.562
2069	30.185	775	29.410	30.960
2070	30.275	695	29.580	30.970
2071	30.099	755	29.344	30.854
2072	30.151	1.367	28.784	31.518
2073	30.463	1.952	28.511	32.415
2074	30.470	1.907	28.563	32.377
2075	30.443	1.874	28.569	32.317
2076	30.261	1.824	28.437	32.085
2077	30.354	1.512	28.842	31.866
2078	30.674	2.762	27.912	33.436
2079	30.544	2.933	27.611	33.477
2080	30.502	2.619	27.883	33.121
2081	30.306	2.307	27.999	32.613
2082	30.139	2.629	27.510	32.768
2083	30.043	2.685	27.358	32.728
2084	30.196	2.907	27.289	33.103
2085	30.052	2.903	27.149	32.955
2086	29.821	3.069	26.752	32.890
2087	29.748	2.832	26.916	32.580
2088	29.600	2.590	27.010	32.190
2089	29.574	2.212	27.362	31.786
2090	29.727	2.022	27.705	31.749
2091	30.040	1.846	28.194	31.886
2092	30.118	1.838	28.280	31.956
2093	30.379	2.217	28.162	32.596
2094	30.473	2.456	28.017	32.929
2095	30.705	2.621	28.084	33.326
2096	30.870	3.013	27.857	33.883
2097	30.888	3.095	27.793	33.983
2098	31.259	3.511	27.748	34.770
2099	31.049	3.549	27.500	34.598
2100	31.406	3.010	28.396	34.416
2101	31.591	2.977	28.614	34.568
2102	31.393	2.767	28.626	34.160
2103	31.924	2.353	29.571	34.277
2104	32.089	1.908	30.181	33.997
2105	32.256	2.492	29.764	34.748
2106	32.185	2.288	29.897	34.473
2107	31.857	2.378	29.479	34.235
2108	31.552	2.254	29.298	33.806
2109	31.415	2.144	29.271	33.559
2110	31.286	2.016	29.270	33.302
2111	31.842	1.862	29.980	33.704
2112	31.676	1.722	29.954	33.398
2113	31.924	1.117	30.807	33.041
2114	32.019	1.630	30.389	33.649
2115	32.223	2.392	29.831	34.615
2116	32.054	2.495	29.559	34.549
2117	31.856	2.667	29.189	34.523
2118	31.638	2.388	29.250	34.026
2119	31.983	2.450	29.533	34.433
2120	31.833	2.529	29.304	34.362
2121	32.078	2.223	29.855	34.301
2122	31.954	2.107	29.847	34.061
2123	31.785	1.956	29.829	33.741
2124	31.327	1.610	29.717	32.937
2125	31.115	1.054	30.061	32.169
2126	30.813	764	30.049	31.577
2127	30.446	397	30.049	30.843
2128	30.342	681	29.661	31.023
2129	31.205	2.296	28.909	33.501
2130	31.274	2.247	29.027	33.521
2131	31.542	2.569	28.973	34.111
2132	31.612	2.690	28.922	34.302
2133	31.611	2.501	29.110	34.112
2134	31.593	2.637	28.956	34.230
2135	32.226	2.772	29.454	34.998
2136	32.183	2.662	29.521	34.845
2137	32.065	2.715	29.350	34.780
2138	31.961	2.132	29.829	34.093
2139	32.183	1.490	30.693	33.673
2140	31.989	1.518	30.471	33.507
2141	32.111	1.113	30.998	33.224
2142	32.105	1.328	30.777	33.433
2143	32.123	1.952	30.171	34.075
2144	31.747	2.267	29.480	34.014
2145	31.489	2.389	29.100	33.878
2146	31.022	2.586	28.436	33.608
2147	30.765	2.641	28.124	33.406
2148	30.638	2.689	27.949	33.327
2149	31.001	2.854	28.147	33.855
2150	31.436	2.356	29.080	33.792
2151	31.685	2.498	29.187	34.183
2152	31.971	2.654	29.317	34.625
2153	32.690	2.121	30.569	34.811
2154	32.564	2.262	30.302	34.826
2155	32.533	2.122	30.411	34.655
2156	32.738	1.912	30.826	34.650
2157	32.258	1.530	30.728	33.788
2158	32.015	1.368	30.647	33.383
2159	31.968	530	31.438	32.498
2160	31.943	725	31.218	32.668
2161	31.541	983	30.558	32.524
2162	31.594	1.788	29.806	33.382
2163	31.467	1.804	29.663	33.271
2164	31.849	2.758	29.091	34.607
2165	32.541	1.553	30.988	34.094
2166	32.548	1.483	31.065	34.031
2167	32.312	1.486	30.826	33.798
2168	31.888	1.626	30.262	33.514
2169	31.341	1.774	29.567	33.115
2170	31.281	1.843	29.438	33.124
2171	31.240	1.585	29.655	32.825
2172	31.924	784	31.140	32.708
2173	32.084	1.030	31.054	33.114
2174	31.896	1.113	30.783	33.009
2175	31.720	1.276	30.444	32.996
2176	31.438	1.216	30.222	32.654
2177	30.949	1.370	29.579	32.319
2178	30.548	1.774	28.774	32.322
2179	30.342	1.592	28.750	31.934
2180	30.118	1.381	28.737	31.499
2181	30.345	1.234	29.111	31.579
2182	30.506	1.745	28.761	32.251
2183	30.886	2.171	28.715	33.057
2184	30.790	2.057	28.733	32.847
2185	30.875	1.706	29.169	32.581
2186	30.607	1.432	29.175	32.039
2187	30.403	917	29.486	31.320
2188	30.339	472	29.867	30.811
2189	30.572	935	29.637	31.507
2190	30.436	1.064	29.372	31.500
2191	30.721	741	29.980	31.462
2192	30.962	1.187	29.775	32.149
2193	31.352	2.155	29.197	33.507
2194	31.172	2.396	28.776	33.568
2195	31.232	2.765	28.467	33.997
2196	31.412	3.954	27.458	35.366
2197	31.373	4.014	27.359	35.387
2198	31.511	3.815	27.696	35.326
2199	31.423	3.841	27.582	35.264
2200	31.146	3.617	27.529	34.763
2201	30.676	2.781	27.895	33.457
2202	30.836	1.999	28.837	32.835
2203	30.957	1.325	29.632	32.282
2204	30.682	1.930	28.752	32.612
2205	30.910	2.790	28.120	33.700
2206	31.011	2.844	28.167	33.855
2207	31.389	3.054	28.335	34.443
2208	31.722	3.106	28.616	34.828
2209	31.757	2.921	28.836	34.678
2210	31.797	2.530	29.267	34.327
2211	31.855	2.294	29.561	34.149
2212	31.808	1.891	29.917	33.699
2213	32.362	1.095	31.267	33.457
2214	32.505	1.207	31.298	33.712
2215	32.731	1.928	30.803	34.659
2216	33.244	1.893	31.351	35.137
2217	33.084	2.155	30.929	35.239
2218	32.779	2.283	30.496	35.062
2219	32.278	2.299	29.979	34.577
2220	31.965	2.386	29.579	34.351
2221	31.865	2.027	29.838	33.892
2222	32.513	648	31.865	33.161
2223	32.334	526	31.808	32.860
2224	32.147	442	31.705	32.589
2225	31.777	737	31.040	32.514
2226	31.463	965	30.498	32.428
2227	30.745	646	30.099	31.391
2228	30.231	755	29.476	30.986
2229	29.775	1.089	28.686	30.864
2230	29.632	1.015	28.617	30.647
2231	29.797	1.240	28.557	31.037
2232	30.127	1.501	28.626	31.628
2233	30.454	1.853	28.601	32.307
2234	30.460	1.773	28.687	32.233
2235	30.286	1.093	29.193	31.379
2236	30.069	726	29.343	30.795
2237	30.109	443	29.666	30.552
2238	30.040	797	29.243	30.837
2239	30.001	1.320	28.681	31.321
2240	30.368	1.880	28.488	32.248
2241	30.656	2.188	28.468	32.844
2242	30.741	1.636	29.105	32.377
2243	30.691	1.564	29.127	32.255
2244	30.575	781	29.794	31.356
2245	30.559	494	30.065	31.053
2246	30.472	679	29.793	31.151
2247	30.509	899	29.610	31.408
2248	30.434	1.693	28.741	32.127
2249	30.382	1.644	28.738	32.026
2250	30.946	1.571	29.375	32.517
2251	30.946	1.316	29.630	32.262
2252	31.026	1.007	30.019	32.033
2253	31.109	1.153	29.956	32.262
2254	30.763	1.045	29.718	31.808
2255	30.958	1.891	29.067	32.849
2256	30.767	1.950	28.817	32.717
2257	30.978	1.378	29.600	32.356
2258	31.117	863	30.254	31.980
2259	31.880	1.119	30.761	32.999
2260	31.786	1.212	30.574	32.998
2261	31.730	1.221	30.509	32.951
2262	31.708	719	30.989	32.427
2263	31.701	865	30.836	32.566
2264	31.611	860	30.751	32.471
2265	31.885	632	31.253	32.517
2266	32.213	385	31.828	32.598
2267	32.250	400	31.850	32.650
2268	32.235	355	31.880	32.590
2269	32.125	475	31.650	32.600
2270	31.446	1.061	30.385	32.507
2271	31.030	983	30.047	32.013
2272	31.009	1.138	29.871	32.147
2273	31.132	1.925	29.207	33.057
2274	31.332	2.224	29.108	33.556
2275	31.727	2.262	29.465	33.989
2276	31.686	2.212	29.474	33.898
2277	31.865	1.686	30.179	33.551
2278	31.872	1.194	30.678	33.066
2279	32.136	746	31.390	32.882
2280	31.768	1.157	30.611	32.925
2281	31.338	1.503	29.835	32.841
2282	30.652	1.247	29.405	31.899
2283	30.532	1.099	29.433	31.631
2284	30.501	712	29.789	31.213
2285	30.495	722	29.773	31.217
2286	30.814	803	30.011	31.617
2287	30.894	825	30.069	31.719
2288	31.374	991	30.383	32.365
2289	31.578	809	30.769	32.387
2290	31.564	951	30.613	32.515
2291	31.318	1.379	29.939	32.697
2292	31.559	2.330	29.229	33.889
2293	31.183	2.333	28.850	33.516
2294	31.156	2.767	28.389	33.923
2295	31.806	3.369	28.437	35.175
2296	32.658	2.625	30.033	35.283
2297	32.861	2.457	30.404	35.318
2298	33.326	2.028	31.298	35.354
2299	33.197	1.860	31.337	35.057
2300	33.011	1.571	31.440	34.582
2301	32.739	1.514	31.225	34.253
2302	32.337	1.113	31.224	33.450
2303	32.055	1.315	30.740	33.370
2304	31.813	1.247	30.566	33.060
2305	31.604	1.024	30.580	32.628
2306	31.391	1.033	30.358	32.424
2307	31.187	1.114	30.073	32.301
2308	31.039	1.349	29.690	32.388
2309	30.952	1.771	29.181	32.723
2310	31.446	2.183	29.263	33.629
2311	31.417	2.181	29.236	33.598
2312	31.281	1.629	29.652	32.910
2313	31.205	1.475	29.730	32.680
2314	31.015	1.408	29.607	32.423
2315	31.140	1.798	29.342	32.938
2316	30.850	1.634	29.216	32.484
2317	30.684	1.530	29.154	32.214
2318	31.177	1.377	29.800	32.554
2319	31.343	1.285	30.058	32.628
2320	31.490	1.620	29.870	33.110
2321	32.455	2.811	29.644	35.266
2322	33.130	2.502	30.628	35.632
2323	33.172	1.612	31.560	34.784
2324	32.635	1.579	31.056	34.214
2325	32.474	1.434	31.040	33.908
2326	32.271	1.268	31.003	33.539
2327	32.099	827	31.272	32.926
2328	32.192	1.111	31.081	33.303
2329	31.506	1.687	29.819	33.193
2330	31.127	1.995	29.132	33.122
2331	30.855	1.838	29.017	32.693
2332	30.706	1.766	28.940	32.472
2333	31.531	1.746	29.785	33.277
2334	31.553	1.170	30.383	32.723
2335	31.693	827	30.866	32.520
2336	31.397	1.026	30.371	32.423
2337	31.165	1.179	29.986	32.344
2338	30.834	1.601	29.233	32.435
2339	31.203	2.597	28.606	33.800
2340	31.885	3.131	28.754	35.016
2341	32.100	2.799	29.301	34.899
2342	32.054	2.739	29.315	34.793
2343	32.108	1.860	30.248	33.968
2344	31.797	1.668	30.129	33.465
2345	31.341	1.712	29.629	33.053
2346	31.160	1.565	29.595	32.725
2347	30.869	1.131	29.738	32.000
2348	30.653	988	29.665	31.641
2349	30.400	666	29.734	31.066
2350	30.899	1.370	29.529	32.269
2351	30.825	1.434	29.391	32.259
2352	31.236	2.987	28.249	34.223
2353	31.451	3.004	28.447	34.455
2354	31.387	2.962	28.425	34.349
2355	31.855	2.123	29.732	33.978
2356	31.740	1.719	30.021	33.459
2357	31.404	1.878	29.526	33.282
2358	31.203	1.900	29.303	33.103
2359	31.194	1.741	29.453	32.935
2360	31.958	1.098	30.860	33.056
2361	32.159	1.878	30.281	34.037
2362	31.972	1.990	29.982	33.962
2363	31.716	1.429	30.287	33.145
2364	32.000	1.536	30.464	33.536
2365	32.069	1.063	31.006	33.132
2366	31.789	1.290	30.499	33.079
2367	31.679	1.381	30.298	33.060
2368	31.152	1.778	29.374	32.930
2369	30.887	1.851	29.036	32.738
2370	30.627	1.674	28.953	32.301
2371	31.009	1.259	29.750	32.268
2372	31.006	715	30.291	31.721
2373	31.268	463	30.805	31.731
2374	31.182	975	30.207	32.157
2375	31.211	1.440	29.771	32.651
2376	31.008	2.596	28.412	33.604
2377	31.089	3.079	28.010	34.168
2378	31.330	3.216	28.114	34.546
2379	31.221	3.263	27.958	34.484
2380	31.040	3.096	27.944	34.136
2381	30.947	2.552	28.395	33.499
2382	30.500	2.065	28.435	32.565
2383	30.289	1.652	28.637	31.941
2384	30.123	1.339	28.784	31.462
2385	30.253	1.411	28.842	31.664
2386	30.891	1.817	29.074	32.708
2387	31.246	2.204	29.042	33.450
2388	31.211	2.175	29.036	33.386
2389	31.297	1.615	29.682	32.912
2390	31.242	1.357	29.885	32.599
2391	31.227	1.347	29.880	32.574
2392	31.559	1.561	29.998	33.120
2393	31.849	1.623	30.226	33.472
2394	31.821	1.617	30.204	33.438
2395	31.668	1.679	29.989	33.347
2396	31.618	1.496	30.122	33.114
2397	31.719	1.549	30.170	33.268
2398	31.519	1.600	29.919	33.119
2399	31.315	1.469	29.846	32.784
2400	31.219	790	30.429	32.009
2401	31.841	1.224	30.617	33.065
2402	31.784	1.385	30.399	33.169
2403	31.670	1.398	30.272	33.068
2404	31.528	1.381	30.147	32.909
2405	31.523	1.267	30.256	32.790
2406	31.381	995	30.386	32.376
2407	31.239	955	30.284	32.194
2408	31.147	829	30.318	31.976
2409	31.430	498	30.932	31.928
2410	31.566	266	31.300	31.832
2411	32.198	1.107	31.091	33.305
2412	32.230	1.048	31.182	33.278
2413	32.273	805	31.468	33.078
2414	32.434	1.404	31.030	33.838
2415	32.165	1.623	30.542	33.788
2416	32.317	3.315	29.002	35.632
2417	33.056	2.628	30.428	35.684
2418	33.066	3.223	29.843	36.289
2419	33.121	4.467	28.654	37.588
2420	32.901	4.782	28.119	37.683
2421	32.691	4.945	27.746	37.636
2422	32.300	4.782	27.518	37.082
2423	32.026	4.771	27.255	36.797
2424	31.651	4.487	27.164	36.138
2425	31.631	4.196	27.435	35.827
2426	31.535	4.038	27.497	35.573
2427	32.035	3.179	28.856	35.214
2428	31.937	3.058	28.879	34.995
2429	31.710	2.791	28.919	34.501
2430	31.612	2.626	28.986	34.238
2431	31.820	3.016	28.804	34.836
2432	31.731	3.003	28.728	34.734
2433	31.518	2.992	28.526	34.510
2434	31.628	2.777	28.851	34.405
2435	31.565	2.385	29.180	33.950
2436	31.437	2.126	29.311	33.563
2437	31.478	1.858	29.620	33.336
2438	31.263	1.830	29.433	33.093
2439	31.029	1.708	29.321	32.737
2440	30.646	1.677	28.969	32.323
2441	30.639	1.941	28.698	32.580
2442	30.693	2.158	28.535	32.851
2443	30.735	2.161	28.574	32.896
2444	31.357	2.577	28.780	33.934
2445	31.421	2.678	28.743	34.099
2446	32.298	2.567	29.731	34.865
2447	32.243	2.612	29.631	34.855
2448	32.899	3.818	29.081	36.717
2449	32.981	4.014	28.967	36.995
2450	32.583	4.530	28.053	37.113
2451	32.270	4.599	27.671	36.869
2452	31.909	4.455	27.454	36.364
2453	32.223	4.196	28.027	36.419
2454	32.168	3.563	28.605	35.731
2455	32.031	3.442	28.589	35.473
2456	31.833	2.757	29.076	34.590
2457	31.236	2.670	28.566	33.906
2458	30.849	2.581	28.268	33.430
2459	30.576	2.413	28.163	32.989
2460	30.411	2.180	28.231	32.591
2461	30.539	2.087	28.452	32.626
2462	31.297	1.513	29.784	32.810
2463	31.436	1.148	30.288	32.584
2464	31.674	514	31.160	32.188
2465	31.938	1.415	30.523	33.353
2466	31.812	1.530	30.282	33.342
2467	31.642	1.723	29.919	33.365
2468	31.480	1.887	29.593	33.367
2469	31.670	2.108	29.562	33.778
2470	32.019	2.069	29.950	34.088
2471	31.906	2.069	29.837	33.975
2472	32.301	1.010	31.291	33.311
2473	32.529	2.018	30.511	34.547
2474	32.319	2.149	30.170	34.468
2475	32.010	2.427	29.583	34.437
2476	31.839	2.644	29.195	34.483
2477	31.892	2.704	29.188	34.596
2478	31.879	2.488	29.391	34.367
2479	32.089	2.190	29.899	34.279
2480	32.036	2.055	29.981	34.091
2481	31.961	1.670	30.291	33.631
2482	31.914	1.036	30.878	32.950
2483	31.799	1.102	30.697	32.901
2484	31.582	1.137	30.445	32.719
2485	31.473	1.371	30.102	32.844
2486	31.909	1.779	30.130	33.688
2487	32.038	1.884	30.154	33.922
2488	32.246	1.629	30.617	33.875
2489	32.394	1.451	30.943	33.845
2490	32.838	247	32.591	33.085
2491	32.732	231	32.501	32.963
2492	32.633	428	32.205	33.061
2493	32.853	1.611	31.242	34.464
2494	32.649	1.770	30.879	34.419
2495	32.307	2.032	30.275	34.339
2496	31.744	2.592	29.152	34.336
2497	31.554	3.115	28.439	34.669
2498	31.411	3.842	27.569	35.253
2499	31.135	3.883	27.252	35.018
2500	30.895	3.832	27.063	34.727
2501	30.916	3.815	27.101	34.731
2502	31.392	2.692	28.700	34.084
2503	31.507	2.413	29.094	33.920
2504	31.572	2.186	29.386	33.758
2505	31.417	2.101	29.316	33.518
2506	31.186	1.872	29.314	33.058
2507	30.601	1.530	29.071	32.131
2508	30.318	1.912	28.406	32.230
2509	30.815	2.661	28.154	33.476
2510	31.177	2.395	28.782	33.572
2511	31.593	3.410	28.183	35.003
2512	32.128	3.148	28.980	35.276
2513	31.882	3.194	28.688	35.076
2514	31.927	2.485	29.442	34.412
2515	31.827	2.448	29.379	34.275
2516	31.467	2.549	28.918	34.016
2517	31.409	2.264	29.145	33.673
2518	31.564	1.551	30.013	33.115
2519	31.729	712	31.017	32.441
2520	31.736	921	30.815	32.657
2521	31.683	1.529	30.154	33.212
2522	31.257	2.060	29.197	33.317
2523	31.072	1.890	29.182	32.962
2524	31.966	1.665	30.301	33.631
2525	31.853	1.604	30.249	33.457
2526	32.062	845	31.217	32.907
2527	31.879	900	30.979	32.779
2528	31.479	955	30.524	32.434
2529	31.236	1.189	30.047	32.425
2530	31.215	2.245	28.970	33.460
2531	31.176	2.242	28.934	33.418
2532	31.991	1.306	30.685	33.297
2533	31.804	1.182	30.622	32.986
2534	31.758	1.704	30.054	33.462
2535	31.923	2.637	29.286	34.560
2536	31.706	2.768	28.938	34.474
2537	31.974	3.201	28.773	35.175
2538	32.313	2.868	29.445	35.181
2539	32.037	2.657	29.380	34.694
2540	31.824	2.893	28.931	34.717
2541	31.479	2.854	28.625	34.333
2542	31.155	3.019	28.136	34.174
2543	30.774	2.943	27.831	33.717
2544	30.219	2.950	27.269	33.169
2545	29.889	3.026	26.863	32.915
2546	29.614	2.959	26.655	32.573
2547	29.680	3.708	25.972	33.388
2548	29.819	4.110	25.709	33.929
2549	29.989	4.521	25.468	34.510
2550	30.311	5.136	25.175	35.447
2551	30.505	5.379	25.126	35.884
2552	30.400	5.377	25.023	35.777
2553	30.352	5.500	24.852	35.852
2554	30.085	5.667	24.418	35.752
2555	29.815	5.658	24.157	35.473
2556	29.412	5.558	23.854	34.970
2557	28.923	5.523	23.400	34.446
2558	29.041	5.947	23.094	34.988
2559	28.864	6.096	22.768	34.960
2560	28.677	6.328	22.349	35.005
2561	28.428	6.496	21.932	34.924
2562	28.829	7.068	21.761	35.897
2563	29.141	7.631	21.510	36.772
2564	29.255	7.725	21.530	36.980
2565	29.317	7.890	21.427	37.207
2566	29.120	8.057	21.063	37.177
2567	28.861	8.005	20.856	36.866
2568	28.985	8.465	20.520	37.450
2569	28.733	8.478	20.255	37.211
2570	28.511	8.522	19.989	37.033
2571	28.323	8.816	19.507	37.139
2572	28.125	9.109	19.016	37.234
2573	27.876	9.127	18.749	37.003
2574	27.388	9.172	18.216	36.560
2575	26.835	8.866	17.969	35.701
2576	26.369	8.890	17.479	35.259
2577	26.093	8.865	17.228	34.958
2578	25.968	8.734	17.234	34.702
2579	25.839	8.801	17.038	34.640
2580	25.570	8.788	16.782	34.358
2581	25.577	9.273	16.304	34.850
2582	25.286	9.462	15.824	34.748
2583	25.064	9.496	15.568	34.560
2584	24.571	9.262	15.309	33.833
2585	24.259	9.455	14.804	33.714
2586	23.887	9.380	14.507	33.267
2587	23.505	9.490	14.015	32.995
2588	22.997	9.233	13.764	32.230
2589	22.625	9.336	13.289	31.961
2590	22.307	9.462	12.845	31.769
2591	22.103	9.499	12.604	31.602
2592	21.731	9.618	12.113	31.349
2593	21.209	9.596	11.613	30.805
2594	20.875	9.525	11.350	30.400
2595	20.654	9.560	11.094	30.214
2596	20.329	9.490	10.839	29.819
2597	20.141	9.317	10.824	29.458
2598	19.871	9.148	10.723	29.019
2599	19.421	9.011	10.410	28.432
2600	19.045	8.901	10.144	27.946
2601	18.609	8.958	9.651	27.567
2602	18.235	9.052	9.183	27.287
2603	17.956	9.024	8.932	26.980
2604	17.562	8.973	8.589	26.535
2605	17.201	9.014	8.187	26.215
2606	16.817	9.126	7.691	25.943
2607	16.502	9.295	7.207	25.797
2608	16.122	9.409	6.713	25.531
2609	15.883	9.424	6.459	25.307
2610	15.452	9.263	6.189	24.715
2611	15.057	9.347	5.710	24.404
2612	14.643	9.200	5.443	23.843
2613	14.326	9.361	4.965	23.687
2614	13.907	9.438	4.469	23.345
2615	13.595	9.620	3.975	23.215
2616	13.348	9.847	3.501	23.195
2617	13.014	9.999	3.015	23.013
2618	12.652	9.902	2.750	22.554
2619	12.321	9.882	2.439	22.203
2620	12.058	9.641	2.417	21.699
2621	11.814	9.632	2.182	21.446
2622	11.531	9.608	1.923	21.139
2623	11.174	9.517	1.657	20.691
2624	10.800	9.623	1.177	20.423
2625	10.526	9.682	844	20.208
2626	29.938	1.406	28.532	31.344
