Time 1-10.0.0.4-10.0.0.2 Aggregate-Flow
0.000000 0.000110 0.000110
1.000000 0.000147 0.000147
2.000000 0.001937 0.001937
3.000000 0.001078 0.001078
4.000000 0.001759 0.001759
5.000000 0.002524 0.002524
6.000000 0.001708 0.001708
7.000000 0.000768 0.000768
8.000000 0.001842 0.001842
9.000000 0.000791 0.000791
10.000000 0.000562 0.000562
11.000000 0.002050 0.002050
12.000000 0.007628 0.007628
13.000000 0.000211 0.000211
14.000000 0.001674 0.001674
15.000000 0.001221 0.001221
16.000000 0.000455 0.000455
17.000000 0.000679 0.000679
18.000000 0.004283 0.004283
19.000000 0.001913 0.001913
20.000000 0.001583 0.001583
21.000000 0.003497 0.003497
22.000000 0.002412 0.002412
23.000000 0.000209 0.000209
24.000000 0.000443 0.000443
25.000000 0.000397 0.000397
26.000000 0.000481 0.000481
27.000000 0.000238 0.000238
28.000000 0.000272 0.000272
29.000000 0.000413 0.000413
30.000000 0.002445 0.002445
31.000000 0.002550 0.002550
32.000000 0.000712 0.000712
33.000000 0.001908 0.001908
34.000000 0.000224 0.000224
35.000000 0.002478 0.002478
36.000000 0.003593 0.003593
37.000000 0.000551 0.000551
38.000000 0.000097 0.000097
39.000000 0.001548 0.001548
40.000000 0.000252 0.000252
41.000000 0.000800 0.000800
42.000000 0.000607 0.000607
43.000000 0.000242 0.000242
44.000000 0.000177 0.000177
45.000000 0.000575 0.000575
46.000000 0.001768 0.001768
47.000000 0.000521 0.000521
48.000000 0.001293 0.001293
49.000000 0.001395 0.001395
50.000000 0.000536 0.000536
51.000000 0.000833 0.000833
52.000000 0.000341 0.000341
53.000000 0.000416 0.000416
54.000000 0.000417 0.000417
55.000000 0.000342 0.000342
56.000000 0.001699 0.001699
57.000000 0.002161 0.002161
58.000000 0.002606 0.002606
59.000000 0.000577 0.000577
60.000000 0.001935 0.001935
61.000000 0.001140 0.001140
62.000000 0.000499 0.000499
63.000000 0.000252 0.000252
64.000000 0.000195 0.000195
65.000000 0.001432 0.001432
66.000000 0.000193 0.000193
67.000000 0.000107 0.000107
68.000000 0.001351 0.001351
69.000000 0.002240 0.002240
70.000000 0.000674 0.000674
71.000000 0.000745 0.000745
72.000000 0.000938 0.000938
73.000000 0.000933 0.000933
74.000000 0.001095 0.001095
75.000000 0.000979 0.000979
76.000000 0.001665 0.001665
77.000000 0.001184 0.001184
78.000000 0.001433 0.001433
79.000000 0.001022 0.001022
80.000000 0.000631 0.000631
81.000000 0.000232 0.000232
82.000000 0.001005 0.001005
83.000000 0.001899 0.001899
84.000000 0.000913 0.000913
85.000000 0.001437 0.001437
86.000000 0.000649 0.000649
87.000000 0.000805 0.000805
88.000000 0.000141 0.000141
89.000000 0.002070 0.002070
90.000000 0.001703 0.001703
91.000000 0.000810 0.000810
92.000000 0.000121 0.000121
93.000000 0.001310 0.001310
94.000000 0.000800 0.000800
95.000000 0.000388 0.000388
96.000000 0.000160 0.000160
97.000000 0.000198 0.000198
98.000000 0.000673 0.000673
99.000000 0.001570 0.001570
100.000000 0.004162 0.004162
101.000000 0.000888 0.000888
102.000000 0.001171 0.001171
103.000000 0.000678 0.000678
104.000000 0.001814 0.001814
105.000000 0.000108 0.000108
106.000000 0.001440 0.001440
107.000000 0.001206 0.001206
108.000000 0.000654 0.000654
109.000000 0.000314 0.000314
110.000000 0.000747 0.000747
111.000000 0.002155 0.002155
112.000000 0.002160 0.002160
113.000000 0.002138 0.002138
114.000000 0.002321 0.002321
115.000000 0.001397 0.001397
116.000000 0.001253 0.001253
117.000000 0.001139 0.001139
118.000000 0.000549 0.000549
119.000000 0.000241 0.000241
120.000000 0.000129 0.000129
121.000000 0.000904 0.000904
122.000000 0.002270 0.002270
123.000000 0.000343 0.000343
124.000000 0.001304 0.001304
125.000000 0.000492 0.000492
126.000000 0.000536 0.000536
127.000000 0.001545 0.001545
128.000000 0.000223 0.000223
129.000000 0.000177 0.000177
130.000000 0.000212 0.000212
131.000000 0.000129 0.000129
132.000000 0.000844 0.000844
133.000000 0.000193 0.000193
134.000000 0.001373 0.001373
135.000000 0.000481 0.000481
136.000000 0.000121 0.000121
137.000000 0.000373 0.000373
138.000000 0.000277 0.000277
139.000000 0.000786 0.000786
140.000000 0.000317 0.000317
141.000000 0.001736 0.001736
142.000000 0.002813 0.002813
143.000000 0.000121 0.000121
144.000000 0.001255 0.001255
145.000000 0.000534 0.000534
146.000000 0.002721 0.002721
147.000000 0.000793 0.000793
148.000000 0.001957 0.001957
149.000000 0.000890 0.000890
150.000000 0.001305 0.001305
151.000000 0.001567 0.001567
152.000000 0.000766 0.000766
153.000000 0.000298 0.000298
154.000000 0.001502 0.001502
155.000000 0.002133 0.002133
156.000000 0.000714 0.000714
157.000000 0.000707 0.000707
158.000000 0.000304 0.000304
159.000000 0.003069 0.003069
160.000000 0.000187 0.000187
161.000000 0.000638 0.000638
162.000000 0.002039 0.002039
163.000000 0.000331 0.000331
164.000000 0.000192 0.000192
165.000000 0.000324 0.000324
166.000000 0.000601 0.000601
167.000000 0.001411 0.001411
168.000000 0.001958 0.001958
169.000000 0.001240 0.001240
170.000000 0.002586 0.002586
171.000000 0.000326 0.000326
172.000000 0.000448 0.000448
173.000000 0.000998 0.000998
174.000000 0.000869 0.000869
175.000000 0.000163 0.000163
176.000000 0.000233 0.000233
177.000000 0.000215 0.000215
178.000000 0.000832 0.000832
179.000000 0.000471 0.000471
180.000000 0.000965 0.000965
181.000000 0.001140 0.001140
182.000000 0.002045 0.002045
183.000000 0.000876 0.000876
184.000000 0.001480 0.001480
185.000000 0.001650 0.001650
186.000000 0.001180 0.001180
187.000000 0.000228 0.000228
188.000000 0.000305 0.000305
189.000000 0.000929 0.000929
190.000000 0.000527 0.000527
191.000000 0.001524 0.001524
192.000000 0.001405 0.001405
193.000000 0.000287 0.000287
194.000000 0.000373 0.000373
195.000000 0.002204 0.002204
196.000000 0.000161 0.000161
197.000000 0.001237 0.001237
198.000000 0.001364 0.001364
199.000000 0.000183 0.000183
200.000000 0.001665 0.001665
201.000000 0.000813 0.000813
202.000000 0.000392 0.000392
203.000000 0.002101 0.002101
204.000000 0.000552 0.000552
205.000000 0.000315 0.000315
206.000000 0.000324 0.000324
207.000000 0.000209 0.000209
208.000000 0.000096 0.000096
209.000000 0.000096 0.000096
210.000000 0.002146 0.002146
211.000000 0.001126 0.001126
212.000000 0.000238 0.000238
213.000000 0.001431 0.001431
214.000000 0.000706 0.000706
215.000000 0.000986 0.000986
216.000000 0.001160 0.001160
217.000000 0.002580 0.002580
218.000000 0.000729 0.000729
219.000000 0.000979 0.000979
220.000000 0.000228 0.000228
221.000000 0.000842 0.000842
222.000000 0.001081 0.001081
223.000000 0.000508 0.000508
224.000000 0.000190 0.000190
225.000000 0.000697 0.000697
226.000000 0.001163 0.001163
227.000000 0.000737 0.000737
228.000000 0.008667 0.008667
229.000000 0.001741 0.001741
230.000000 0.000979 0.000979
231.000000 0.000924 0.000924
232.000000 0.000849 0.000849
233.000000 0.000537 0.000537
234.000000 0.001774 0.001774
235.000000 0.002105 0.002105
236.000000 0.005536 0.005536
237.000000 0.000935 0.000935
238.000000 0.000197 0.000197
239.000000 0.000843 0.000843
240.000000 0.000890 0.000890
241.000000 0.000444 0.000444
242.000000 0.005124 0.005124
243.000000 0.002678 0.002678
244.000000 0.005729 0.005729
245.000000 0.001293 0.001293
246.000000 0.001130 0.001130
247.000000 0.006115 0.006115
248.000000 0.002266 0.002266
249.000000 0.001545 0.001545
250.000000 0.000560 0.000560
251.000000 0.001435 0.001435
252.000000 0.001580 0.001580
253.000000 0.000303 0.000303
254.000000 0.000106 0.000106
255.000000 0.000112 0.000112
256.000000 0.000207 0.000207
257.000000 0.000531 0.000531
258.000000 0.000136 0.000136
259.000000 0.000475 0.000475
260.000000 0.000280 0.000280
261.000000 0.001707 0.001707
262.000000 0.001729 0.001729
263.000000 0.002252 0.002252
264.000000 0.000520 0.000520
265.000000 0.001342 0.001342
266.000000 0.001816 0.001816
267.000000 0.001130 0.001130
268.000000 0.000552 0.000552
269.000000 0.002962 0.002962
270.000000 0.001152 0.001152
271.000000 0.000234 0.000234
272.000000 0.001290 0.001290
273.000000 0.000274 0.000274
274.000000 0.000128 0.000128
275.000000 0.000668 0.000668
276.000000 0.000899 0.000899
277.000000 0.001939 0.001939
278.000000 0.000817 0.000817
279.000000 0.000741 0.000741
280.000000 0.000157 0.000157
281.000000 0.000181 0.000181
282.000000 0.000099 0.000099
283.000000 0.000105 0.000105
284.000000 0.000617 0.000617
285.000000 0.001411 0.001411
286.000000 0.000545 0.000545
287.000000 0.000706 0.000706
288.000000 0.000892 0.000892
289.000000 0.002586 0.002586
290.000000 0.001170 0.001170
291.000000 0.000381 0.000381
292.000000 0.000456 0.000456
293.000000 0.001821 0.001821
294.000000 0.002379 0.002379
295.000000 0.006856 0.006856
296.000000 0.001644 0.001644
297.000000 0.001676 0.001676
298.000000 0.000121 0.000121
299.000000 0.000096 0.000096
300.000000 0.000586 0.000586
301.000000 0.000201 0.000201
302.000000 0.000456 0.000456
303.000000 0.001217 0.001217
304.000000 0.000644 0.000644
305.000000 0.000901 0.000901
306.000000 0.000907 0.000907
307.000000 0.000588 0.000588
308.000000 0.000111 0.000111
309.000000 0.001082 0.001082
310.000000 0.001436 0.001436
311.000000 0.000734 0.000734
312.000000 0.001442 0.001442
313.000000 0.001591 0.001591
314.000000 0.000958 0.000958
315.000000 0.002502 0.002502
316.000000 0.001797 0.001797
317.000000 0.000715 0.000715
318.000000 0.000878 0.000878
319.000000 0.001906 0.001906
320.000000 0.000116 0.000116
321.000000 0.000576 0.000576
322.000000 0.005265 0.005265
323.000000 0.000977 0.000977
324.000000 0.000103 0.000103
325.000000 0.000705 0.000705
326.000000 0.002377 0.002377
327.000000 0.003050 0.003050
328.000000 0.001300 0.001300
329.000000 0.000220 0.000220
330.000000 0.000435 0.000435
331.000000 0.000638 0.000638
332.000000 0.000688 0.000688
333.000000 0.000395 0.000395
334.000000 0.001132 0.001132
335.000000 0.000194 0.000194
336.000000 0.001352 0.001352
337.000000 0.000271 0.000271
338.000000 0.000130 0.000130
339.000000 0.000392 0.000392
340.000000 0.000120 0.000120
341.000000 0.001936 0.001936
342.000000 0.000556 0.000556
343.000000 0.000085 0.000085
344.000000 0.000879 0.000879
345.000000 0.000099 0.000099
346.000000 0.000572 0.000572
347.000000 0.001231 0.001231
348.000000 0.000113 0.000113
349.000000 0.000165 0.000165
350.000000 0.000430 0.000430
351.000000 0.000322 0.000322
352.000000 0.001163 0.001163
353.000000 0.001262 0.001262
354.000000 0.000092 0.000092
355.000000 0.003963 0.003963
356.000000 0.000371 0.000371
357.000000 0.002081 0.002081
358.000000 0.000839 0.000839
359.000000 0.000665 0.000665
360.000000 0.000105 0.000105
361.000000 0.000797 0.000797
362.000000 0.000116 0.000116
363.000000 0.000493 0.000493
364.000000 0.001863 0.001863
365.000000 0.000463 0.000463
366.000000 0.001192 0.001192
367.000000 0.000421 0.000421
368.000000 0.000550 0.000550
369.000000 0.000242 0.000242
370.000000 0.000186 0.000186
371.000000 0.001595 0.001595
372.000000 0.003416 0.003416
373.000000 0.000486 0.000486
374.000000 0.002537 0.002537
375.000000 0.000781 0.000781
376.000000 0.000612 0.000612
377.000000 0.000264 0.000264
378.000000 0.001460 0.001460
379.000000 0.001157 0.001157
380.000000 0.000567 0.000567
381.000000 0.001046 0.001046
382.000000 0.001870 0.001870
383.000000 0.000756 0.000756
384.000000 0.001024 0.001024
385.000000 0.000686 0.000686
386.000000 0.000175 0.000175
387.000000 0.002326 0.002326
388.000000 0.000579 0.000579
389.000000 0.001363 0.001363
390.000000 0.000533 0.000533
391.000000 0.000771 0.000771
392.000000 0.001213 0.001213
393.000000 0.000298 0.000298
394.000000 0.000202 0.000202
395.000000 0.001235 0.001235
396.000000 0.000356 0.000356
397.000000 0.000213 0.000213
398.000000 0.000994 0.000994
399.000000 0.002046 0.002046
400.000000 0.000439 0.000439
401.000000 0.000153 0.000153
402.000000 0.001556 0.001556
403.000000 0.000784 0.000784
404.000000 0.001433 0.001433
405.000000 0.000463 0.000463
406.000000 0.001802 0.001802
407.000000 0.000920 0.000920
408.000000 0.002122 0.002122
409.000000 0.001307 0.001307
410.000000 0.001003 0.001003
411.000000 0.000553 0.000553
412.000000 0.000251 0.000251
413.000000 0.001021 0.001021
414.000000 0.000266 0.000266
415.000000 0.000136 0.000136
416.000000 0.000314 0.000314
417.000000 0.001101 0.001101
418.000000 0.002416 0.002416
419.000000 0.000417 0.000417
420.000000 0.000206 0.000206
421.000000 0.000242 0.000242
422.000000 0.000459 0.000459
423.000000 0.001986 0.001986
424.000000 0.000492 0.000492
425.000000 0.000593 0.000593
426.000000 0.000410 0.000410
427.000000 0.000156 0.000156
428.000000 0.000121 0.000121
429.000000 0.000143 0.000143
430.000000 0.000363 0.000363
431.000000 0.000258 0.000258
432.000000 0.000279 0.000279
433.000000 0.000975 0.000975
434.000000 0.001061 0.001061
435.000000 0.000794 0.000794
436.000000 0.000339 0.000339
437.000000 0.001057 0.001057
438.000000 0.000880 0.000880
439.000000 0.000539 0.000539
440.000000 0.001195 0.001195
441.000000 0.000157 0.000157
442.000000 0.000842 0.000842
443.000000 0.000795 0.000795
444.000000 0.000292 0.000292
445.000000 0.000438 0.000438
446.000000 0.000100 0.000100
447.000000 0.000235 0.000235
448.000000 0.001450 0.001450
449.000000 0.001122 0.001122
450.000000 0.000242 0.000242
451.000000 0.002814 0.002814
452.000000 0.000156 0.000156
453.000000 0.009305 0.009305
454.000000 0.000575 0.000575
455.000000 0.000478 0.000478
456.000000 0.000905 0.000905
457.000000 0.001539 0.001539
458.000000 0.002558 0.002558
459.000000 0.002770 0.002770
460.000000 0.000121 0.000121
461.000000 0.001373 0.001373
462.000000 0.000527 0.000527
463.000000 0.000689 0.000689
464.000000 0.001495 0.001495
465.000000 0.000266 0.000266
466.000000 0.000214 0.000214
467.000000 0.002072 0.002072
468.000000 0.000529 0.000529
469.000000 0.000195 0.000195
470.000000 0.000733 0.000733
471.000000 0.000733 0.000733
472.000000 0.000163 0.000163
473.000000 0.000119 0.000119
474.000000 0.000418 0.000418
475.000000 0.000696 0.000696
476.000000 0.002729 0.002729
477.000000 0.000404 0.000404
478.000000 0.001255 0.001255
479.000000 0.002122 0.002122
480.000000 0.000391 0.000391
481.000000 0.001900 0.001900
482.000000 0.001238 0.001238
483.000000 0.000551 0.000551
484.000000 0.004786 0.004786
485.000000 0.000897 0.000897
486.000000 0.001055 0.001055
487.000000 0.000874 0.000874
488.000000 0.001328 0.001328
489.000000 0.001654 0.001654
490.000000 0.000680 0.000680
491.000000 0.000127 0.000127
492.000000 0.000099 0.000099
493.000000 0.000335 0.000335
494.000000 0.000729 0.000729
495.000000 0.000839 0.000839
496.000000 0.001267 0.001267
497.000000 0.001205 0.001205
498.000000 0.000105 0.000105
499.000000 0.000402 0.000402
500.000000 0.005226 0.005226
501.000000 0.004299 0.004299
502.000000 0.001143 0.001143
503.000000 0.000691 0.000691
504.000000 0.000640 0.000640
505.000000 0.000571 0.000571
506.000000 0.000361 0.000361
507.000000 0.000121 0.000121
508.000000 0.000176 0.000176
509.000000 0.000938 0.000938
510.000000 0.000110 0.000110
511.000000 0.000247 0.000247
512.000000 0.000803 0.000803
513.000000 0.000507 0.000507
514.000000 0.000494 0.000494
515.000000 0.000258 0.000258
516.000000 0.002055 0.002055
517.000000 0.001046 0.001046
518.000000 0.000866 0.000866
519.000000 0.000254 0.000254
520.000000 0.000159 0.000159
521.000000 0.000918 0.000918
522.000000 0.002095 0.002095
523.000000 0.000137 0.000137
524.000000 0.000731 0.000731
525.000000 0.003135 0.003135
526.000000 0.001285 0.001285
527.000000 0.001334 0.001334
528.000000 0.000383 0.000383
529.000000 0.002681 0.002681
530.000000 0.000774 0.000774
531.000000 0.001156 0.001156
532.000000 0.001277 0.001277
533.000000 0.000665 0.000665
534.000000 0.000344 0.000344
535.000000 0.000645 0.000645
536.000000 0.000742 0.000742
537.000000 0.000969 0.000969
538.000000 0.001717 0.001717
539.000000 0.000268 0.000268
540.000000 0.000146 0.000146
541.000000 0.000606 0.000606
542.000000 0.000707 0.000707
543.000000 0.000888 0.000888
544.000000 0.000616 0.000616
545.000000 0.000447 0.000447
546.000000 0.000859 0.000859
547.000000 0.004232 0.004232
548.000000 0.001754 0.001754
549.000000 0.000891 0.000891
550.000000 0.000398 0.000398
551.000000 0.001497 0.001497
552.000000 0.000356 0.000356
553.000000 0.001178 0.001178
554.000000 0.000248 0.000248
555.000000 0.000847 0.000847
556.000000 0.001160 0.001160
557.000000 0.001121 0.001121
558.000000 0.001655 0.001655
559.000000 0.001260 0.001260
560.000000 0.000944 0.000944
561.000000 0.001051 0.001051
562.000000 0.001472 0.001472
563.000000 0.000349 0.000349
564.000000 0.000153 0.000153
565.000000 0.000295 0.000295
566.000000 0.000244 0.000244
567.000000 0.000128 0.000128
568.000000 0.000194 0.000194
569.000000 0.000885 0.000885
570.000000 0.000101 0.000101
571.000000 0.000884 0.000884
572.000000 0.000824 0.000824
573.000000 0.000274 0.000274
574.000000 0.000248 0.000248
575.000000 0.000926 0.000926
576.000000 0.001658 0.001658
577.000000 0.000125 0.000125
578.000000 0.000688 0.000688
579.000000 0.000517 0.000517
580.000000 0.000310 0.000310
581.000000 0.001903 0.001903
582.000000 0.000359 0.000359
583.000000 0.001016 0.001016
584.000000 0.001374 0.001374
585.000000 0.001205 0.001205
586.000000 0.000626 0.000626
587.000000 0.001121 0.001121
588.000000 0.000523 0.000523
589.000000 0.000405 0.000405
590.000000 0.001461 0.001461
591.000000 0.000591 0.000591
592.000000 0.000406 0.000406
593.000000 0.000667 0.000667
594.000000 0.001167 0.001167
595.000000 0.001209 0.001209
596.000000 0.001589 0.001589
597.000000 0.000835 0.000835
598.000000 0.002895 0.002895
599.000000 0.002383 0.002383
