Interval	Avg	Std	CI=0.95	Min	Median	Max
    0 --     1	0.008	0.009	0.015	0.002	0.004	0.024
    1 --     2	0.008	0.004	0.007	0.003	0.007	0.014
    2 --     3	0.005	0.002	0.003	0.003	0.005	0.007
    3 --     4	0.005	0.002	0.004	0.002	0.005	0.008
    4 --     5	0.008	0.007	0.011	0.002	0.005	0.019
    5 --     6	0.010	0.011	0.017	0.003	0.005	0.029
    6 --     7	0.003	0.000	0.000	0.002	0.003	0.003
    7 --     8	0.004	0.002	0.003	0.002	0.003	0.008
    8 --     9	0.006	0.004	0.006	0.002	0.006	0.011
    9 --    10	0.004	0.001	0.002	0.002	0.004	0.006
   10 --    11	0.004	0.002	0.003	0.002	0.004	0.006
   11 --    12	0.005	0.002	0.003	0.003	0.005	0.008
   12 --    13	0.004	0.002	0.004	0.002	0.003	0.008
   13 --    14	0.004	0.001	0.002	0.003	0.004	0.006
   14 --    15	0.004	0.002	0.004	0.002	0.003	0.008
   15 --    16	0.004	0.001	0.002	0.002	0.004	0.005
   16 --    17	0.006	0.003	0.004	0.002	0.005	0.010
   17 --    18	0.004	0.002	0.003	0.003	0.004	0.007
   18 --    19	0.006	0.001	0.001	0.004	0.006	0.007
   19 --    20	0.005	0.002	0.004	0.003	0.004	0.009
   20 --    21	0.003	0.001	0.002	0.002	0.003	0.005
   21 --    22	0.003	0.001	0.002	0.002	0.003	0.006
   22 --    23	0.005	0.002	0.003	0.002	0.006	0.007
   23 --    24	0.006	0.001	0.002	0.005	0.006	0.008
   24 --    25	0.005	0.001	0.002	0.003	0.004	0.007
   25 --    26	0.006	0.002	0.003	0.004	0.006	0.008
   26 --    27	0.006	0.002	0.003	0.003	0.006	0.007
   27 --    28	0.004	0.002	0.003	0.002	0.003	0.006
   28 --    29	0.006	0.002	0.004	0.002	0.006	0.009
   29 --    30	0.004	0.002	0.002	0.002	0.004	0.006
   30 --    31	0.004	0.002	0.003	0.003	0.003	0.007
   31 --    32	0.006	0.002	0.003	0.002	0.006	0.008
   32 --    33	0.006	0.001	0.002	0.004	0.005	0.007
   33 --    34	0.005	0.002	0.003	0.003	0.005	0.008
   34 --    35	0.004	0.001	0.002	0.002	0.004	0.005
   35 --    36	0.003	0.001	0.002	0.002	0.003	0.005
   36 --    37	0.004	0.002	0.003	0.002	0.003	0.007
   37 --    38	0.004	0.001	0.002	0.002	0.004	0.006
   38 --    39	0.005	0.002	0.003	0.004	0.005	0.008
   39 --    40	0.008	0.003	0.004	0.005	0.007	0.012
   40 --    41	0.007	0.001	0.001	0.007	0.007	0.008
   41 --    42	0.007	0.002	0.004	0.003	0.008	0.010
   42 --    43	0.005	0.002	0.003	0.002	0.006	0.008
   43 --    44	0.005	0.002	0.002	0.003	0.005	0.007
   44 --    45	0.003	0.001	0.002	0.002	0.003	0.005
   45 --    46	0.003	0.001	0.001	0.002	0.004	0.004
   46 --    47	0.004	0.001	0.002	0.002	0.004	0.005
   47 --    48	0.005	0.002	0.003	0.002	0.006	0.008
   48 --    49	0.005	0.001	0.002	0.004	0.006	0.007
   49 --    50	0.004	0.002	0.003	0.003	0.004	0.006
   50 --    51	0.005	0.002	0.003	0.003	0.005	0.007
   51 --    52	0.006	0.002	0.003	0.004	0.006	0.008
   52 --    53	0.009	0.004	0.006	0.005	0.008	0.014
   53 --    54	0.005	0.002	0.002	0.003	0.006	0.007
   54 --    55	0.004	0.002	0.004	0.002	0.004	0.008
   55 --    56	0.004	0.001	0.002	0.003	0.004	0.006
   56 --    57	0.005	0.002	0.003	0.003	0.005	0.007
   57 --    58	0.006	0.002	0.003	0.003	0.006	0.009
   58 --    59	0.019	0.024	0.039	0.002	0.006	0.061
   59 --    60	0.009	0.009	0.015	0.002	0.004	0.025
   60 --    61	0.004	0.002	0.003	0.002	0.004	0.006
   61 --    62	0.007	0.006	0.010	0.003	0.004	0.018
   62 --    63	0.004	0.001	0.002	0.003	0.004	0.006
   63 --    64	0.003	0.001	0.002	0.002	0.003	0.005
   64 --    65	0.004	0.002	0.003	0.003	0.003	0.007
   65 --    66	0.003	0.001	0.002	0.002	0.003	0.005
   66 --    67	0.005	0.002	0.003	0.002	0.005	0.008
   67 --    68	0.007	0.001	0.001	0.006	0.007	0.008
   68 --    69	0.005	0.001	0.001	0.005	0.005	0.007
   69 --    70	0.006	0.001	0.002	0.004	0.006	0.007
   70 --    71	0.004	0.002	0.002	0.002	0.003	0.006
   71 --    72	0.005	0.002	0.004	0.002	0.004	0.008
   72 --    73	0.004	0.002	0.004	0.002	0.002	0.007
   73 --    74	0.005	0.002	0.002	0.003	0.004	0.007
   74 --    75	0.005	0.001	0.002	0.003	0.006	0.007
   75 --    76	0.006	0.002	0.003	0.003	0.007	0.007
   76 --    77	0.006	0.002	0.004	0.003	0.005	0.009
   77 --    78	0.004	0.002	0.003	0.002	0.004	0.007
   78 --    79	0.006	0.001	0.002	0.005	0.006	0.008
   79 --    80	0.012	0.011	0.018	0.003	0.007	0.031
   80 --    81	0.011	0.009	0.015	0.003	0.007	0.026
   81 --    82	0.012	0.012	0.019	0.003	0.007	0.033
   82 --    83	0.014	0.012	0.019	0.006	0.008	0.034
   83 --    84	0.007	0.003	0.004	0.003	0.008	0.011
   84 --    85	0.037	0.055	0.088	0.003	0.006	0.132
   85 --    86	0.007	0.005	0.007	0.003	0.005	0.014
   86 --    87	0.012	0.015	0.024	0.002	0.004	0.039
   87 --    88	0.010	0.010	0.015	0.002	0.007	0.026
   88 --    89	0.008	0.008	0.012	0.002	0.004	0.021
   89 --    90	0.011	0.008	0.012	0.002	0.011	0.020
   90 --    91	0.007	0.005	0.008	0.002	0.005	0.015
   91 --    92	0.004	0.002	0.003	0.002	0.004	0.007
   92 --    93	0.005	0.002	0.003	0.003	0.005	0.008
   93 --    94	0.006	0.002	0.004	0.003	0.005	0.009
   94 --    95	0.004	0.001	0.002	0.003	0.004	0.005
   95 --    96	0.004	0.002	0.003	0.002	0.003	0.007
   96 --    97	0.005	0.002	0.004	0.002	0.004	0.008
   97 --    98	0.010	0.009	0.014	0.002	0.007	0.026
   98 --    99	0.006	0.001	0.001	0.005	0.006	0.007
   99 --   100	0.035	0.047	0.075	0.004	0.009	0.117
  100 --   101	0.005	0.001	0.002	0.002	0.005	0.006
  101 --   102	0.016	0.021	0.033	0.003	0.004	0.053
  102 --   103	0.005	0.001	0.002	0.004	0.005	0.006
  103 --   104	0.005	0.002	0.003	0.002	0.005	0.007
  104 --   105	0.015	0.019	0.031	0.003	0.004	0.048
  105 --   106	0.006	0.002	0.004	0.002	0.006	0.009
  106 --   107	0.007	0.004	0.006	0.002	0.006	0.013
  107 --   108	0.005	0.002	0.003	0.002	0.005	0.007
  108 --   109	0.005	0.001	0.002	0.004	0.005	0.007
  109 --   110	0.006	0.002	0.003	0.003	0.005	0.008
  110 --   111	0.009	0.005	0.008	0.004	0.007	0.017
  111 --   112	0.015	0.017	0.027	0.003	0.006	0.044
  112 --   113	0.006	0.002	0.003	0.003	0.006	0.007
  113 --   114	0.005	0.002	0.003	0.003	0.005	0.007
  114 --   115	0.004	0.002	0.002	0.002	0.004	0.006
  115 --   116	0.005	0.004	0.006	0.002	0.004	0.011
  116 --   117	0.003	0.001	0.001	0.002	0.003	0.005
  117 --   118	0.004	0.002	0.003	0.002	0.003	0.006
  118 --   119	0.006	0.002	0.003	0.004	0.006	0.008
  119 --   120	0.005	0.002	0.002	0.003	0.005	0.007
  120 --   121	0.005	0.001	0.002	0.003	0.005	0.006
  121 --   122	0.008	0.004	0.007	0.003	0.006	0.014
  122 --   123	0.019	0.025	0.040	0.004	0.005	0.063
  123 --   124	0.004	0.001	0.002	0.003	0.004	0.007
  124 --   125	0.004	0.001	0.002	0.002	0.004	0.005
  125 --   126	0.005	0.001	0.001	0.003	0.005	0.005
  126 --   127	0.005	0.003	0.004	0.002	0.005	0.008
  127 --   128	0.006	0.002	0.003	0.002	0.006	0.008
  128 --   129	0.006	0.003	0.005	0.003	0.005	0.011
  129 --   130	0.005	0.002	0.003	0.003	0.004	0.007
  130 --   131	0.006	0.001	0.002	0.004	0.006	0.007
  131 --   132	0.050	0.077	0.122	0.002	0.007	0.183
  132 --   133	0.009	0.008	0.012	0.002	0.006	0.022
  133 --   134	0.011	0.007	0.012	0.006	0.007	0.024
  134 --   135	0.036	0.054	0.085	0.003	0.006	0.129
  135 --   136	0.003	0.002	0.003	0.002	0.003	0.007
  136 --   137	0.004	0.001	0.002	0.003	0.003	0.006
  137 --   138	0.004	0.002	0.003	0.002	0.003	0.007
  138 --   139	0.008	0.007	0.011	0.003	0.004	0.020
  139 --   140	0.015	0.017	0.027	0.004	0.005	0.045
  140 --   141	0.034	0.048	0.077	0.005	0.006	0.118
  141 --   142	0.004	0.001	0.002	0.002	0.004	0.006
  142 --   143	0.005	0.001	0.002	0.002	0.005	0.006
  143 --   144	0.005	0.002	0.003	0.002	0.006	0.007
  144 --   145	0.003	0.001	0.002	0.002	0.003	0.005
  145 --   146	0.005	0.002	0.003	0.003	0.005	0.007
  146 --   147	0.004	0.002	0.003	0.002	0.004	0.006
  147 --   148	0.006	0.002	0.003	0.003	0.006	0.007
  148 --   149	0.006	0.002	0.003	0.004	0.007	0.008
  149 --   150	0.004	0.001	0.002	0.002	0.004	0.006
  150 --   151	0.005	0.002	0.004	0.003	0.005	0.008
  151 --   152	0.004	0.002	0.003	0.002	0.003	0.008
  152 --   153	0.006	0.002	0.003	0.003	0.007	0.007
  153 --   154	0.005	0.002	0.002	0.003	0.005	0.007
  154 --   155	0.004	0.002	0.003	0.002	0.004	0.007
  155 --   156	0.005	0.003	0.005	0.002	0.005	0.009
  156 --   157	0.005	0.002	0.003	0.003	0.005	0.007
  157 --   158	0.005	0.002	0.003	0.003	0.004	0.008
  158 --   159	0.005	0.001	0.002	0.002	0.005	0.006
  159 --   160	0.015	0.019	0.030	0.002	0.005	0.048
  160 --   161	0.025	0.036	0.058	0.002	0.005	0.088
  161 --   162	0.005	0.001	0.001	0.004	0.004	0.006
  162 --   163	0.005	0.002	0.004	0.002	0.005	0.008
  163 --   164	0.005	0.002	0.003	0.002	0.005	0.006
  164 --   165	0.005	0.003	0.004	0.002	0.005	0.009
  165 --   166	0.004	0.002	0.003	0.002	0.004	0.006
  166 --   167	0.005	0.002	0.003	0.002	0.005	0.007
  167 --   168	0.006	0.001	0.002	0.004	0.006	0.007
  168 --   169	0.007	0.002	0.003	0.004	0.006	0.010
  169 --   170	0.003	0.002	0.003	0.002	0.003	0.006
  170 --   171	0.006	0.002	0.003	0.003	0.006	0.008
  171 --   172	0.006	0.002	0.003	0.004	0.006	0.009
  172 --   173	0.007	0.001	0.001	0.006	0.007	0.008
  173 --   174	0.005	0.002	0.003	0.003	0.005	0.008
  174 --   175	0.005	0.001	0.001	0.004	0.006	0.006
  175 --   176	0.005	0.002	0.002	0.003	0.005	0.007
  176 --   177	0.006	0.001	0.002	0.004	0.006	0.008
  177 --   178	0.004	0.002	0.003	0.002	0.004	0.007
  178 --   179	0.006	0.001	0.002	0.004	0.005	0.008
  179 --   180	0.006	0.004	0.006	0.002	0.006	0.012
  180 --   181	0.004	0.001	0.001	0.003	0.004	0.005
  181 --   182	0.004	0.002	0.003	0.002	0.003	0.008
  182 --   183	0.005	0.002	0.003	0.003	0.005	0.007
  183 --   184	0.004	0.001	0.002	0.002	0.004	0.006
  184 --   185	0.004	0.001	0.002	0.003	0.004	0.006
  185 --   186	0.007	0.000	0.000	0.007	0.007	0.008
  186 --   187	0.005	0.002	0.002	0.002	0.005	0.007
  187 --   188	0.005	0.002	0.003	0.003	0.005	0.007
  188 --   189	0.005	0.001	0.001	0.004	0.005	0.006
  189 --   190	0.006	0.001	0.002	0.004	0.006	0.007
  190 --   191	0.007	0.002	0.004	0.004	0.006	0.010
  191 --   192	0.005	0.002	0.003	0.002	0.005	0.006
  192 --   193	0.005	0.002	0.003	0.002	0.004	0.007
  193 --   194	0.006	0.002	0.004	0.003	0.005	0.010
  194 --   195	0.005	0.002	0.003	0.003	0.005	0.008
  195 --   196	0.005	0.002	0.004	0.002	0.005	0.009
  196 --   197	0.004	0.001	0.002	0.002	0.004	0.006
  197 --   198	0.004	0.001	0.001	0.003	0.004	0.005
  198 --   199	0.007	0.002	0.003	0.003	0.008	0.009
  199 --   200	0.005	0.001	0.002	0.003	0.005	0.007
  200 --   201	0.006	0.003	0.005	0.002	0.005	0.011
  201 --   202	0.005	0.002	0.003	0.002	0.006	0.007
  202 --   203	0.004	0.001	0.002	0.003	0.004	0.006
  203 --   204	0.005	0.001	0.002	0.003	0.004	0.007
  204 --   205	0.004	0.001	0.002	0.004	0.004	0.006
  205 --   206	0.005	0.003	0.005	0.003	0.004	0.011
  206 --   207	0.004	0.002	0.004	0.002	0.003	0.008
  207 --   208	0.004	0.002	0.003	0.002	0.004	0.007
  208 --   209	0.006	0.001	0.001	0.006	0.006	0.008
  209 --   210	0.005	0.000	0.001	0.004	0.005	0.005
  210 --   211	0.017	0.021	0.033	0.004	0.006	0.053
  211 --   212	0.017	0.021	0.033	0.002	0.006	0.053
  212 --   213	0.006	0.002	0.003	0.003	0.006	0.008
  213 --   214	0.004	0.002	0.003	0.002	0.003	0.007
  214 --   215	0.005	0.002	0.003	0.002	0.005	0.007
  215 --   216	0.005	0.001	0.002	0.003	0.005	0.006
  216 --   217	0.005	0.001	0.002	0.003	0.006	0.006
  217 --   218	0.006	0.001	0.002	0.004	0.006	0.008
  218 --   219	0.009	0.006	0.010	0.002	0.007	0.019
  219 --   220	0.005	0.002	0.003	0.002	0.005	0.007
  220 --   221	0.035	0.047	0.074	0.003	0.010	0.115
  221 --   222	0.076	0.115	0.183	0.004	0.013	0.275
  222 --   223	0.010	0.010	0.016	0.002	0.005	0.027
  223 --   224	0.015	0.014	0.022	0.003	0.010	0.038
  224 --   225	0.004	0.001	0.002	0.002	0.004	0.006
  225 --   226	0.004	0.002	0.003	0.003	0.003	0.007
  226 --   227	0.005	0.002	0.004	0.002	0.005	0.007
  227 --   228	0.005	0.002	0.004	0.003	0.006	0.008
  228 --   229	0.004	0.001	0.002	0.003	0.004	0.005
  229 --   230	0.006	0.002	0.003	0.003	0.006	0.008
  230 --   231	0.053	0.081	0.128	0.005	0.007	0.193
  231 --   232	0.009	0.007	0.011	0.002	0.007	0.021
  232 --   233	0.009	0.007	0.011	0.003	0.006	0.020
  233 --   234	0.005	0.001	0.002	0.004	0.006	0.007
  234 --   235	0.005	0.001	0.002	0.003	0.005	0.006
  235 --   236	0.005	0.001	0.002	0.003	0.005	0.007
  236 --   237	0.033	0.046	0.073	0.006	0.007	0.113
  237 --   238	0.005	0.002	0.003	0.002	0.005	0.008
  238 --   239	0.004	0.001	0.001	0.002	0.004	0.005
  239 --   240	0.004	0.002	0.003	0.002	0.003	0.007
  240 --   241	0.005	0.002	0.003	0.003	0.005	0.006
  241 --   242	0.006	0.002	0.003	0.003	0.006	0.008
  242 --   243	0.023	0.021	0.033	0.002	0.018	0.055
  243 --   244	0.014	0.019	0.031	0.002	0.004	0.048
  244 --   245	0.024	0.033	0.053	0.002	0.006	0.082
  245 --   246	0.003	0.001	0.001	0.002	0.003	0.004
  246 --   247	0.005	0.002	0.003	0.002	0.005	0.007
  247 --   248	0.004	0.001	0.002	0.002	0.004	0.006
  248 --   249	0.005	0.002	0.002	0.003	0.005	0.006
  249 --   250	0.005	0.003	0.004	0.003	0.005	0.010
  250 --   251	0.003	0.001	0.002	0.002	0.003	0.005
  251 --   252	0.004	0.002	0.003	0.002	0.003	0.007
  252 --   253	0.003	0.001	0.002	0.002	0.003	0.005
  253 --   254	0.005	0.002	0.003	0.002	0.006	0.006
  254 --   255	0.005	0.002	0.002	0.003	0.004	0.007
  255 --   256	0.004	0.001	0.002	0.002	0.003	0.006
  256 --   257	0.004	0.002	0.003	0.002	0.004	0.007
  257 --   258	0.004	0.002	0.003	0.002	0.004	0.006
  258 --   259	0.004	0.002	0.003	0.002	0.004	0.006
  259 --   260	0.006	0.002	0.003	0.003	0.005	0.008
  260 --   261	0.004	0.003	0.004	0.002	0.003	0.009
  261 --   262	0.006	0.002	0.004	0.003	0.006	0.008
  262 --   263	0.003	0.001	0.001	0.002	0.004	0.004
  263 --   264	0.003	0.001	0.002	0.002	0.003	0.005
  264 --   265	0.005	0.002	0.004	0.002	0.004	0.008
  265 --   266	0.005	0.001	0.002	0.003	0.006	0.006
  266 --   267	0.004	0.002	0.003	0.002	0.004	0.007
  267 --   268	0.004	0.002	0.003	0.003	0.003	0.007
  268 --   269	0.005	0.002	0.003	0.001	0.005	0.007
  269 --   270	0.006	0.002	0.003	0.003	0.006	0.008
  270 --   271	0.005	0.002	0.003	0.002	0.006	0.006
  271 --   272	0.005	0.001	0.001	0.004	0.005	0.006
  272 --   273	0.006	0.002	0.004	0.003	0.006	0.009
  273 --   274	0.005	0.001	0.002	0.004	0.005	0.007
  274 --   275	0.005	0.002	0.003	0.003	0.004	0.007
  275 --   276	0.006	0.001	0.002	0.004	0.005	0.008
  276 --   277	0.005	0.002	0.003	0.002	0.006	0.007
  277 --   278	0.004	0.002	0.003	0.002	0.004	0.007
  278 --   279	0.004	0.002	0.003	0.003	0.003	0.007
  279 --   280	0.003	0.000	0.001	0.002	0.003	0.003
  280 --   281	0.003	0.001	0.001	0.002	0.003	0.004
  281 --   282	0.005	0.002	0.003	0.003	0.005	0.008
  282 --   283	0.006	0.002	0.003	0.003	0.006	0.008
  283 --   284	0.005	0.001	0.001	0.004	0.005	0.006
  284 --   285	0.006	0.002	0.003	0.003	0.006	0.008
  285 --   286	0.005	0.001	0.002	0.003	0.005	0.006
  286 --   287	0.005	0.001	0.002	0.004	0.005	0.007
  287 --   288	0.007	0.001	0.002	0.005	0.007	0.009
  288 --   289	0.009	0.002	0.004	0.007	0.008	0.013
  289 --   290	0.009	0.004	0.007	0.005	0.007	0.016
  290 --   291	0.005	0.002	0.004	0.002	0.005	0.008
  291 --   292	0.009	0.004	0.007	0.005	0.008	0.016
  292 --   293	0.006	0.003	0.005	0.002	0.005	0.010
  293 --   294	0.004	0.001	0.002	0.002	0.004	0.006
  294 --   295	0.006	0.004	0.006	0.002	0.005	0.012
  295 --   296	0.004	0.001	0.002	0.003	0.004	0.006
  296 --   297	0.009	0.005	0.008	0.005	0.006	0.017
  297 --   298	0.006	0.003	0.004	0.002	0.007	0.008
  298 --   299	0.006	0.001	0.001	0.005	0.006	0.007
  299 --   300	0.006	0.002	0.003	0.004	0.005	0.009
  300 --   301	0.022	0.028	0.045	0.004	0.006	0.070
  301 --   302	0.005	0.002	0.002	0.002	0.005	0.006
  302 --   303	0.003	0.001	0.001	0.002	0.002	0.004
  303 --   304	0.004	0.002	0.003	0.003	0.003	0.007
  304 --   305	0.004	0.001	0.002	0.002	0.004	0.006
  305 --   306	0.006	0.002	0.003	0.003	0.005	0.008
  306 --   307	0.006	0.002	0.003	0.004	0.007	0.008
  307 --   308	0.003	0.002	0.003	0.002	0.002	0.006
  308 --   309	0.004	0.001	0.002	0.002	0.004	0.006
  309 --   310	0.006	0.004	0.006	0.002	0.005	0.012
  310 --   311	0.003	0.001	0.002	0.002	0.003	0.005
  311 --   312	0.006	0.002	0.004	0.003	0.007	0.009
  312 --   313	0.004	0.002	0.003	0.002	0.003	0.007
  313 --   314	0.005	0.002	0.004	0.003	0.004	0.009
  314 --   315	0.003	0.001	0.002	0.002	0.002	0.005
  315 --   316	0.003	0.001	0.002	0.002	0.004	0.004
  316 --   317	0.007	0.002	0.004	0.003	0.007	0.010
  317 --   318	0.005	0.002	0.003	0.003	0.004	0.007
  318 --   319	0.007	0.001	0.002	0.005	0.007	0.008
  319 --   320	0.008	0.005	0.008	0.002	0.006	0.016
  320 --   321	0.020	0.028	0.044	0.003	0.005	0.068
  321 --   322	0.034	0.051	0.082	0.002	0.006	0.123
  322 --   323	0.007	0.005	0.008	0.002	0.005	0.015
  323 --   324	0.007	0.004	0.006	0.004	0.006	0.013
  324 --   325	0.006	0.004	0.006	0.002	0.005	0.011
  325 --   326	0.005	0.002	0.003	0.002	0.005	0.007
  326 --   327	0.004	0.001	0.002	0.003	0.004	0.007
  327 --   328	0.023	0.033	0.053	0.003	0.004	0.081
  328 --   329	0.005	0.001	0.001	0.004	0.005	0.006
  329 --   330	0.005	0.002	0.003	0.002	0.005	0.007
  330 --   331	0.004	0.002	0.003	0.002	0.004	0.007
  331 --   332	0.003	0.001	0.001	0.003	0.003	0.005
  332 --   333	0.004	0.002	0.003	0.003	0.004	0.006
  333 --   334	0.006	0.001	0.001	0.006	0.006	0.007
  334 --   335	0.006	0.003	0.004	0.003	0.005	0.010
  335 --   336	0.005	0.002	0.003	0.003	0.005	0.007
  336 --   337	0.005	0.001	0.002	0.003	0.006	0.006
  337 --   338	0.004	0.002	0.002	0.002	0.004	0.006
  338 --   339	0.005	0.001	0.002	0.004	0.005	0.006
  339 --   340	0.006	0.001	0.002	0.004	0.006	0.008
  340 --   341	0.006	0.001	0.001	0.005	0.007	0.007
  341 --   342	0.005	0.001	0.002	0.003	0.005	0.007
  342 --   343	0.003	0.001	0.002	0.002	0.003	0.005
  343 --   344	0.004	0.001	0.001	0.003	0.004	0.005
  344 --   345	0.005	0.002	0.003	0.002	0.005	0.008
  345 --   346	0.005	0.001	0.002	0.003	0.004	0.007
  346 --   347	0.005	0.002	0.003	0.003	0.005	0.007
  347 --   348	0.003	0.000	0.001	0.002	0.003	0.003
  348 --   349	0.005	0.001	0.002	0.003	0.005	0.007
  349 --   350	0.004	0.001	0.002	0.003	0.004	0.005
  350 --   351	0.005	0.002	0.004	0.003	0.004	0.009
  351 --   352	0.005	0.001	0.001	0.004	0.005	0.005
  352 --   353	0.003	0.001	0.002	0.002	0.003	0.005
  353 --   354	0.004	0.001	0.002	0.002	0.005	0.006
  354 --   355	0.004	0.001	0.002	0.002	0.004	0.006
  355 --   356	0.005	0.001	0.001	0.003	0.005	0.006
  356 --   357	0.005	0.001	0.002	0.003	0.005	0.006
  357 --   358	0.004	0.002	0.003	0.002	0.003	0.007
  358 --   359	0.005	0.002	0.003	0.002	0.005	0.008
  359 --   360	0.004	0.001	0.002	0.003	0.003	0.006
  360 --   361	0.003	0.001	0.001	0.002	0.002	0.004
  361 --   362	0.006	0.002	0.003	0.003	0.007	0.008
  362 --   363	0.003	0.002	0.003	0.002	0.003	0.006
  363 --   364	0.007	0.005	0.008	0.002	0.005	0.015
  364 --   365	0.004	0.002	0.003	0.003	0.004	0.007
  365 --   366	0.006	0.001	0.002	0.005	0.006	0.008
  366 --   367	0.008	0.002	0.003	0.006	0.009	0.011
  367 --   368	0.015	0.017	0.027	0.005	0.006	0.044
  368 --   369	0.004	0.002	0.004	0.002	0.003	0.008
  369 --   370	0.004	0.002	0.003	0.002	0.004	0.007
  370 --   371	0.005	0.002	0.003	0.003	0.005	0.007
  371 --   372	0.006	0.002	0.003	0.003	0.006	0.009
  372 --   373	0.005	0.002	0.003	0.003	0.005	0.007
  373 --   374	0.004	0.002	0.003	0.002	0.003	0.007
  374 --   375	0.004	0.001	0.002	0.002	0.004	0.005
  375 --   376	0.005	0.002	0.004	0.003	0.004	0.008
  376 --   377	0.006	0.001	0.002	0.004	0.006	0.007
  377 --   378	0.006	0.001	0.002	0.004	0.006	0.008
  378 --   379	0.023	0.032	0.052	0.003	0.006	0.079
  379 --   380	0.020	0.025	0.039	0.004	0.006	0.062
  380 --   381	0.005	0.003	0.004	0.002	0.004	0.009
  381 --   382	0.004	0.002	0.003	0.002	0.003	0.006
  382 --   383	0.004	0.002	0.002	0.002	0.004	0.006
  383 --   384	0.006	0.001	0.002	0.005	0.006	0.008
  384 --   385	0.007	0.001	0.002	0.005	0.007	0.008
  385 --   386	0.005	0.002	0.003	0.002	0.005	0.008
  386 --   387	0.006	0.003	0.004	0.002	0.007	0.009
  387 --   388	0.005	0.002	0.003	0.003	0.005	0.007
  388 --   389	0.005	0.003	0.004	0.003	0.004	0.009
  389 --   390	0.005	0.003	0.004	0.002	0.005	0.008
  390 --   391	0.003	0.001	0.002	0.002	0.003	0.006
  391 --   392	0.005	0.002	0.003	0.003	0.005	0.008
  392 --   393	0.005	0.003	0.005	0.002	0.004	0.010
  393 --   394	0.006	0.003	0.004	0.002	0.006	0.009
  394 --   395	0.005	0.002	0.004	0.002	0.004	0.008
  395 --   396	0.004	0.001	0.001	0.003	0.004	0.005
  396 --   397	0.006	0.002	0.003	0.003	0.006	0.007
  397 --   398	0.004	0.002	0.004	0.002	0.003	0.008
  398 --   399	0.005	0.002	0.003	0.002	0.005	0.008
  399 --   400	0.004	0.002	0.003	0.002	0.004	0.007
  400 --   401	0.005	0.001	0.002	0.003	0.004	0.007
  401 --   402	0.005	0.002	0.003	0.002	0.006	0.006
  402 --   403	0.005	0.002	0.003	0.003	0.004	0.007
  403 --   404	0.004	0.001	0.002	0.003	0.004	0.007
  404 --   405	0.004	0.000	0.001	0.003	0.004	0.004
  405 --   406	0.006	0.001	0.002	0.004	0.007	0.008
  406 --   407	0.006	0.002	0.003	0.003	0.006	0.007
  407 --   408	0.004	0.001	0.002	0.002	0.004	0.006
  408 --   409	0.005	0.002	0.003	0.003	0.005	0.007
  409 --   410	0.006	0.003	0.005	0.003	0.005	0.010
  410 --   411	0.006	0.004	0.006	0.003	0.004	0.012
  411 --   412	0.003	0.001	0.002	0.002	0.003	0.006
  412 --   413	0.005	0.002	0.003	0.003	0.005	0.007
  413 --   414	0.006	0.001	0.001	0.005	0.006	0.007
  414 --   415	0.006	0.002	0.004	0.003	0.006	0.008
  415 --   416	0.004	0.001	0.001	0.003	0.004	0.005
  416 --   417	0.005	0.003	0.004	0.002	0.004	0.009
  417 --   418	0.032	0.050	0.079	0.002	0.004	0.118
  418 --   419	0.022	0.033	0.053	0.002	0.004	0.080
  419 --   420	0.003	0.001	0.001	0.003	0.004	0.004
  420 --   421	0.009	0.006	0.010	0.003	0.007	0.019
  421 --   422	0.009	0.004	0.006	0.006	0.006	0.015
  422 --   423	0.004	0.001	0.001	0.003	0.004	0.005
  423 --   424	0.003	0.001	0.002	0.002	0.003	0.004
  424 --   425	0.005	0.002	0.003	0.002	0.005	0.007
  425 --   426	0.005	0.001	0.002	0.003	0.004	0.006
  426 --   427	0.006	0.002	0.003	0.003	0.007	0.007
  427 --   428	0.004	0.001	0.002	0.003	0.004	0.006
  428 --   429	0.005	0.002	0.003	0.002	0.005	0.007
  429 --   430	0.005	0.002	0.002	0.003	0.005	0.007
  430 --   431	0.005	0.002	0.004	0.002	0.006	0.008
  431 --   432	0.004	0.002	0.002	0.002	0.004	0.006
  432 --   433	0.004	0.001	0.002	0.002	0.003	0.006
  433 --   434	0.006	0.003	0.005	0.002	0.006	0.010
  434 --   435	0.003	0.002	0.002	0.002	0.003	0.006
  435 --   436	0.003	0.000	0.001	0.002	0.003	0.003
  436 --   437	0.003	0.002	0.003	0.002	0.002	0.006
  437 --   438	0.004	0.002	0.003	0.002	0.004	0.007
  438 --   439	0.004	0.001	0.002	0.003	0.004	0.007
  439 --   440	0.005	0.001	0.002	0.003	0.005	0.007
  440 --   441	0.005	0.002	0.003	0.002	0.006	0.007
  441 --   442	0.005	0.002	0.003	0.003	0.005	0.007
  442 --   443	0.003	0.002	0.003	0.002	0.003	0.006
  443 --   444	0.006	0.002	0.003	0.003	0.006	0.009
  444 --   445	0.005	0.002	0.003	0.003	0.006	0.008
  445 --   446	0.005	0.002	0.004	0.002	0.005	0.009
  446 --   447	0.006	0.001	0.002	0.005	0.006	0.008
  447 --   448	0.006	0.001	0.002	0.004	0.007	0.007
  448 --   449	0.005	0.002	0.004	0.002	0.006	0.008
  449 --   450	0.006	0.001	0.002	0.005	0.006	0.008
  450 --   451	0.007	0.001	0.002	0.004	0.007	0.008
  451 --   452	0.004	0.001	0.002	0.002	0.004	0.005
  452 --   453	0.003	0.001	0.002	0.002	0.003	0.005
  453 --   454	0.005	0.002	0.003	0.003	0.005	0.008
  454 --   455	0.005	0.002	0.003	0.002	0.005	0.007
  455 --   456	0.003	0.001	0.002	0.002	0.002	0.005
  456 --   457	0.004	0.001	0.002	0.002	0.003	0.005
  457 --   458	0.004	0.001	0.001	0.003	0.004	0.004
  458 --   459	0.003	0.002	0.002	0.002	0.002	0.006
  459 --   460	0.005	0.002	0.003	0.003	0.004	0.008
  460 --   461	0.005	0.003	0.004	0.003	0.005	0.010
  461 --   462	0.005	0.002	0.003	0.002	0.006	0.007
  462 --   463	0.004	0.002	0.003	0.002	0.004	0.007
  463 --   464	0.004	0.003	0.005	0.002	0.003	0.009
  464 --   465	0.005	0.003	0.004	0.003	0.005	0.008
  465 --   466	0.004	0.002	0.003	0.002	0.003	0.006
  466 --   467	0.003	0.002	0.002	0.002	0.003	0.006
  467 --   468	0.005	0.002	0.003	0.003	0.005	0.006
  468 --   469	0.004	0.002	0.004	0.002	0.004	0.007
  469 --   470	0.004	0.002	0.004	0.002	0.004	0.007
  470 --   471	0.004	0.001	0.002	0.003	0.003	0.006
  471 --   472	0.006	0.002	0.003	0.003	0.006	0.007
  472 --   473	0.007	0.000	0.000	0.006	0.006	0.007
  473 --   474	0.007	0.001	0.002	0.006	0.008	0.008
  474 --   475	0.003	0.002	0.003	0.002	0.002	0.007
  475 --   476	0.004	0.002	0.002	0.003	0.003	0.007
  476 --   477	0.005	0.002	0.004	0.002	0.005	0.008
  477 --   478	0.006	0.002	0.003	0.003	0.007	0.008
  478 --   479	0.006	0.001	0.002	0.004	0.007	0.008
  479 --   480	0.006	0.001	0.002	0.005	0.007	0.008
  480 --   481	0.005	0.002	0.002	0.003	0.005	0.007
  481 --   482	0.004	0.002	0.003	0.002	0.003	0.006
  482 --   483	0.003	0.002	0.003	0.002	0.003	0.006
  483 --   484	0.006	0.004	0.006	0.003	0.004	0.012
  484 --   485	0.004	0.002	0.003	0.002	0.003	0.007
  485 --   486	0.005	0.003	0.004	0.002	0.005	0.009
  486 --   487	0.006	0.002	0.002	0.004	0.006	0.008
  487 --   488	0.004	0.002	0.003	0.002	0.004	0.006
  488 --   489	0.005	0.002	0.003	0.003	0.005	0.007
  489 --   490	0.004	0.001	0.002	0.002	0.004	0.006
  490 --   491	0.005	0.002	0.003	0.002	0.004	0.007
  491 --   492	0.007	0.001	0.002	0.006	0.006	0.008
  492 --   493	0.006	0.002	0.003	0.003	0.006	0.008
  493 --   494	0.005	0.002	0.003	0.002	0.005	0.007
  494 --   495	0.003	0.001	0.002	0.002	0.003	0.006
  495 --   496	0.003	0.001	0.001	0.002	0.003	0.004
  496 --   497	0.004	0.002	0.003	0.002	0.004	0.007
  497 --   498	0.005	0.002	0.004	0.003	0.005	0.007
  498 --   499	0.005	0.001	0.002	0.003	0.005	0.006
  499 --   500	0.004	0.002	0.003	0.002	0.003	0.006
  500 --   501	0.004	0.001	0.002	0.003	0.003	0.006
  501 --   502	0.005	0.002	0.004	0.002	0.004	0.008
  502 --   503	0.004	0.002	0.003	0.002	0.003	0.007
  503 --   504	0.003	0.001	0.002	0.002	0.003	0.005
  504 --   505	0.006	0.003	0.004	0.002	0.007	0.010
  505 --   506	0.011	0.010	0.017	0.003	0.007	0.029
  506 --   507	0.004	0.001	0.002	0.002	0.004	0.005
  507 --   508	0.004	0.002	0.003	0.002	0.003	0.008
  508 --   509	0.005	0.002	0.004	0.002	0.005	0.007
  509 --   510	0.004	0.002	0.003	0.002	0.004	0.007
  510 --   511	0.006	0.002	0.004	0.002	0.006	0.009
  511 --   512	0.014	0.011	0.018	0.006	0.008	0.033
  512 --   513	0.007	0.002	0.004	0.003	0.008	0.010
  513 --   514	0.006	0.001	0.002	0.005	0.007	0.008
  514 --   515	0.004	0.001	0.002	0.003	0.003	0.006
  515 --   516	0.006	0.002	0.003	0.003	0.006	0.007
  516 --   517	0.005	0.002	0.003	0.002	0.005	0.007
  517 --   518	0.004	0.002	0.003	0.002	0.003	0.007
  518 --   519	0.005	0.002	0.003	0.002	0.006	0.007
  519 --   520	0.005	0.002	0.003	0.003	0.005	0.008
  520 --   521	0.004	0.002	0.003	0.002	0.004	0.007
  521 --   522	0.005	0.002	0.003	0.002	0.004	0.008
  522 --   523	0.004	0.003	0.005	0.003	0.003	0.010
  523 --   524	0.004	0.001	0.002	0.003	0.004	0.006
  524 --   525	0.005	0.002	0.003	0.003	0.006	0.007
  525 --   526	0.006	0.003	0.005	0.002	0.005	0.011
  526 --   527	0.003	0.001	0.002	0.002	0.002	0.006
  527 --   528	0.005	0.002	0.003	0.003	0.005	0.007
  528 --   529	0.007	0.000	0.001	0.007	0.007	0.008
  529 --   530	0.025	0.034	0.054	0.004	0.007	0.084
  530 --   531	0.005	0.002	0.003	0.002	0.005	0.007
  531 --   532	0.004	0.001	0.002	0.003	0.003	0.006
  532 --   533	0.004	0.002	0.003	0.003	0.003	0.007
  533 --   534	0.004	0.002	0.004	0.002	0.003	0.008
  534 --   535	0.006	0.002	0.003	0.004	0.006	0.008
  535 --   536	0.005	0.001	0.002	0.004	0.005	0.007
  536 --   537	0.005	0.001	0.002	0.002	0.005	0.007
  537 --   538	0.004	0.003	0.004	0.002	0.003	0.009
  538 --   539	0.004	0.003	0.004	0.002	0.003	0.009
  539 --   540	0.006	0.003	0.004	0.002	0.006	0.009
  540 --   541	0.006	0.002	0.003	0.003	0.006	0.008
  541 --   542	0.005	0.002	0.004	0.002	0.005	0.008
  542 --   543	0.004	0.002	0.003	0.002	0.003	0.007
  543 --   544	0.005	0.002	0.004	0.003	0.004	0.008
  544 --   545	0.004	0.002	0.004	0.002	0.004	0.007
  545 --   546	0.004	0.001	0.001	0.003	0.004	0.005
  546 --   547	0.007	0.002	0.003	0.004	0.008	0.009
  547 --   548	0.006	0.002	0.003	0.003	0.007	0.008
  548 --   549	0.005	0.002	0.002	0.003	0.004	0.006
  549 --   550	0.003	0.000	0.001	0.002	0.003	0.003
  550 --   551	0.003	0.001	0.001	0.003	0.003	0.005
  551 --   552	0.005	0.002	0.003	0.002	0.005	0.007
  552 --   553	0.004	0.002	0.004	0.002	0.004	0.008
  553 --   554	0.005	0.002	0.003	0.003	0.005	0.007
  554 --   555	0.005	0.002	0.003	0.003	0.005	0.008
  555 --   556	0.005	0.002	0.003	0.003	0.005	0.008
  556 --   557	0.004	0.001	0.001	0.004	0.005	0.005
  557 --   558	0.005	0.002	0.003	0.002	0.004	0.007
  558 --   559	0.005	0.002	0.003	0.002	0.005	0.007
  559 --   560	0.005	0.002	0.003	0.002	0.005	0.007
  560 --   561	0.004	0.001	0.002	0.002	0.003	0.006
  561 --   562	0.005	0.002	0.003	0.002	0.004	0.008
  562 --   563	0.003	0.001	0.001	0.002	0.004	0.004
  563 --   564	0.006	0.002	0.003	0.002	0.006	0.009
  564 --   565	0.003	0.001	0.002	0.002	0.002	0.004
  565 --   566	0.002	0.000	0.001	0.002	0.002	0.003
  566 --   567	0.005	0.002	0.003	0.002	0.004	0.007
  567 --   568	0.004	0.002	0.003	0.002	0.003	0.007
  568 --   569	0.006	0.002	0.003	0.003	0.006	0.007
  569 --   570	0.004	0.001	0.002	0.002	0.004	0.005
  570 --   571	0.002	0.000	0.001	0.002	0.002	0.003
  571 --   572	0.003	0.001	0.001	0.002	0.003	0.004
  572 --   573	0.003	0.001	0.002	0.002	0.003	0.004
  573 --   574	0.003	0.000	0.001	0.002	0.002	0.003
  574 --   575	0.003	0.000	0.001	0.003	0.003	0.004
  575 --   576	0.003	0.000	0.001	0.002	0.003	0.003
  576 --   577	0.002	0.000	0.000	0.002	0.002	0.003
  577 --   578	0.003	0.001	0.001	0.002	0.003	0.004
  578 --   579	0.002	0.000	0.001	0.002	0.002	0.003
  579 --   580	0.002	0.000	0.001	0.002	0.002	0.003
  580 --   581	0.003	0.001	0.001	0.002	0.003	0.004
  581 --   582	0.003	0.000	0.000	0.002	0.002	0.003
  582 --   583	0.003	0.000	0.001	0.002	0.003	0.004
  583 --   584	0.003	0.000	0.001	0.002	0.003	0.003
  584 --   585	0.003	0.000	0.000	0.002	0.003	0.003
  585 --   586	0.003	0.000	0.000	0.002	0.003	0.003
  586 --   587	0.003	0.001	0.001	0.002	0.003	0.004
  587 --   588	0.003	0.000	0.000	0.002	0.003	0.003
  588 --   589	0.002	0.000	0.001	0.002	0.002	0.003
  589 --   590	0.002	0.001	0.001	0.002	0.002	0.003
  590 --   591	0.003	0.001	0.001	0.002	0.003	0.004
  591 --   592	0.003	0.000	0.001	0.002	0.003	0.003
  592 --   593	0.003	0.000	0.001	0.002	0.003	0.003
  593 --   594	0.002	0.001	0.001	0.002	0.002	0.003
  594 --   595	0.002	0.001	0.001	0.002	0.002	0.004
  595 --   596	0.002	0.000	0.000	0.002	0.002	0.002
  596 --   597	0.002	0.001	0.001	0.001	0.002	0.003
  597 --   598	0.002	0.000	0.000	0.002	0.002	0.002
  598 --   599	0.002	0.000	0.000	0.001	0.002	0.002
  599 --   600	0.002	0.000	0.000	0.001	0.002	0.002
    0 --   600	0.006	0.001	0.001	0.005	0.006	0.007