0	1664.000	185.759	1478.241	1849.759
1	1596.400	148.247	1448.153	1744.647
2	1547.000	143.495	1403.505	1690.495
3	1492.400	322.063	1170.337	1814.463
4	1565.200	85.591	1479.609	1650.791
5	1658.800	305.704	1353.096	1964.504
6	1565.200	207.520	1357.680	1772.720
7	1583.400	187.364	1396.036	1770.764
8	1508.000	131.872	1376.128	1639.872
9	1531.400	134.124	1397.276	1665.524
10	1547.000	151.389	1395.611	1698.389
11	1601.600	261.396	1340.204	1862.996
12	1573.000	122.379	1450.621	1695.379
13	1513.200	255.435	1257.765	1768.635
14	1578.200	136.150	1442.050	1714.350
15	1695.200	226.603	1468.597	1921.803
16	1554.800	281.936	1272.864	1836.736
17	1541.800	128.918	1412.882	1670.718
18	1674.400	232.567	1441.833	1906.967
19	1554.800	174.548	1380.252	1729.348
20	1565.200	126.303	1438.897	1691.503
21	1661.400	225.505	1435.895	1886.905
22	1591.200	220.787	1370.413	1811.987
23	1554.800	332.728	1222.072	1887.528
24	1687.400	93.155	1594.245	1780.555
25	1575.600	117.891	1457.709	1693.491
26	1627.600	125.214	1502.386	1752.814
27	1713.400	157.593	1555.807	1870.993
28	1684.800	185.759	1499.041	1870.559
29	1755.000	75.269	1679.731	1830.269
30	1666.600	133.612	1532.988	1800.212
31	1645.800	101.593	1544.207	1747.393
32	1505.400	154.079	1351.321	1659.479
33	1583.400	314.507	1268.893	1897.907
34	1502.800	304.807	1197.993	1807.607
35	1609.400	187.730	1421.670	1797.130
36	1513.200	173.762	1339.438	1686.962
37	1700.400	187.775	1512.625	1888.175
38	1565.200	102.348	1462.852	1667.548
39	1547.000	157.158	1389.842	1704.158
40	1565.200	165.694	1399.506	1730.894
41	1651.000	117.236	1533.764	1768.236
42	1674.400	101.340	1573.060	1775.740
43	1570.400	334.268	1236.132	1904.668
44	1710.800	259.688	1451.112	1970.488
45	1541.800	154.965	1386.835	1696.765
46	1677.000	235.020	1441.980	1912.020
47	1510.600	204.152	1306.448	1714.752
48	1640.600	221.523	1419.077	1862.123
49	1588.600	286.960	1301.640	1875.560
50	1565.200	190.670	1374.530	1755.870
51	1541.800	230.311	1311.489	1772.111
52	1588.600	148.651	1439.949	1737.251
53	1554.800	83.156	1471.644	1637.956
54	1591.200	290.665	1300.535	1881.865
55	1690.000	55.506	1634.494	1745.506
56	1505.400	78.824	1426.576	1584.224
57	1508.000	226.603	1281.397	1734.603
58	1625.000	97.466	1527.534	1722.466
59	1578.200	246.952	1331.248	1825.152
60	1580.800	208.999	1371.801	1789.799
61	1658.800	127.382	1531.418	1786.182
62	1414.400	123.285	1291.115	1537.685
63	1669.200	167.339	1501.861	1836.539
64	1523.600	79.795	1443.805	1603.395
65	1625.000	257.271	1367.729	1882.271
66	1661.400	83.053	1578.347	1744.453
67	1604.200	283.842	1320.358	1888.042
68	1591.200	99.292	1491.908	1690.492
69	1599.000	203.480	1395.520	1802.480
70	1669.200	323.548	1345.652	1992.748
71	1578.200	100.917	1477.283	1679.117
72	1593.800	162.302	1431.498	1756.102
73	1627.600	137.215	1490.385	1764.815
74	1606.800	239.099	1367.701	1845.899
75	1500.200	136.652	1363.548	1636.852
76	1510.600	185.897	1324.703	1696.497
77	1653.600	229.007	1424.593	1882.607
78	1534.000	204.194	1329.806	1738.194
79	1500.200	250.257	1249.943	1750.457
80	1622.400	166.724	1455.676	1789.124
81	1476.800	137.464	1339.336	1614.264
82	1526.200	234.144	1292.056	1760.344
83	1627.600	215.928	1411.672	1843.528
84	1606.800	247.817	1358.983	1854.617
85	1596.400	104.990	1491.410	1701.390
86	1521.000	67.602	1453.398	1588.602
87	1744.600	283.117	1461.483	2027.717
88	1716.000	210.306	1505.694	1926.306
89	1640.600	47.352	1593.248	1687.952
90	1604.200	127.315	1476.885	1731.515
91	1661.400	183.674	1477.726	1845.074
92	1645.800	213.977	1431.823	1859.777
93	1638.000	148.708	1489.292	1786.708
94	1747.200	178.619	1568.581	1925.819
95	1562.600	196.287	1366.313	1758.887
96	1710.800	334.575	1376.225	2045.375
97	1664.000	252.876	1411.124	1916.876
98	1534.000	337.225	1196.775	1871.225
99	1645.800	246.119	1399.681	1891.919
100	1749.800	54.101	1695.699	1803.901
101	1471.600	135.710	1335.890	1607.310
102	1690.000	345.052	1344.948	2035.052
103	1474.200	350.344	1123.856	1824.544
104	1723.800	267.960	1455.840	1991.760
105	1500.200	381.586	1118.614	1881.786
106	1617.200	464.618	1152.582	2081.818
107	1544.400	248.093	1296.307	1792.493
108	1580.800	134.951	1445.849	1715.751
109	1489.800	215.888	1273.912	1705.688
110	1461.200	164.033	1297.167	1625.233
111	1575.600	81.493	1494.107	1657.093
112	1469.000	242.758	1226.242	1711.758
113	1476.800	209.327	1267.473	1686.127
114	1552.200	104.254	1447.946	1656.454
115	1497.600	199.273	1298.327	1696.873
116	1508.000	219.855	1288.145	1727.855
117	1552.200	123.493	1428.707	1675.693
118	1474.200	282.875	1191.325	1757.075
119	1489.800	268.471	1221.329	1758.271
120	1648.400	125.214	1523.186	1773.614
121	1580.800	102.682	1478.118	1683.482
122	1710.800	241.379	1469.421	1952.179
123	1575.600	190.310	1385.290	1765.910
124	1508.000	60.804	1447.196	1568.804
125	1575.600	72.607	1502.993	1648.207
126	1562.600	69.598	1493.002	1632.198
127	1575.600	91.018	1484.582	1666.618
128	1762.800	148.247	1614.553	1911.047
129	1604.200	292.864	1311.336	1897.064
130	1549.600	239.242	1310.358	1788.842
131	1562.600	149.111	1413.489	1711.711
132	1549.600	76.733	1472.867	1626.333
133	1424.800	242.370	1182.430	1667.170
134	1617.200	241.379	1375.821	1858.579
135	1718.600	186.999	1531.601	1905.599
136	1554.800	144.505	1410.295	1699.305
137	1625.000	209.776	1415.224	1834.776
138	1570.400	241.804	1328.596	1812.204
139	1430.000	220.011	1209.989	1650.011
140	1677.000	111.243	1565.757	1788.243
141	1656.200	353.069	1303.131	2009.269
142	1523.600	275.301	1248.299	1798.901
143	1562.600	211.077	1351.523	1773.677
144	1630.200	60.096	1570.104	1690.296
145	1547.000	233.851	1313.149	1780.851
146	1731.600	231.238	1500.362	1962.838
147	1552.200	110.626	1441.574	1662.826
148	1526.200	215.888	1310.312	1742.088
149	1489.800	240.775	1249.025	1730.575
150	1622.400	191.922	1430.478	1814.322
151	1518.400	200.301	1318.099	1718.701
152	1630.200	120.689	1509.511	1750.889
153	1570.400	111.012	1459.388	1681.412
154	1518.400	254.764	1263.636	1773.164
155	1651.000	231.793	1419.207	1882.793
156	1560.000	335.290	1224.710	1895.290
157	1541.800	374.158	1167.642	1915.958
158	1671.800	213.977	1457.823	1885.777
159	1510.600	174.499	1336.101	1685.099
160	1645.800	190.984	1454.816	1836.784
161	1578.200	65.545	1512.655	1643.745
162	1492.400	134.697	1357.703	1627.097
163	1539.200	299.482	1239.718	1838.682
164	1692.600	330.224	1362.376	2022.824
165	1502.800	101.001	1401.799	1603.801
166	1508.000	262.181	1245.819	1770.181
167	1450.800	139.196	1311.604	1589.996
168	1554.800	269.012	1285.788	1823.812
169	1682.200	87.078	1595.122	1769.278
170	1518.400	168.358	1350.042	1686.758
171	1588.600	230.311	1358.289	1818.911
172	1549.600	251.791	1297.809	1801.391
173	1526.200	317.109	1209.091	1843.309
174	1729.000	252.164	1476.836	1981.164
175	1515.800	205.156	1310.644	1720.956
176	1565.200	119.621	1445.579	1684.821
177	1723.800	214.616	1509.184	1938.416
178	1617.200	388.543	1228.657	2005.743
179	1575.600	192.101	1383.499	1767.701
180	1664.000	119.907	1544.093	1783.907
181	1531.400	262.018	1269.382	1793.418
182	1560.000	173.958	1386.042	1733.958
183	1609.400	79.688	1529.712	1689.088
184	1567.800	171.730	1396.070	1739.530
185	1640.600	267.193	1373.407	1907.793
186	1658.800	150.083	1508.717	1808.883
187	1513.200	111.320	1401.880	1624.520
188	1588.600	65.545	1523.055	1654.145
189	1622.400	70.210	1552.190	1692.610
190	1445.600	183.161	1262.439	1628.761
191	1619.800	204.152	1415.648	1823.952
192	1617.200	150.083	1467.117	1767.283
193	1396.200	87.860	1308.340	1484.060
194	1552.200	283.117	1269.083	1835.317
195	1549.600	239.814	1309.786	1789.414
196	1458.600	237.627	1220.973	1696.227
197	1695.200	222.948	1472.252	1918.148
198	1453.400	115.471	1337.929	1568.871
199	1573.000	174.106	1398.894	1747.106
200	1588.600	263.841	1324.759	1852.441
201	1541.800	179.145	1362.655	1720.945
202	1539.200	131.872	1407.328	1671.072
203	1552.200	241.627	1310.573	1793.827
204	1539.200	205.031	1334.169	1744.231
205	1635.400	234.144	1401.256	1869.544
206	1697.800	258.069	1439.731	1955.869
207	1573.000	98.860	1474.140	1671.860
208	1588.600	158.891	1429.709	1747.491
209	1627.600	219.075	1408.525	1846.675
210	1552.200	48.777	1503.423	1600.977
211	1664.000	199.959	1464.041	1863.959
212	1619.800	342.637	1277.163	1962.437
213	1573.000	232.088	1340.912	1805.088
214	1544.400	48.952	1495.448	1593.352
215	1562.600	223.369	1339.231	1785.969
216	1570.400	346.141	1224.259	1916.541
217	1510.600	218.410	1292.190	1729.010
218	1489.800	128.918	1360.882	1618.718
219	1534.000	101.001	1432.999	1635.001
220	1723.800	292.397	1431.403	2016.197
221	1744.600	338.213	1406.387	2082.813
222	1703.000	135.141	1567.859	1838.141
223	1723.800	240.491	1483.309	1964.291
224	1528.800	127.651	1401.149	1656.451
225	1534.000	246.154	1287.846	1780.154
226	1583.400	62.333	1521.067	1645.733
227	1450.800	234.180	1216.620	1684.980
228	1705.600	136.464	1569.136	1842.064
229	1487.200	78.497	1408.703	1565.697
230	1617.200	176.110	1441.090	1793.310
231	1757.600	133.932	1623.668	1891.532
232	1573.000	228.820	1344.180	1801.820
233	1560.000	324.920	1235.080	1884.920
234	1684.800	291.135	1393.665	1975.935
235	1619.800	316.677	1303.123	1936.477
236	1705.600	216.719	1488.881	1922.319
237	1518.400	177.465	1340.935	1695.865
238	1612.000	212.894	1399.106	1824.894
239	1536.600	181.424	1355.176	1718.024
240	1557.400	234.144	1323.256	1791.544
241	1518.400	365.011	1153.389	1883.411
242	1820.000	160.872	1659.128	1980.872
243	1586.000	220.011	1365.989	1806.011
244	1482.000	339.249	1142.751	1821.249
245	1560.000	131.872	1428.128	1691.872
246	1588.600	86.288	1502.312	1674.888
247	1552.200	291.928	1260.272	1844.128
248	1684.800	174.744	1510.056	1859.544
249	1518.400	265.038	1253.362	1783.438
250	1523.600	169.372	1354.228	1692.972
251	1531.400	227.018	1304.382	1758.418
252	1614.600	170.530	1444.070	1785.130
253	1692.600	335.571	1357.029	2028.171
254	1632.800	134.442	1498.358	1767.242
255	1612.000	149.397	1462.603	1761.397
256	1606.800	166.518	1440.282	1773.318
257	1627.600	41.372	1586.228	1668.972
258	1560.000	152.122	1407.878	1712.122
259	1536.600	165.228	1371.372	1701.828
260	1578.200	163.563	1414.637	1741.763
261	1508.000	219.855	1288.145	1727.855
262	1619.800	124.046	1495.754	1743.846
263	1661.400	196.984	1464.416	1858.384
264	1445.600	250.154	1195.446	1695.754
265	1521.000	310.785	1210.215	1831.785
266	1622.400	235.492	1386.908	1857.892
267	1393.600	140.907	1252.693	1534.507
268	1588.600	151.841	1436.759	1740.441
269	1479.400	310.785	1168.615	1790.185
270	1471.600	204.194	1267.406	1675.794
271	1617.200	275.052	1342.148	1892.252
272	1526.200	248.885	1277.315	1775.085
273	1643.200	69.228	1573.972	1712.428
274	1630.200	311.445	1318.755	1941.645
275	1627.600	190.310	1437.290	1817.910
276	1632.800	65.152	1567.648	1697.952
277	1697.800	192.056	1505.744	1889.856
278	1396.200	137.651	1258.549	1533.851
279	1648.400	178.810	1469.590	1827.210
280	1557.400	157.593	1399.807	1714.993
281	1606.800	302.099	1304.701	1908.899
282	1573.000	91.674	1481.326	1664.674
283	1469.000	138.147	1330.853	1607.147
284	1570.400	125.487	1444.913	1695.887
285	1583.400	199.058	1384.342	1782.458
286	1549.600	148.478	1401.122	1698.078
287	1661.400	113.678	1547.722	1775.078
288	1510.600	98.165	1412.435	1608.765
289	1601.600	165.487	1436.113	1767.087
290	1684.800	160.019	1524.781	1844.819
291	1638.000	253.282	1384.718	1891.282
292	1495.000	57.773	1437.227	1552.773
293	1531.400	152.291	1379.109	1683.691
294	1484.600	201.111	1283.489	1685.711
295	1560.000	165.073	1394.927	1725.073
296	1669.200	350.368	1318.832	2019.568
297	1622.400	191.565	1430.835	1813.965
298	1622.400	172.377	1450.023	1794.777
299	1492.400	71.658	1420.742	1564.058
300	1565.200	210.143	1355.057	1775.343
301	1536.600	211.725	1324.875	1748.325
302	1583.400	215.253	1368.147	1798.653
303	1554.800	152.796	1402.004	1707.596
304	1630.200	115.471	1514.729	1745.671
305	1586.000	188.139	1397.861	1774.139
306	1578.200	220.283	1357.917	1798.483
307	1562.600	309.239	1253.361	1871.839
308	1674.400	165.900	1508.500	1840.300
309	1601.600	172.774	1428.826	1774.374
310	1565.200	181.471	1383.729	1746.671
311	1515.800	65.545	1450.255	1581.345
312	1666.600	205.156	1461.444	1871.756
313	1536.600	109.381	1427.219	1645.981
314	1638.000	229.455	1408.545	1867.455
315	1461.200	227.357	1233.843	1688.557
316	1430.000	433.201	996.799	1863.201
317	1487.200	140.907	1346.293	1628.107
318	1651.000	179.145	1471.855	1830.145
319	1651.000	54.101	1596.899	1705.101
320	1565.200	132.648	1432.552	1697.848
321	1562.600	271.262	1291.338	1833.862
322	1710.800	180.715	1530.085	1891.515
323	1450.800	171.381	1279.419	1622.181
324	1671.800	193.477	1478.323	1865.277
325	1619.800	169.321	1450.479	1789.121
326	1432.600	122.379	1310.221	1554.979
327	1549.600	258.234	1291.366	1807.834
328	1570.400	425.627	1144.773	1996.027
329	1601.600	251.791	1349.809	1853.391
330	1583.400	120.121	1463.279	1703.521
331	1495.000	29.545	1465.455	1524.545
332	1604.200	79.688	1524.512	1683.888
333	1645.800	148.651	1497.149	1794.451
334	1690.000	342.062	1347.938	2032.062
335	1580.800	170.781	1410.019	1751.581
336	1723.800	230.311	1493.489	1954.111
337	1513.200	146.855	1366.345	1660.055
338	1619.800	60.096	1559.704	1679.896
339	1606.800	274.055	1332.745	1880.855
340	1489.800	416.912	1072.888	1906.712
341	1500.200	151.389	1348.811	1651.589
342	1622.400	315.078	1307.322	1937.478
343	1479.400	167.287	1312.113	1646.687
344	1531.400	235.892	1295.508	1767.292
345	1378.000	299.824	1078.176	1677.824
346	1573.000	278.731	1294.269	1851.731
347	1526.200	78.824	1447.376	1605.024
348	1723.800	155.846	1567.954	1879.646
349	1612.000	118.759	1493.241	1730.759
350	1591.200	162.565	1428.635	1753.765
351	1534.000	166.518	1367.482	1700.518
352	1692.600	273.273	1419.327	1965.873
353	1531.400	122.379	1409.021	1653.779
354	1617.200	101.001	1516.199	1718.201
355	1578.200	251.621	1326.579	1829.821
356	1653.600	251.791	1401.809	1905.391
357	1539.200	85.190	1454.010	1624.390
358	1783.600	132.648	1650.952	1916.248
359	1614.600	221.213	1393.387	1835.813
360	1679.600	203.522	1476.078	1883.122
361	1705.600	234.619	1470.981	1940.219
362	1588.600	21.497	1567.103	1610.097
363	1547.000	42.795	1504.205	1589.795
364	1664.000	48.247	1615.753	1712.247
365	1573.000	194.535	1378.465	1767.535
366	1484.600	290.517	1194.083	1775.117
367	1635.400	362.446	1272.954	1997.846
368	1583.400	162.302	1421.098	1745.702
369	1697.800	145.391	1552.409	1843.191
370	1635.400	148.190	1487.210	1783.590
371	1593.800	387.639	1206.161	1981.439
372	1674.400	140.421	1533.979	1814.821
373	1534.000	173.762	1360.238	1707.762
374	1489.800	341.637	1148.163	1831.437
375	1578.200	239.063	1339.137	1817.263
376	1622.400	251.791	1370.609	1874.191
377	1484.600	358.839	1125.761	1843.439
378	1575.600	256.772	1318.828	1832.372
379	1578.200	276.758	1301.442	1854.958
380	1427.400	233.265	1194.135	1660.665
381	1710.800	42.995	1667.805	1753.795
382	1619.800	305.452	1314.348	1925.252
383	1684.800	157.430	1527.370	1842.230
384	1575.600	203.186	1372.414	1778.786
385	1596.400	52.982	1543.418	1649.382
386	1573.000	98.860	1474.140	1671.860
387	1518.400	174.744	1343.656	1693.144
388	1632.800	212.894	1419.906	1845.694
389	1528.800	153.912	1374.888	1682.712
390	1497.600	266.069	1231.531	1763.669
391	1729.000	169.321	1559.679	1898.321
392	1596.400	258.896	1337.504	1855.296
393	1466.400	107.884	1358.516	1574.284
394	1588.600	78.824	1509.776	1667.424
395	1606.800	154.134	1452.666	1760.934
396	1695.200	48.247	1646.953	1743.447
397	1573.000	145.391	1427.609	1718.391
398	1463.800	285.045	1178.755	1748.845
399	1541.800	409.790	1132.010	1951.590
400	1560.000	316.812	1243.188	1876.812
401	1599.000	89.405	1509.595	1688.405
402	1549.600	198.240	1351.360	1747.840
403	1640.600	174.499	1466.101	1815.099
404	1567.800	182.927	1384.873	1750.727
405	1562.600	126.235	1436.365	1688.835
406	1640.600	299.567	1341.033	1940.167
407	1484.600	177.995	1306.605	1662.595
408	1656.200	140.115	1516.085	1796.315
409	1627.600	300.964	1326.636	1928.564
410	1508.000	137.464	1370.536	1645.464
411	1536.600	135.141	1401.459	1671.741
412	1482.000	238.812	1243.188	1720.812
413	1604.200	208.466	1395.734	1812.666
414	1573.000	51.507	1521.493	1624.507
415	1547.000	125.691	1421.309	1672.691
416	1495.000	347.794	1147.206	1842.794
417	1596.400	332.316	1264.084	1928.716
418	1762.800	262.312	1500.488	2025.112
419	1521.000	296.812	1224.188	1817.812
420	1554.800	79.795	1475.005	1634.595
421	1651.000	113.678	1537.322	1764.678
422	1544.400	339.249	1205.151	1883.649
423	1609.400	280.933	1328.467	1890.333
424	1619.800	145.391	1474.409	1765.191
425	1705.600	197.201	1508.399	1902.801
426	1614.600	105.559	1509.041	1720.159
427	1638.000	456.292	1181.708	2094.292
428	1588.600	218.097	1370.503	1806.697
429	1502.800	142.598	1360.202	1645.398
430	1526.200	184.046	1342.154	1710.246
431	1630.200	93.888	1536.312	1724.088
432	1422.200	221.523	1200.677	1643.723
433	1674.400	290.429	1383.971	1964.829
434	1656.200	336.996	1319.204	1993.196
435	1523.600	84.787	1438.813	1608.387
436	1619.800	150.482	1469.318	1770.282
437	1547.000	132.066	1414.934	1679.066
438	1565.200	133.676	1431.524	1698.876
439	1526.200	143.495	1382.705	1669.695
440	1549.600	117.601	1431.999	1667.201
441	1552.200	163.143	1389.057	1715.343
442	1648.400	173.762	1474.638	1822.162
443	1479.400	209.122	1270.278	1688.522
444	1541.800	58.946	1482.854	1600.746
445	1677.000	277.500	1399.500	1954.500
446	1552.200	266.936	1285.264	1819.136
447	1653.600	123.285	1530.315	1776.885
448	1669.200	29.834	1639.366	1699.034
449	1518.400	185.759	1332.641	1704.159
450	1648.400	242.793	1405.607	1891.193
451	1656.200	216.205	1439.995	1872.405
452	1578.200	128.918	1449.282	1707.118
453	1599.000	293.798	1305.202	1892.798
454	1606.800	175.331	1431.469	1782.131
455	1575.600	124.115	1451.485	1699.715
456	1700.400	158.945	1541.455	1859.345
457	1593.800	252.436	1341.364	1846.236
458	1658.800	128.453	1530.347	1787.253
459	1630.200	194.535	1435.665	1824.735
460	1523.600	279.007	1244.593	1802.607
461	1638.000	178.427	1459.573	1816.427
462	1544.400	209.490	1334.910	1753.890
463	1562.600	176.061	1386.539	1738.661
464	1539.200	119.335	1419.865	1658.535
465	1700.400	317.783	1382.617	2018.183
466	1570.400	326.811	1243.589	1897.211
467	1591.200	85.190	1506.010	1676.390
468	1731.600	148.247	1583.353	1879.847
469	1591.200	149.855	1441.345	1741.055
470	1609.400	196.636	1412.764	1806.036
471	1656.200	98.165	1558.035	1754.365
472	1554.800	292.426	1262.374	1847.226
473	1549.600	129.250	1420.350	1678.850
474	1632.800	219.855	1412.945	1852.655
475	1380.600	309.902	1070.698	1690.502
476	1544.400	186.311	1358.089	1730.711
477	1508.000	249.057	1258.943	1757.057
478	1612.000	107.248	1504.752	1719.248
479	1521.000	235.892	1285.108	1756.892
480	1567.800	140.603	1427.197	1708.403
481	1593.800	145.391	1448.409	1739.191
482	1682.200	184.046	1498.154	1866.246
483	1583.400	154.522	1428.878	1737.922
484	1565.200	108.201	1456.999	1673.401
485	1510.600	368.441	1142.159	1879.041
486	1521.000	182.927	1338.073	1703.927
487	1599.000	86.288	1512.712	1685.288
488	1552.200	157.593	1394.607	1709.793
489	1424.800	122.169	1302.631	1546.969
490	1625.000	192.412	1432.588	1817.412
491	1547.000	331.465	1215.535	1878.465
492	1619.800	182.177	1437.623	1801.977
493	1687.400	125.691	1561.709	1813.091
494	1515.800	193.830	1321.970	1709.630
495	1534.000	277.284	1256.716	1811.284
496	1658.800	132.648	1526.152	1791.448
497	1575.600	145.450	1430.150	1721.050
498	1541.800	168.511	1373.289	1710.311
499	1614.600	87.078	1527.522	1701.678
500	1411.800	156.285	1255.515	1568.085
501	1510.600	161.031	1349.569	1671.631
502	1666.600	47.352	1619.248	1713.952
503	1617.200	183.721	1433.479	1800.921
504	1593.800	131.025	1462.775	1724.825
505	1515.800	321.398	1194.402	1837.198
506	1593.800	183.674	1410.126	1777.474
507	1619.800	122.379	1497.421	1742.179
508	1664.000	357.046	1306.954	2021.046
509	1593.800	196.636	1397.164	1790.436
510	1643.200	344.555	1298.645	1987.755
511	1638.000	217.192	1420.808	1855.192
512	1612.000	174.744	1437.256	1786.744
513	1651.000	224.897	1426.103	1875.897
514	1625.000	255.937	1369.063	1880.937
515	1567.800	290.517	1277.283	1858.317
516	1653.600	133.932	1519.668	1787.532
517	1573.000	346.611	1226.389	1919.611
518	1645.800	213.336	1432.464	1859.136
519	1552.200	148.190	1404.010	1700.390
520	1557.400	221.523	1335.877	1778.923
521	1515.800	362.068	1153.732	1877.868
522	1549.600	272.678	1276.922	1822.278
523	1531.400	143.017	1388.383	1674.417
524	1518.400	388.631	1129.769	1907.031
525	1645.800	382.661	1263.139	2028.461
526	1539.200	205.031	1334.169	1744.231
527	1609.400	24.476	1584.924	1633.876
528	1531.400	246.674	1284.726	1778.074
529	1508.000	209.653	1298.347	1717.653
530	1632.800	53.624	1579.176	1686.424
531	1547.000	83.874	1463.126	1630.874
532	1599.000	132.066	1466.934	1731.066
533	1697.800	228.221	1469.579	1926.021
534	1450.800	138.704	1312.096	1589.504
535	1591.200	177.079	1414.121	1768.279
536	1708.200	196.636	1511.564	1904.836
537	1547.000	318.831	1228.169	1865.831
538	1580.800	211.604	1369.196	1792.404
539	1508.000	245.736	1262.264	1753.736
540	1593.800	72.489	1521.311	1666.289
541	1531.400	246.952	1284.448	1778.352
542	1679.600	163.196	1516.404	1842.796
543	1513.200	212.733	1300.467	1725.933
544	1557.400	166.055	1391.345	1723.455
545	1684.800	329.523	1355.277	2014.323
546	1476.800	208.014	1268.786	1684.814
547	1557.400	104.254	1453.146	1661.654
548	1505.400	151.841	1353.559	1657.241
549	1531.400	109.381	1422.019	1640.781
550	1583.400	114.877	1468.523	1698.277
551	1619.800	153.187	1466.613	1772.987
552	1591.200	229.007	1362.193	1820.207
553	1630.200	165.228	1464.972	1795.428
554	1430.000	365.667	1064.333	1795.667
555	1601.600	200.984	1400.616	1802.584
556	1736.800	153.020	1583.780	1889.820
557	1487.200	20.268	1466.932	1507.468
558	1586.000	131.091	1454.909	1717.091
559	1643.200	89.118	1554.082	1732.318
560	1489.800	219.661	1270.139	1709.461
561	1552.200	127.852	1424.348	1680.052
562	1635.400	186.265	1449.135	1821.665
563	1544.400	124.115	1420.285	1668.515
564	1677.000	176.061	1500.939	1853.061
565	1586.000	92.510	1493.490	1678.510
566	1526.200	98.860	1427.340	1625.060
567	1664.000	86.782	1577.218	1750.782
568	1534.000	44.559	1489.441	1578.559
569	1541.800	147.263	1394.537	1689.063
570	1666.600	203.816	1462.784	1870.416
571	1609.400	143.017	1466.383	1752.417
572	1645.800	117.236	1528.564	1763.036
573	1549.600	76.733	1472.867	1626.333
574	1500.200	246.674	1253.526	1746.874
575	1515.800	110.626	1405.174	1626.426
576	1658.800	254.361	1404.439	1913.161
577	1552.200	132.066	1420.134	1684.266
578	1625.000	137.152	1487.848	1762.152
579	1549.600	183.907	1365.693	1733.507
580	1497.600	416.850	1080.750	1914.450
581	1604.200	109.381	1494.819	1713.581
582	1596.400	137.215	1459.185	1733.615
583	1528.800	181.282	1347.518	1710.082
584	1547.000	71.539	1475.461	1618.539
585	1666.600	138.147	1528.453	1804.747
586	1596.400	200.130	1396.270	1796.530
587	1583.400	292.397	1291.003	1875.797
588	1638.000	193.874	1444.126	1831.874
589	1534.000	249.469	1284.531	1783.469
590	1669.200	320.144	1349.056	1989.344
591	1692.600	251.349	1441.251	1943.949
592	1640.600	405.760	1234.840	2046.360
593	1606.800	320.998	1285.802	1927.798
594	1788.800	199.616	1589.184	1988.416
595	1716.000	180.146	1535.854	1896.146
596	1796.600	203.144	1593.456	1999.744
597	1788.800	231.090	1557.710	2019.890
598	1895.400	91.674	1803.726	1987.074
599	1835.600	44.559	1791.041	1880.159
600	1586.706	15.289	1571.417	1601.995