Time 1-10.0.0.3-10.0.0.2 Aggregate-Flow
0.000000 0.000847 0.000847
1.000000 0.000169 0.000169
2.000000 0.000598 0.000598
3.000000 0.001208 0.001208
4.000000 0.000184 0.000184
5.000000 0.000095 0.000095
6.000000 0.001154 0.001154
7.000000 0.000154 0.000154
8.000000 0.000311 0.000311
9.000000 0.000665 0.000665
10.000000 0.000404 0.000404
11.000000 0.000201 0.000201
12.000000 0.000230 0.000230
13.000000 0.000171 0.000171
14.000000 0.000197 0.000197
15.000000 0.000726 0.000726
16.000000 0.000370 0.000370
17.000000 0.001430 0.001430
18.000000 0.000262 0.000262
19.000000 0.000123 0.000123
20.000000 0.000158 0.000158
21.000000 0.000262 0.000262
22.000000 0.000155 0.000155
23.000000 0.000233 0.000233
24.000000 0.000245 0.000245
25.000000 0.000934 0.000934
26.000000 0.000443 0.000443
27.000000 0.000570 0.000570
28.000000 0.000688 0.000688
29.000000 0.001008 0.001008
30.000000 0.000329 0.000329
31.000000 0.000139 0.000139
32.000000 0.000112 0.000112
33.000000 0.000115 0.000115
34.000000 0.000175 0.000175
35.000000 0.000199 0.000199
36.000000 0.000348 0.000348
37.000000 0.000449 0.000449
38.000000 0.000401 0.000401
39.000000 0.000366 0.000366
40.000000 0.000153 0.000153
41.000000 0.000127 0.000127
42.000000 0.000193 0.000193
43.000000 0.000205 0.000205
44.000000 0.000129 0.000129
45.000000 0.000172 0.000172
46.000000 0.000942 0.000942
47.000000 0.000614 0.000614
48.000000 0.000321 0.000321
49.000000 0.000225 0.000225
50.000000 0.000143 0.000143
51.000000 0.000199 0.000199
52.000000 0.000134 0.000134
53.000000 0.001265 0.001265
54.000000 0.000174 0.000174
55.000000 0.000462 0.000462
56.000000 0.001035 0.001035
57.000000 0.001217 0.001217
58.000000 0.000229 0.000229
59.000000 0.000122 0.000122
60.000000 0.000198 0.000198
61.000000 0.000252 0.000252
62.000000 0.000137 0.000137
63.000000 0.000178 0.000178
64.000000 0.000172 0.000172
65.000000 0.001019 0.001019
66.000000 0.000176 0.000176
67.000000 0.000177 0.000177
68.000000 0.001077 0.001077
69.000000 0.000190 0.000190
70.000000 0.000198 0.000198
71.000000 0.000434 0.000434
72.000000 0.000136 0.000136
73.000000 0.001815 0.001815
74.000000 0.000277 0.000277
75.000000 0.000816 0.000816
76.000000 0.001273 0.001273
77.000000 0.000200 0.000200
78.000000 0.000144 0.000144
79.000000 0.000159 0.000159
80.000000 0.000228 0.000228
81.000000 0.000218 0.000218
82.000000 0.000255 0.000255
83.000000 0.000237 0.000237
84.000000 0.000673 0.000673
85.000000 0.000564 0.000564
86.000000 0.000193 0.000193
87.000000 0.000126 0.000126
88.000000 0.000107 0.000107
89.000000 0.000175 0.000175
90.000000 0.000299 0.000299
91.000000 0.000819 0.000819
92.000000 0.000254 0.000254
93.000000 0.001087 0.001087
94.000000 0.000152 0.000152
95.000000 0.000242 0.000242
96.000000 0.000121 0.000121
97.000000 0.000134 0.000134
98.000000 0.000159 0.000159
99.000000 0.000140 0.000140
100.000000 0.001136 0.001136
101.000000 0.000322 0.000322
102.000000 0.000137 0.000137
103.000000 0.000870 0.000870
104.000000 0.000227 0.000227
105.000000 0.000202 0.000202
106.000000 0.000136 0.000136
107.000000 0.001273 0.001273
108.000000 0.000164 0.000164
109.000000 0.000106 0.000106
110.000000 0.000201 0.000201
111.000000 0.001694 0.001694
112.000000 0.000266 0.000266
113.000000 0.000178 0.000178
114.000000 0.000406 0.000406
115.000000 0.000587 0.000587
116.000000 0.000163 0.000163
117.000000 0.000110 0.000110
118.000000 0.000169 0.000169
119.000000 0.000156 0.000156
120.000000 0.000807 0.000807
121.000000 0.000644 0.000644
122.000000 0.001047 0.001047
123.000000 0.000275 0.000275
124.000000 0.000149 0.000149
125.000000 0.000120 0.000120
126.000000 0.000225 0.000225
127.000000 0.000957 0.000957
128.000000 0.000353 0.000353
129.000000 0.000321 0.000321
130.000000 0.000164 0.000164
131.000000 0.000834 0.000834
132.000000 0.001097 0.001097
133.000000 0.000165 0.000165
134.000000 0.000128 0.000128
135.000000 0.000274 0.000274
136.000000 0.000238 0.000238
137.000000 0.000145 0.000145
138.000000 0.000234 0.000234
139.000000 0.000187 0.000187
140.000000 0.001274 0.001274
141.000000 0.000810 0.000810
142.000000 0.000164 0.000164
143.000000 0.000115 0.000115
144.000000 0.000150 0.000150
145.000000 0.000296 0.000296
146.000000 0.000190 0.000190
147.000000 0.000710 0.000710
148.000000 0.000444 0.000444
149.000000 0.000108 0.000108
150.000000 0.001185 0.001185
151.000000 0.000208 0.000208
152.000000 0.000818 0.000818
153.000000 0.000427 0.000427
154.000000 0.000261 0.000261
155.000000 0.000152 0.000152
156.000000 0.000167 0.000167
157.000000 0.000336 0.000336
158.000000 0.000151 0.000151
159.000000 0.000139 0.000139
160.000000 0.001544 0.001544
161.000000 0.000314 0.000314
162.000000 0.001049 0.001049
163.000000 0.000229 0.000229
164.000000 0.000146 0.000146
165.000000 0.000104 0.000104
166.000000 0.000262 0.000262
167.000000 0.000133 0.000133
168.000000 0.000171 0.000171
169.000000 0.000298 0.000298
170.000000 0.000764 0.000764
171.000000 0.000321 0.000321
172.000000 0.001519 0.001519
173.000000 0.000170 0.000170
174.000000 0.000142 0.000142
175.000000 0.000253 0.000253
176.000000 0.000167 0.000167
177.000000 0.000122 0.000122
178.000000 0.001984 0.001984
179.000000 0.000143 0.000143
180.000000 0.001049 0.001049
181.000000 0.000595 0.000595
182.000000 0.000616 0.000616
183.000000 0.000136 0.000136
184.000000 0.000166 0.000166
185.000000 0.000155 0.000155
186.000000 0.000174 0.000174
187.000000 0.000188 0.000188
188.000000 0.000235 0.000235
189.000000 0.000169 0.000169
190.000000 0.000695 0.000695
191.000000 0.000838 0.000838
192.000000 0.000630 0.000630
193.000000 0.000895 0.000895
194.000000 0.000254 0.000254
195.000000 0.000681 0.000681
196.000000 0.000150 0.000150
197.000000 0.000148 0.000148
198.000000 0.000136 0.000136
199.000000 0.000166 0.000166
200.000000 0.000199 0.000199
201.000000 0.000126 0.000126
202.000000 0.000198 0.000198
203.000000 0.000247 0.000247
204.000000 0.000142 0.000142
205.000000 0.000190 0.000190
206.000000 0.000143 0.000143
207.000000 0.000173 0.000173
208.000000 0.001096 0.001096
209.000000 0.000277 0.000277
210.000000 0.001034 0.001034
211.000000 0.000669 0.000669
212.000000 0.000981 0.000981
213.000000 0.000166 0.000166
214.000000 0.000124 0.000124
215.000000 0.000163 0.000163
216.000000 0.000156 0.000156
217.000000 0.000132 0.000132
218.000000 0.001230 0.001230
219.000000 0.000210 0.000210
220.000000 0.000686 0.000686
221.000000 0.001113 0.001113
222.000000 0.000786 0.000786
223.000000 0.000308 0.000308
224.000000 0.000122 0.000122
225.000000 0.000182 0.000182
226.000000 0.000171 0.000171
227.000000 0.000230 0.000230
228.000000 0.000229 0.000229
229.000000 0.000187 0.000187
230.000000 0.000208 0.000208
231.000000 0.000180 0.000180
232.000000 0.000167 0.000167
233.000000 0.000168 0.000168
234.000000 0.000195 0.000195
235.000000 0.000847 0.000847
236.000000 0.000185 0.000185
237.000000 0.000438 0.000438
238.000000 0.000807 0.000807
239.000000 0.000159 0.000159
240.000000 0.000301 0.000301
241.000000 0.000147 0.000147
242.000000 0.000209 0.000209
243.000000 0.000242 0.000242
244.000000 0.000176 0.000176
245.000000 0.000680 0.000680
246.000000 0.000262 0.000262
247.000000 0.000889 0.000889
248.000000 0.000185 0.000185
249.000000 0.000255 0.000255
250.000000 0.000135 0.000135
251.000000 0.000166 0.000166
252.000000 0.000177 0.000177
253.000000 0.000182 0.000182
254.000000 0.000134 0.000134
255.000000 0.000902 0.000902
256.000000 0.000121 0.000121
257.000000 0.000962 0.000962
258.000000 0.000252 0.000252
259.000000 0.000131 0.000131
260.000000 0.000128 0.000128
261.000000 0.000084 0.000084
262.000000 0.000498 0.000498
263.000000 0.000628 0.000628
264.000000 0.000186 0.000186
265.000000 0.000978 0.000978
266.000000 0.000237 0.000237
267.000000 0.000188 0.000188
268.000000 0.000177 0.000177
269.000000 0.000121 0.000121
270.000000 0.000216 0.000216
271.000000 0.000178 0.000178
272.000000 0.000132 0.000132
273.000000 0.001673 0.001673
274.000000 0.000112 0.000112
275.000000 0.000157 0.000157
276.000000 0.001097 0.001097
277.000000 0.000215 0.000215
278.000000 0.000186 0.000186
279.000000 0.000956 0.000956
280.000000 0.001132 0.001132
281.000000 0.000683 0.000683
282.000000 0.000141 0.000141
283.000000 0.000176 0.000176
284.000000 0.000172 0.000172
285.000000 0.000143 0.000143
286.000000 0.000268 0.000268
287.000000 0.000138 0.000138
288.000000 0.000162 0.000162
289.000000 0.000313 0.000313
290.000000 0.000131 0.000131
291.000000 0.000179 0.000179
292.000000 0.000162 0.000162
293.000000 0.000985 0.000985
294.000000 0.000157 0.000157
295.000000 0.001421 0.001421
296.000000 0.000687 0.000687
297.000000 0.000410 0.000410
298.000000 0.000351 0.000351
299.000000 0.000963 0.000963
300.000000 0.000540 0.000540
301.000000 0.000133 0.000133
302.000000 0.000879 0.000879
303.000000 0.000605 0.000605
304.000000 0.000213 0.000213
305.000000 0.001055 0.001055
306.000000 0.000397 0.000397
307.000000 0.000206 0.000206
308.000000 0.000114 0.000114
309.000000 0.000213 0.000213
310.000000 0.000177 0.000177
311.000000 0.000179 0.000179
312.000000 0.000511 0.000511
313.000000 0.000876 0.000876
314.000000 0.000327 0.000327
315.000000 0.000796 0.000796
316.000000 0.000189 0.000189
317.000000 0.000250 0.000250
318.000000 0.000131 0.000131
319.000000 0.000151 0.000151
320.000000 0.000256 0.000256
321.000000 0.000148 0.000148
322.000000 0.000715 0.000715
323.000000 0.000322 0.000322
324.000000 0.000169 0.000169
325.000000 0.001406 0.001406
326.000000 0.000236 0.000236
327.000000 0.000206 0.000206
328.000000 0.001317 0.001317
329.000000 0.000330 0.000330
330.000000 0.000202 0.000202
331.000000 0.000153 0.000153
332.000000 0.001511 0.001511
333.000000 0.000157 0.000157
334.000000 0.000155 0.000155
335.000000 0.000386 0.000386
336.000000 0.001538 0.001538
337.000000 0.000623 0.000623
338.000000 0.000384 0.000384
339.000000 0.000845 0.000845
340.000000 0.000367 0.000367
341.000000 0.000223 0.000223
342.000000 0.000126 0.000126
343.000000 0.000166 0.000166
344.000000 0.000158 0.000158
345.000000 0.000135 0.000135
346.000000 0.000189 0.000189
347.000000 0.001538 0.001538
348.000000 0.000508 0.000508
349.000000 0.000176 0.000176
350.000000 0.000967 0.000967
351.000000 0.000176 0.000176
352.000000 0.000125 0.000125
353.000000 0.000158 0.000158
354.000000 0.000187 0.000187
355.000000 0.000976 0.000976
356.000000 0.000180 0.000180
357.000000 0.000367 0.000367
358.000000 0.000594 0.000594
359.000000 0.000218 0.000218
360.000000 0.000340 0.000340
361.000000 0.000189 0.000189
362.000000 0.000162 0.000162
363.000000 0.000154 0.000154
364.000000 0.000442 0.000442
365.000000 0.001348 0.001348
366.000000 0.000620 0.000620
367.000000 0.000152 0.000152
368.000000 0.000168 0.000168
369.000000 0.000281 0.000281
370.000000 0.000185 0.000185
371.000000 0.000225 0.000225
372.000000 0.000594 0.000594
373.000000 0.001016 0.001016
374.000000 0.000329 0.000329
375.000000 0.000371 0.000371
376.000000 0.000172 0.000172
377.000000 0.000565 0.000565
378.000000 0.000332 0.000332
379.000000 0.000172 0.000172
380.000000 0.000718 0.000718
381.000000 0.000188 0.000188
382.000000 0.000182 0.000182
383.000000 0.000884 0.000884
384.000000 0.000218 0.000218
385.000000 0.000778 0.000778
386.000000 0.000891 0.000891
387.000000 0.000203 0.000203
388.000000 0.000122 0.000122
389.000000 0.000163 0.000163
390.000000 0.000231 0.000231
391.000000 0.000207 0.000207
392.000000 0.000504 0.000504
393.000000 0.000173 0.000173
394.000000 0.000285 0.000285
395.000000 0.000157 0.000157
396.000000 0.000157 0.000157
397.000000 0.000217 0.000217
398.000000 0.000167 0.000167
399.000000 0.000237 0.000237
400.000000 0.002080 0.002080
401.000000 0.000201 0.000201
402.000000 0.001013 0.001013
403.000000 0.000569 0.000569
404.000000 0.000652 0.000652
405.000000 0.000142 0.000142
406.000000 0.000134 0.000134
407.000000 0.000157 0.000157
408.000000 0.000177 0.000177
409.000000 0.000148 0.000148
410.000000 0.001000 0.001000
411.000000 0.000368 0.000368
412.000000 0.000256 0.000256
413.000000 0.000146 0.000146
414.000000 0.000166 0.000166
415.000000 0.000209 0.000209
416.000000 0.000225 0.000225
417.000000 0.000669 0.000669
418.000000 0.000524 0.000524
419.000000 0.000304 0.000304
420.000000 0.001089 0.001089
421.000000 0.000192 0.000192
422.000000 0.000155 0.000155
423.000000 0.000116 0.000116
424.000000 0.000178 0.000178
425.000000 0.000148 0.000148
426.000000 0.000157 0.000157
427.000000 0.000232 0.000232
428.000000 0.001036 0.001036
429.000000 0.000256 0.000256
430.000000 0.001114 0.001114
431.000000 0.000198 0.000198
432.000000 0.000516 0.000516
433.000000 0.000124 0.000124
434.000000 0.000201 0.000201
435.000000 0.000731 0.000731
436.000000 0.000676 0.000676
437.000000 0.000118 0.000118
438.000000 0.000833 0.000833
439.000000 0.000293 0.000293
440.000000 0.000232 0.000232
441.000000 0.000243 0.000243
442.000000 0.000094 0.000094
443.000000 0.000154 0.000154
444.000000 0.000154 0.000154
445.000000 0.000611 0.000611
446.000000 0.001127 0.001127
447.000000 0.000156 0.000156
448.000000 0.000305 0.000305
449.000000 0.000848 0.000848
450.000000 0.000164 0.000164
451.000000 0.000155 0.000155
452.000000 0.000794 0.000794
453.000000 0.000228 0.000228
454.000000 0.000136 0.000136
455.000000 0.000197 0.000197
456.000000 0.000221 0.000221
457.000000 0.000529 0.000529
458.000000 0.000515 0.000515
459.000000 0.000267 0.000267
460.000000 0.000156 0.000156
461.000000 0.000149 0.000149
462.000000 0.000282 0.000282
463.000000 0.000177 0.000177
464.000000 0.000136 0.000136
465.000000 0.001517 0.001517
466.000000 0.000195 0.000195
467.000000 0.000770 0.000770
468.000000 0.001628 0.001628
469.000000 0.000190 0.000190
470.000000 0.000119 0.000119
471.000000 0.000215 0.000215
472.000000 0.000202 0.000202
473.000000 0.000162 0.000162
474.000000 0.000174 0.000174
475.000000 0.000619 0.000619
476.000000 0.000649 0.000649
477.000000 0.001085 0.001085
478.000000 0.000123 0.000123
479.000000 0.000130 0.000130
480.000000 0.000283 0.000283
481.000000 0.000157 0.000157
482.000000 0.000153 0.000153
483.000000 0.001234 0.001234
484.000000 0.000210 0.000210
485.000000 0.000767 0.000767
486.000000 0.000356 0.000356
487.000000 0.000310 0.000310
488.000000 0.000108 0.000108
489.000000 0.000722 0.000722
490.000000 0.000639 0.000639
491.000000 0.000203 0.000203
492.000000 0.000177 0.000177
493.000000 0.000237 0.000237
494.000000 0.000137 0.000137
495.000000 0.000942 0.000942
496.000000 0.000383 0.000383
497.000000 0.000142 0.000142
498.000000 0.000124 0.000124
499.000000 0.000195 0.000195
500.000000 0.000212 0.000212
501.000000 0.000150 0.000150
502.000000 0.000258 0.000258
503.000000 0.001177 0.001177
504.000000 0.000175 0.000175
505.000000 0.001306 0.001306
506.000000 0.000220 0.000220
507.000000 0.000201 0.000201
508.000000 0.000157 0.000157
509.000000 0.000123 0.000123
510.000000 0.000910 0.000910
511.000000 0.000356 0.000356
512.000000 0.000210 0.000210
513.000000 0.000919 0.000919
514.000000 0.001388 0.001388
515.000000 0.000207 0.000207
516.000000 0.000125 0.000125
517.000000 0.000168 0.000168
518.000000 0.000244 0.000244
519.000000 0.000202 0.000202
520.000000 0.000220 0.000220
521.000000 0.000520 0.000520
522.000000 0.000737 0.000737
523.000000 0.000468 0.000468
524.000000 0.000236 0.000236
525.000000 0.000172 0.000172
526.000000 0.000199 0.000199
527.000000 0.000304 0.000304
528.000000 0.001016 0.001016
529.000000 0.000157 0.000157
530.000000 0.000581 0.000581
531.000000 0.000642 0.000642
532.000000 0.001027 0.001027
533.000000 0.000313 0.000313
534.000000 0.000116 0.000116
535.000000 0.000138 0.000138
536.000000 0.000077 0.000077
537.000000 0.000154 0.000154
538.000000 0.001105 0.001105
539.000000 0.000299 0.000299
540.000000 0.000462 0.000462
541.000000 0.000712 0.000712
542.000000 0.000193 0.000193
543.000000 0.000156 0.000156
544.000000 0.000561 0.000561
545.000000 0.000801 0.000801
546.000000 0.000154 0.000154
547.000000 0.000197 0.000197
548.000000 0.001260 0.001260
549.000000 0.000243 0.000243
550.000000 0.000904 0.000904
551.000000 0.000345 0.000345
552.000000 0.000174 0.000174
553.000000 0.000167 0.000167
554.000000 0.000165 0.000165
555.000000 0.000192 0.000192
556.000000 0.000122 0.000122
557.000000 0.000287 0.000287
558.000000 0.000213 0.000213
559.000000 0.000153 0.000153
560.000000 0.000177 0.000177
561.000000 0.000199 0.000199
562.000000 0.000898 0.000898
563.000000 0.000622 0.000622
564.000000 0.000843 0.000843
565.000000 0.000149 0.000149
566.000000 0.000266 0.000266
567.000000 0.001256 0.001256
568.000000 0.000329 0.000329
569.000000 0.000203 0.000203
570.000000 0.000220 0.000220
571.000000 0.000163 0.000163
572.000000 0.000752 0.000752
573.000000 0.000715 0.000715
574.000000 0.000203 0.000203
575.000000 0.000975 0.000975
576.000000 0.001743 0.001743
577.000000 0.000125 0.000125
578.000000 0.000151 0.000151
579.000000 0.000129 0.000129
580.000000 0.000179 0.000179
581.000000 0.000163 0.000163
582.000000 0.000289 0.000289
583.000000 0.000139 0.000139
584.000000 0.000513 0.000513
585.000000 0.000855 0.000855
586.000000 0.000157 0.000157
587.000000 0.000158 0.000158
588.000000 0.000176 0.000176
589.000000 0.000202 0.000202
590.000000 0.001000 0.001000
591.000000 0.000201 0.000201
592.000000 0.000391 0.000391
593.000000 0.000769 0.000769
594.000000 0.001171 0.001171
595.000000 0.000192 0.000192
596.000000 0.000126 0.000126
597.000000 0.000118 0.000118
598.000000 0.000260 0.000260
599.000000 0.000141 0.000141
