Time 1-10.0.0.3-10.0.0.2 Aggregate-Flow
0.000000 0.001130 0.001130
1.000000 0.001898 0.001898
2.000000 0.003465 0.003465
3.000000 0.002070 0.002070
4.000000 0.002546 0.002546
5.000000 0.002703 0.002703
6.000000 0.002526 0.002526
7.000000 0.001868 0.001868
8.000000 0.002256 0.002256
9.000000 0.002884 0.002884
10.000000 0.002789 0.002789
11.000000 0.002932 0.002932
12.000000 0.002598 0.002598
13.000000 0.002098 0.002098
14.000000 0.002484 0.002484
15.000000 0.002627 0.002627
16.000000 0.002178 0.002178
17.000000 0.002325 0.002325
18.000000 0.002269 0.002269
19.000000 0.001994 0.001994
20.000000 0.002788 0.002788
21.000000 0.001856 0.001856
22.000000 0.001355 0.001355
23.000000 0.002767 0.002767
24.000000 0.002631 0.002631
25.000000 0.002138 0.002138
26.000000 0.002483 0.002483
27.000000 0.002203 0.002203
28.000000 0.002748 0.002748
29.000000 0.002218 0.002218
30.000000 0.002167 0.002167
31.000000 0.001624 0.001624
32.000000 0.002791 0.002791
33.000000 0.002131 0.002131
34.000000 0.002690 0.002690
35.000000 0.002129 0.002129
36.000000 0.002323 0.002323
37.000000 0.001528 0.001528
38.000000 0.002307 0.002307
39.000000 0.001762 0.001762
40.000000 0.003209 0.003209
41.000000 0.002546 0.002546
42.000000 0.002540 0.002540
43.000000 0.003360 0.003360
44.000000 0.002287 0.002287
45.000000 0.002029 0.002029
46.000000 0.003133 0.003133
47.000000 0.002464 0.002464
48.000000 0.001649 0.001649
49.000000 0.001986 0.001986
50.000000 0.001963 0.001963
51.000000 0.002548 0.002548
52.000000 0.002247 0.002247
53.000000 0.001949 0.001949
54.000000 0.001883 0.001883
55.000000 0.002049 0.002049
56.000000 0.001911 0.001911
57.000000 0.002567 0.002567
58.000000 0.002202 0.002202
59.000000 0.001986 0.001986
60.000000 0.001626 0.001626
61.000000 0.001872 0.001872
62.000000 0.002228 0.002228
63.000000 0.001716 0.001716
64.000000 0.002256 0.002256
65.000000 0.002776 0.002776
66.000000 0.002706 0.002706
67.000000 0.002227 0.002227
68.000000 0.002744 0.002744
69.000000 0.001673 0.001673
70.000000 0.002657 0.002657
71.000000 0.005140 0.005140
72.000000 0.002727 0.002727
73.000000 0.001662 0.001662
74.000000 0.002363 0.002363
75.000000 0.002221 0.002221
76.000000 0.002412 0.002412
77.000000 0.002414 0.002414
78.000000 0.002105 0.002105
79.000000 0.002419 0.002419
80.000000 0.002043 0.002043
81.000000 0.001688 0.001688
82.000000 0.001999 0.001999
83.000000 0.002269 0.002269
84.000000 0.002173 0.002173
85.000000 0.004048 0.004048
86.000000 0.002005 0.002005
87.000000 0.002566 0.002566
88.000000 0.002937 0.002937
89.000000 0.002623 0.002623
90.000000 0.002867 0.002867
91.000000 0.002300 0.002300
92.000000 0.001961 0.001961
93.000000 0.004578 0.004578
94.000000 0.001865 0.001865
95.000000 0.001746 0.001746
96.000000 0.001987 0.001987
97.000000 0.002186 0.002186
98.000000 0.002077 0.002077
99.000000 0.002714 0.002714
100.000000 0.001565 0.001565
101.000000 0.002010 0.002010
102.000000 0.002327 0.002327
103.000000 0.004180 0.004180
104.000000 0.002850 0.002850
105.000000 0.003243 0.003243
106.000000 0.002222 0.002222
107.000000 0.002863 0.002863
108.000000 0.001630 0.001630
109.000000 0.001976 0.001976
110.000000 0.003403 0.003403
111.000000 0.002263 0.002263
112.000000 0.002383 0.002383
113.000000 0.002296 0.002296
114.000000 0.002182 0.002182
115.000000 0.001839 0.001839
116.000000 0.001724 0.001724
117.000000 0.001963 0.001963
118.000000 0.002573 0.002573
119.000000 0.002796 0.002796
120.000000 0.002769 0.002769
121.000000 0.002974 0.002974
122.000000 0.003380 0.003380
123.000000 0.002386 0.002386
124.000000 0.002721 0.002721
125.000000 0.002222 0.002222
126.000000 0.002261 0.002261
127.000000 0.004514 0.004514
128.000000 0.002226 0.002226
129.000000 0.001899 0.001899
130.000000 0.002870 0.002870
131.000000 0.001719 0.001719
132.000000 0.003636 0.003636
133.000000 0.002105 0.002105
134.000000 0.002323 0.002323
135.000000 0.002076 0.002076
136.000000 0.003272 0.003272
137.000000 0.001778 0.001778
138.000000 0.002737 0.002737
139.000000 0.001590 0.001590
140.000000 0.001968 0.001968
141.000000 0.004548 0.004548
142.000000 0.001884 0.001884
143.000000 0.001844 0.001844
144.000000 0.002451 0.002451
145.000000 0.001961 0.001961
146.000000 0.002467 0.002467
147.000000 0.002958 0.002958
148.000000 0.001848 0.001848
149.000000 0.002329 0.002329
150.000000 0.002382 0.002382
151.000000 0.001773 0.001773
152.000000 0.002879 0.002879
153.000000 0.001956 0.001956
154.000000 0.001988 0.001988
155.000000 0.002390 0.002390
156.000000 0.002316 0.002316
157.000000 0.002509 0.002509
158.000000 0.001888 0.001888
159.000000 0.001837 0.001837
160.000000 0.002169 0.002169
161.000000 0.002875 0.002875
162.000000 0.002376 0.002376
163.000000 0.003642 0.003642
164.000000 0.002292 0.002292
165.000000 0.001847 0.001847
166.000000 0.003788 0.003788
167.000000 0.002307 0.002307
168.000000 0.002262 0.002262
169.000000 0.004362 0.004362
170.000000 0.002063 0.002063
171.000000 0.001823 0.001823
172.000000 0.002468 0.002468
173.000000 0.001653 0.001653
174.000000 0.002220 0.002220
175.000000 0.004742 0.004742
176.000000 0.002003 0.002003
177.000000 0.001952 0.001952
178.000000 0.002210 0.002210
179.000000 0.002043 0.002043
180.000000 0.002010 0.002010
181.000000 0.002032 0.002032
182.000000 0.001976 0.001976
183.000000 0.003055 0.003055
184.000000 0.002226 0.002226
185.000000 0.001841 0.001841
186.000000 0.002496 0.002496
187.000000 0.002163 0.002163
188.000000 0.002130 0.002130
189.000000 0.002495 0.002495
190.000000 0.002223 0.002223
191.000000 0.002396 0.002396
192.000000 0.002770 0.002770
193.000000 0.002941 0.002941
194.000000 0.002388 0.002388
195.000000 0.002135 0.002135
196.000000 0.002227 0.002227
197.000000 0.002517 0.002517
198.000000 0.002566 0.002566
199.000000 0.002185 0.002185
200.000000 0.002703 0.002703
201.000000 0.002401 0.002401
202.000000 0.002434 0.002434
203.000000 0.002650 0.002650
204.000000 0.002921 0.002921
205.000000 0.002380 0.002380
206.000000 0.002074 0.002074
207.000000 0.003800 0.003800
208.000000 0.002332 0.002332
209.000000 0.002588 0.002588
210.000000 0.003130 0.003130
211.000000 0.002364 0.002364
212.000000 0.003319 0.003319
213.000000 0.002523 0.002523
214.000000 0.002245 0.002245
215.000000 0.003023 0.003023
216.000000 0.002033 0.002033
217.000000 0.001921 0.001921
218.000000 0.003314 0.003314
219.000000 0.002564 0.002564
220.000000 0.002141 0.002141
221.000000 0.002376 0.002376
222.000000 0.002009 0.002009
223.000000 0.002491 0.002491
224.000000 0.002326 0.002326
225.000000 0.002183 0.002183
226.000000 0.002418 0.002418
227.000000 0.002214 0.002214
228.000000 0.001636 0.001636
229.000000 0.002336 0.002336
230.000000 0.002569 0.002569
231.000000 0.002798 0.002798
232.000000 0.002879 0.002879
233.000000 0.002616 0.002616
234.000000 0.002626 0.002626
235.000000 0.003016 0.003016
236.000000 0.002006 0.002006
237.000000 0.002559 0.002559
238.000000 0.002128 0.002128
239.000000 0.002550 0.002550
240.000000 0.001849 0.001849
241.000000 0.002328 0.002328
242.000000 0.002585 0.002585
243.000000 0.003067 0.003067
244.000000 0.001912 0.001912
245.000000 0.002723 0.002723
246.000000 0.002318 0.002318
247.000000 0.002520 0.002520
248.000000 0.002282 0.002282
249.000000 0.002503 0.002503
250.000000 0.002182 0.002182
251.000000 0.003114 0.003114
252.000000 0.001767 0.001767
253.000000 0.002459 0.002459
254.000000 0.003666 0.003666
255.000000 0.002627 0.002627
256.000000 0.002184 0.002184
257.000000 0.003390 0.003390
258.000000 0.002245 0.002245
259.000000 0.002458 0.002458
260.000000 0.002646 0.002646
261.000000 0.001816 0.001816
262.000000 0.002580 0.002580
263.000000 0.001951 0.001951
264.000000 0.002187 0.002187
265.000000 0.002131 0.002131
266.000000 0.002442 0.002442
267.000000 0.002283 0.002283
268.000000 0.002148 0.002148
269.000000 0.002506 0.002506
270.000000 0.001889 0.001889
271.000000 0.002176 0.002176
272.000000 0.001931 0.001931
273.000000 0.002422 0.002422
274.000000 0.002095 0.002095
275.000000 0.002044 0.002044
276.000000 0.002644 0.002644
277.000000 0.002386 0.002386
278.000000 0.002196 0.002196
279.000000 0.001843 0.001843
280.000000 0.002813 0.002813
281.000000 0.001788 0.001788
282.000000 0.002523 0.002523
283.000000 0.001727 0.001727
284.000000 0.002200 0.002200
285.000000 0.002997 0.002997
286.000000 0.001960 0.001960
287.000000 0.002016 0.002016
288.000000 0.002350 0.002350
289.000000 0.002410 0.002410
290.000000 0.002174 0.002174
291.000000 0.003425 0.003425
292.000000 0.002535 0.002535
293.000000 0.002275 0.002275
294.000000 0.002406 0.002406
295.000000 0.002141 0.002141
296.000000 0.002300 0.002300
297.000000 0.002828 0.002828
298.000000 0.001991 0.001991
299.000000 0.002675 0.002675
300.000000 0.002863 0.002863
301.000000 0.002262 0.002262
302.000000 0.002331 0.002331
303.000000 0.002492 0.002492
304.000000 0.002038 0.002038
305.000000 0.001987 0.001987
306.000000 0.001841 0.001841
307.000000 0.002131 0.002131
308.000000 0.003509 0.003509
309.000000 0.002262 0.002262
310.000000 0.002174 0.002174
311.000000 0.001631 0.001631
312.000000 0.002134 0.002134
313.000000 0.002716 0.002716
314.000000 0.006310 0.006310
315.000000 0.002005 0.002005
316.000000 0.001497 0.001497
317.000000 0.003523 0.003523
318.000000 0.002534 0.002534
319.000000 0.002589 0.002589
320.000000 0.002201 0.002201
321.000000 0.002677 0.002677
322.000000 0.002496 0.002496
323.000000 0.001765 0.001765
324.000000 0.001787 0.001787
325.000000 0.003210 0.003210
326.000000 0.002956 0.002956
327.000000 0.002087 0.002087
328.000000 0.003214 0.003214
329.000000 0.002895 0.002895
330.000000 0.001766 0.001766
331.000000 0.002233 0.002233
332.000000 0.002127 0.002127
333.000000 0.002790 0.002790
334.000000 0.003178 0.003178
335.000000 0.001793 0.001793
336.000000 0.002928 0.002928
337.000000 0.002946 0.002946
338.000000 0.002422 0.002422
339.000000 0.003170 0.003170
340.000000 0.001920 0.001920
341.000000 0.002647 0.002647
342.000000 0.002964 0.002964
343.000000 0.002470 0.002470
344.000000 0.002496 0.002496
345.000000 0.002007 0.002007
346.000000 0.001839 0.001839
347.000000 0.002199 0.002199
348.000000 0.002237 0.002237
349.000000 0.002331 0.002331
350.000000 0.002772 0.002772
351.000000 0.002771 0.002771
352.000000 0.002507 0.002507
353.000000 0.002882 0.002882
354.000000 0.002390 0.002390
355.000000 0.002001 0.002001
356.000000 0.003505 0.003505
357.000000 0.003163 0.003163
358.000000 0.002049 0.002049
359.000000 0.002642 0.002642
360.000000 0.002151 0.002151
361.000000 0.002214 0.002214
362.000000 0.006051 0.006051
363.000000 0.001824 0.001824
364.000000 0.002230 0.002230
365.000000 0.002090 0.002090
366.000000 0.001848 0.001848
367.000000 0.002727 0.002727
368.000000 0.002514 0.002514
369.000000 0.002059 0.002059
370.000000 0.001730 0.001730
371.000000 0.002214 0.002214
372.000000 0.001891 0.001891
373.000000 0.002526 0.002526
374.000000 0.003085 0.003085
375.000000 0.003655 0.003655
376.000000 0.002419 0.002419
377.000000 0.002317 0.002317
378.000000 0.001577 0.001577
379.000000 0.003576 0.003576
380.000000 0.002136 0.002136
381.000000 0.002329 0.002329
382.000000 0.003345 0.003345
383.000000 0.002134 0.002134
384.000000 0.002101 0.002101
385.000000 0.003626 0.003626
386.000000 0.002279 0.002279
387.000000 0.002174 0.002174
388.000000 0.002639 0.002639
389.000000 0.001923 0.001923
390.000000 0.001990 0.001990
391.000000 0.002026 0.002026
392.000000 0.001733 0.001733
393.000000 0.003160 0.003160
394.000000 0.002736 0.002736
395.000000 0.001760 0.001760
396.000000 0.002593 0.002593
397.000000 0.002975 0.002975
398.000000 0.001930 0.001930
399.000000 0.003489 0.003489
400.000000 0.002044 0.002044
401.000000 0.002615 0.002615
402.000000 0.004331 0.004331
403.000000 0.001981 0.001981
404.000000 0.001738 0.001738
405.000000 0.003934 0.003934
406.000000 0.003215 0.003215
407.000000 0.002806 0.002806
408.000000 0.004723 0.004723
409.000000 0.002791 0.002791
410.000000 0.002207 0.002207
411.000000 0.002702 0.002702
412.000000 0.002072 0.002072
413.000000 0.002343 0.002343
414.000000 0.003277 0.003277
415.000000 0.002257 0.002257
416.000000 0.002442 0.002442
417.000000 0.002482 0.002482
418.000000 0.002081 0.002081
419.000000 0.002282 0.002282
420.000000 0.001948 0.001948
421.000000 0.002799 0.002799
422.000000 0.001862 0.001862
423.000000 0.002405 0.002405
424.000000 0.002924 0.002924
425.000000 0.003606 0.003606
426.000000 0.003932 0.003932
427.000000 0.003884 0.003884
428.000000 0.002843 0.002843
429.000000 0.002174 0.002174
430.000000 0.004097 0.004097
431.000000 0.002216 0.002216
432.000000 0.005870 0.005870
433.000000 0.002386 0.002386
434.000000 0.002820 0.002820
435.000000 0.004471 0.004471
436.000000 0.003907 0.003907
437.000000 0.002138 0.002138
438.000000 0.003301 0.003301
439.000000 0.001889 0.001889
440.000000 0.002380 0.002380
441.000000 0.003451 0.003451
442.000000 0.002743 0.002743
443.000000 0.002155 0.002155
444.000000 0.005545 0.005545
445.000000 0.001988 0.001988
446.000000 0.002402 0.002402
447.000000 0.002235 0.002235
448.000000 0.002211 0.002211
449.000000 0.002206 0.002206
450.000000 0.001998 0.001998
451.000000 0.002239 0.002239
452.000000 0.002932 0.002932
453.000000 0.003179 0.003179
454.000000 0.002384 0.002384
455.000000 0.002600 0.002600
456.000000 0.002097 0.002097
457.000000 0.002111 0.002111
458.000000 0.001851 0.001851
459.000000 0.001575 0.001575
460.000000 0.001958 0.001958
461.000000 0.004110 0.004110
462.000000 0.001756 0.001756
463.000000 0.002295 0.002295
464.000000 0.001914 0.001914
465.000000 0.001917 0.001917
466.000000 0.002319 0.002319
467.000000 0.005254 0.005254
468.000000 0.003131 0.003131
469.000000 0.001874 0.001874
470.000000 0.003317 0.003317
471.000000 0.001623 0.001623
472.000000 0.002671 0.002671
473.000000 0.002929 0.002929
474.000000 0.002197 0.002197
475.000000 0.001645 0.001645
476.000000 0.002110 0.002110
477.000000 0.002865 0.002865
478.000000 0.004044 0.004044
479.000000 0.002870 0.002870
480.000000 0.002017 0.002017
481.000000 0.002090 0.002090
482.000000 0.001905 0.001905
483.000000 0.002070 0.002070
484.000000 0.002989 0.002989
485.000000 0.002539 0.002539
486.000000 0.002505 0.002505
487.000000 0.003166 0.003166
488.000000 0.002809 0.002809
489.000000 0.002364 0.002364
490.000000 0.002454 0.002454
491.000000 0.002028 0.002028
492.000000 0.001463 0.001463
493.000000 0.002437 0.002437
494.000000 0.001931 0.001931
495.000000 0.002242 0.002242
496.000000 0.002358 0.002358
497.000000 0.002213 0.002213
498.000000 0.003273 0.003273
499.000000 0.003024 0.003024
500.000000 0.001949 0.001949
501.000000 0.002289 0.002289
502.000000 0.002657 0.002657
503.000000 0.002033 0.002033
504.000000 0.002220 0.002220
505.000000 0.002626 0.002626
506.000000 0.001991 0.001991
507.000000 0.002241 0.002241
508.000000 0.001947 0.001947
509.000000 0.003135 0.003135
510.000000 0.002384 0.002384
511.000000 0.001715 0.001715
512.000000 0.002398 0.002398
513.000000 0.002411 0.002411
514.000000 0.002766 0.002766
515.000000 0.002387 0.002387
516.000000 0.001747 0.001747
517.000000 0.002150 0.002150
518.000000 0.003229 0.003229
519.000000 0.002153 0.002153
520.000000 0.001913 0.001913
521.000000 0.002210 0.002210
522.000000 0.002323 0.002323
523.000000 0.002127 0.002127
524.000000 0.003283 0.003283
525.000000 0.001990 0.001990
526.000000 0.002018 0.002018
527.000000 0.001541 0.001541
528.000000 0.001794 0.001794
529.000000 0.001890 0.001890
530.000000 0.002225 0.002225
531.000000 0.002151 0.002151
532.000000 0.003040 0.003040
533.000000 0.002230 0.002230
534.000000 0.002448 0.002448
535.000000 0.004252 0.004252
536.000000 0.001813 0.001813
537.000000 0.001749 0.001749
538.000000 0.002270 0.002270
539.000000 0.003364 0.003364
540.000000 0.003018 0.003018
541.000000 0.004149 0.004149
542.000000 0.001689 0.001689
543.000000 0.002886 0.002886
544.000000 0.002149 0.002149
545.000000 0.002619 0.002619
546.000000 0.003339 0.003339
547.000000 0.003980 0.003980
548.000000 0.002198 0.002198
549.000000 0.003435 0.003435
550.000000 0.001782 0.001782
551.000000 0.002626 0.002626
552.000000 0.003730 0.003730
553.000000 0.002020 0.002020
554.000000 0.001796 0.001796
555.000000 0.002155 0.002155
556.000000 0.002619 0.002619
557.000000 0.002037 0.002037
558.000000 0.001708 0.001708
559.000000 0.001924 0.001924
560.000000 0.002782 0.002782
561.000000 0.002649 0.002649
562.000000 0.002898 0.002898
563.000000 0.002706 0.002706
564.000000 0.001921 0.001921
565.000000 0.002416 0.002416
566.000000 0.002020 0.002020
567.000000 0.002160 0.002160
568.000000 0.002301 0.002301
569.000000 0.002322 0.002322
570.000000 0.002229 0.002229
571.000000 0.002280 0.002280
572.000000 0.002170 0.002170
573.000000 0.002016 0.002016
574.000000 0.002596 0.002596
575.000000 0.003276 0.003276
576.000000 0.002045 0.002045
577.000000 0.002460 0.002460
578.000000 0.002158 0.002158
579.000000 0.002667 0.002667
580.000000 0.002252 0.002252
581.000000 0.002814 0.002814
582.000000 0.001682 0.001682
583.000000 0.002809 0.002809
584.000000 0.002537 0.002537
585.000000 0.002534 0.002534
586.000000 0.003023 0.003023
587.000000 0.002184 0.002184
588.000000 0.002375 0.002375
589.000000 0.002599 0.002599
590.000000 0.002286 0.002286
591.000000 0.002715 0.002715
592.000000 0.001771 0.001771
593.000000 0.001846 0.001846
594.000000 0.002250 0.002250
595.000000 0.002159 0.002159
596.000000 0.002208 0.002208
597.000000 0.002855 0.002855
598.000000 0.002877 0.002877
599.000000 0.003302 0.003302
