Time 1-10.0.0.3-10.0.0.2 Aggregate-Flow
0.000000 0.001965 0.001965
1.000000 0.004066 0.004066
2.000000 0.004621 0.004621
3.000000 0.003690 0.003690
4.000000 0.004482 0.004482
5.000000 0.003672 0.003672
6.000000 0.002724 0.002724
7.000000 0.004196 0.004196
8.000000 0.003492 0.003492
9.000000 0.003770 0.003770
10.000000 0.003865 0.003865
11.000000 0.004253 0.004253
12.000000 0.003025 0.003025
13.000000 0.002505 0.002505
14.000000 0.003609 0.003609
15.000000 0.003166 0.003166
16.000000 0.004416 0.004416
17.000000 0.003137 0.003137
18.000000 0.003044 0.003044
19.000000 0.004973 0.004973
20.000000 0.002890 0.002890
21.000000 0.003529 0.003529
22.000000 0.002757 0.002757
23.000000 0.003656 0.003656
24.000000 0.002934 0.002934
25.000000 0.003274 0.003274
26.000000 0.002909 0.002909
27.000000 0.003767 0.003767
28.000000 0.002642 0.002642
29.000000 0.003232 0.003232
30.000000 0.004387 0.004387
31.000000 0.003203 0.003203
32.000000 0.004410 0.004410
33.000000 0.003553 0.003553
34.000000 0.002390 0.002390
35.000000 0.003571 0.003571
36.000000 0.005319 0.005319
37.000000 0.003844 0.003844
38.000000 0.002834 0.002834
39.000000 0.003734 0.003734
40.000000 0.004077 0.004077
41.000000 0.003360 0.003360
42.000000 0.003485 0.003485
43.000000 0.003797 0.003797
44.000000 0.004312 0.004312
45.000000 0.002993 0.002993
46.000000 0.003591 0.003591
47.000000 0.003320 0.003320
48.000000 0.003496 0.003496
49.000000 0.003811 0.003811
50.000000 0.003183 0.003183
51.000000 0.003638 0.003638
52.000000 0.003814 0.003814
53.000000 0.005106 0.005106
54.000000 0.002907 0.002907
55.000000 0.003473 0.003473
56.000000 0.003099 0.003099
57.000000 0.003035 0.003035
58.000000 0.003713 0.003713
59.000000 0.003842 0.003842
60.000000 0.002409 0.002409
61.000000 0.003938 0.003938
62.000000 0.004291 0.004291
63.000000 0.003261 0.003261
64.000000 0.004432 0.004432
65.000000 0.002339 0.002339
66.000000 0.002745 0.002745
67.000000 0.002634 0.002634
68.000000 0.003238 0.003238
69.000000 0.003464 0.003464
70.000000 0.002989 0.002989
71.000000 0.003662 0.003662
72.000000 0.003964 0.003964
73.000000 0.003969 0.003969
74.000000 0.003772 0.003772
75.000000 0.004594 0.004594
76.000000 0.004153 0.004153
77.000000 0.003692 0.003692
78.000000 0.002752 0.002752
79.000000 0.003337 0.003337
80.000000 0.002685 0.002685
81.000000 0.003321 0.003321
82.000000 0.003447 0.003447
83.000000 0.002733 0.002733
84.000000 0.003255 0.003255
85.000000 0.003695 0.003695
86.000000 0.003047 0.003047
87.000000 0.003408 0.003408
88.000000 0.004323 0.004323
89.000000 0.003354 0.003354
90.000000 0.004242 0.004242
91.000000 0.003206 0.003206
92.000000 0.004598 0.004598
93.000000 0.003419 0.003419
94.000000 0.003969 0.003969
95.000000 0.003676 0.003676
96.000000 0.003751 0.003751
97.000000 0.003522 0.003522
98.000000 0.003719 0.003719
99.000000 0.003789 0.003789
100.000000 0.003517 0.003517
101.000000 0.003651 0.003651
102.000000 0.003007 0.003007
103.000000 0.003944 0.003944
104.000000 0.003850 0.003850
105.000000 0.003988 0.003988
106.000000 0.003664 0.003664
107.000000 0.003043 0.003043
108.000000 0.004264 0.004264
109.000000 0.003199 0.003199
110.000000 0.003224 0.003224
111.000000 0.002463 0.002463
112.000000 0.002642 0.002642
113.000000 0.003663 0.003663
114.000000 0.003844 0.003844
115.000000 0.004512 0.004512
116.000000 0.002850 0.002850
117.000000 0.003383 0.003383
118.000000 0.003084 0.003084
119.000000 0.003322 0.003322
120.000000 0.003633 0.003633
121.000000 0.004173 0.004173
122.000000 0.003091 0.003091
123.000000 0.004104 0.004104
124.000000 0.003749 0.003749
125.000000 0.003455 0.003455
126.000000 0.003396 0.003396
127.000000 0.003501 0.003501
128.000000 0.003937 0.003937
129.000000 0.004425 0.004425
130.000000 0.003837 0.003837
131.000000 0.002872 0.002872
132.000000 0.002472 0.002472
133.000000 0.003953 0.003953
134.000000 0.002663 0.002663
135.000000 0.003179 0.003179
136.000000 0.003819 0.003819
137.000000 0.004371 0.004371
138.000000 0.003444 0.003444
139.000000 0.003800 0.003800
140.000000 0.003894 0.003894
141.000000 0.004325 0.004325
142.000000 0.003127 0.003127
143.000000 0.002222 0.002222
144.000000 0.003530 0.003530
145.000000 0.003542 0.003542
146.000000 0.003262 0.003262
147.000000 0.003280 0.003280
148.000000 0.003392 0.003392
149.000000 0.002840 0.002840
150.000000 0.003418 0.003418
151.000000 0.003017 0.003017
152.000000 0.002918 0.002918
153.000000 0.002930 0.002930
154.000000 0.003700 0.003700
155.000000 0.002398 0.002398
156.000000 0.004270 0.004270
157.000000 0.002654 0.002654
158.000000 0.002839 0.002839
159.000000 0.003501 0.003501
160.000000 0.003281 0.003281
161.000000 0.003429 0.003429
162.000000 0.003399 0.003399
163.000000 0.002988 0.002988
164.000000 0.003570 0.003570
165.000000 0.003240 0.003240
166.000000 0.002829 0.002829
167.000000 0.002617 0.002617
168.000000 0.003080 0.003080
169.000000 0.003752 0.003752
170.000000 0.002934 0.002934
171.000000 0.003009 0.003009
172.000000 0.003697 0.003697
173.000000 0.004117 0.004117
174.000000 0.003358 0.003358
175.000000 0.003679 0.003679
176.000000 0.002690 0.002690
177.000000 0.003502 0.003502
178.000000 0.003794 0.003794
179.000000 0.003834 0.003834
180.000000 0.002761 0.002761
181.000000 0.003594 0.003594
182.000000 0.003213 0.003213
183.000000 0.003383 0.003383
184.000000 0.002529 0.002529
185.000000 0.004064 0.004064
186.000000 0.002814 0.002814
187.000000 0.004097 0.004097
188.000000 0.002965 0.002965
189.000000 0.002798 0.002798
190.000000 0.003690 0.003690
191.000000 0.003157 0.003157
192.000000 0.002764 0.002764
193.000000 0.003065 0.003065
194.000000 0.003229 0.003229
195.000000 0.003384 0.003384
196.000000 0.003479 0.003479
197.000000 0.003200 0.003200
198.000000 0.002678 0.002678
199.000000 0.003208 0.003208
200.000000 0.003427 0.003427
201.000000 0.003717 0.003717
202.000000 0.003304 0.003304
203.000000 0.003990 0.003990
204.000000 0.002730 0.002730
205.000000 0.002991 0.002991
206.000000 0.003437 0.003437
207.000000 0.002903 0.002903
208.000000 0.003989 0.003989
209.000000 0.002882 0.002882
210.000000 0.003753 0.003753
211.000000 0.004765 0.004765
212.000000 0.003199 0.003199
213.000000 0.003507 0.003507
214.000000 0.003616 0.003616
215.000000 0.003258 0.003258
216.000000 0.003173 0.003173
217.000000 0.003349 0.003349
218.000000 0.003244 0.003244
219.000000 0.004164 0.004164
220.000000 0.003647 0.003647
221.000000 0.003155 0.003155
222.000000 0.003625 0.003625
223.000000 0.003199 0.003199
224.000000 0.003112 0.003112
225.000000 0.003674 0.003674
226.000000 0.003217 0.003217
227.000000 0.003300 0.003300
228.000000 0.004079 0.004079
229.000000 0.003589 0.003589
230.000000 0.004091 0.004091
231.000000 0.003173 0.003173
232.000000 0.003410 0.003410
233.000000 0.004131 0.004131
234.000000 0.003407 0.003407
235.000000 0.003437 0.003437
236.000000 0.003218 0.003218
237.000000 0.002787 0.002787
238.000000 0.003434 0.003434
239.000000 0.003426 0.003426
240.000000 0.003130 0.003130
241.000000 0.003627 0.003627
242.000000 0.003295 0.003295
243.000000 0.003469 0.003469
244.000000 0.003669 0.003669
245.000000 0.004430 0.004430
246.000000 0.003011 0.003011
247.000000 0.003211 0.003211
248.000000 0.003337 0.003337
249.000000 0.002937 0.002937
250.000000 0.002757 0.002757
251.000000 0.003278 0.003278
252.000000 0.003464 0.003464
253.000000 0.003327 0.003327
254.000000 0.002782 0.002782
255.000000 0.003253 0.003253
256.000000 0.003599 0.003599
257.000000 0.003926 0.003926
258.000000 0.003406 0.003406
259.000000 0.003183 0.003183
260.000000 0.003986 0.003986
261.000000 0.003621 0.003621
262.000000 0.003412 0.003412
263.000000 0.003571 0.003571
264.000000 0.004085 0.004085
265.000000 0.003909 0.003909
266.000000 0.004145 0.004145
267.000000 0.003218 0.003218
268.000000 0.002711 0.002711
269.000000 0.003019 0.003019
270.000000 0.002478 0.002478
271.000000 0.002608 0.002608
272.000000 0.003459 0.003459
273.000000 0.003406 0.003406
274.000000 0.003252 0.003252
275.000000 0.004104 0.004104
276.000000 0.003933 0.003933
277.000000 0.002914 0.002914
278.000000 0.003016 0.003016
279.000000 0.005103 0.005103
280.000000 0.003482 0.003482
281.000000 0.003372 0.003372
282.000000 0.003170 0.003170
283.000000 0.003659 0.003659
284.000000 0.003418 0.003418
285.000000 0.003078 0.003078
286.000000 0.003793 0.003793
287.000000 0.004223 0.004223
288.000000 0.003329 0.003329
289.000000 0.003524 0.003524
290.000000 0.002746 0.002746
291.000000 0.003325 0.003325
292.000000 0.004009 0.004009
293.000000 0.003287 0.003287
294.000000 0.003390 0.003390
295.000000 0.003582 0.003582
296.000000 0.003596 0.003596
297.000000 0.003230 0.003230
298.000000 0.003574 0.003574
299.000000 0.003330 0.003330
300.000000 0.003445 0.003445
301.000000 0.003920 0.003920
302.000000 0.002736 0.002736
303.000000 0.004213 0.004213
304.000000 0.003586 0.003586
305.000000 0.003969 0.003969
306.000000 0.004024 0.004024
307.000000 0.003863 0.003863
308.000000 0.003507 0.003507
309.000000 0.004373 0.004373
310.000000 0.003499 0.003499
311.000000 0.003341 0.003341
312.000000 0.002866 0.002866
313.000000 0.002396 0.002396
314.000000 0.003429 0.003429
315.000000 0.003089 0.003089
316.000000 0.003626 0.003626
317.000000 0.004439 0.004439
318.000000 0.003184 0.003184
319.000000 0.003233 0.003233
320.000000 0.003207 0.003207
321.000000 0.003112 0.003112
322.000000 0.003818 0.003818
323.000000 0.003625 0.003625
324.000000 0.003461 0.003461
325.000000 0.003085 0.003085
326.000000 0.003495 0.003495
327.000000 0.002863 0.002863
328.000000 0.002970 0.002970
329.000000 0.002929 0.002929
330.000000 0.003120 0.003120
331.000000 0.003673 0.003673
332.000000 0.003321 0.003321
333.000000 0.004110 0.004110
334.000000 0.004473 0.004473
335.000000 0.003813 0.003813
336.000000 0.002786 0.002786
337.000000 0.003364 0.003364
338.000000 0.003155 0.003155
339.000000 0.004837 0.004837
340.000000 0.006012 0.006012
341.000000 0.004477 0.004477
342.000000 0.004290 0.004290
343.000000 0.003959 0.003959
344.000000 0.003170 0.003170
345.000000 0.003988 0.003988
346.000000 0.003807 0.003807
347.000000 0.003403 0.003403
348.000000 0.003427 0.003427
349.000000 0.004636 0.004636
350.000000 0.003132 0.003132
351.000000 0.004164 0.004164
352.000000 0.003803 0.003803
353.000000 0.002794 0.002794
354.000000 0.003246 0.003246
355.000000 0.003406 0.003406
356.000000 0.004694 0.004694
357.000000 0.002420 0.002420
358.000000 0.002918 0.002918
359.000000 0.003192 0.003192
360.000000 0.003304 0.003304
361.000000 0.002192 0.002192
362.000000 0.004058 0.004058
363.000000 0.002809 0.002809
364.000000 0.004618 0.004618
365.000000 0.004662 0.004662
366.000000 0.003166 0.003166
367.000000 0.003788 0.003788
368.000000 0.003020 0.003020
369.000000 0.003643 0.003643
370.000000 0.003563 0.003563
371.000000 0.003078 0.003078
372.000000 0.003464 0.003464
373.000000 0.003492 0.003492
374.000000 0.002941 0.002941
375.000000 0.002566 0.002566
376.000000 0.003672 0.003672
377.000000 0.003658 0.003658
378.000000 0.003790 0.003790
379.000000 0.004070 0.004070
380.000000 0.003680 0.003680
381.000000 0.003186 0.003186
382.000000 0.002570 0.002570
383.000000 0.003985 0.003985
384.000000 0.003632 0.003632
385.000000 0.003091 0.003091
386.000000 0.002366 0.002366
387.000000 0.004215 0.004215
388.000000 0.003241 0.003241
389.000000 0.002995 0.002995
390.000000 0.003106 0.003106
391.000000 0.003331 0.003331
392.000000 0.003823 0.003823
393.000000 0.003127 0.003127
394.000000 0.002822 0.002822
395.000000 0.003253 0.003253
396.000000 0.002980 0.002980
397.000000 0.002590 0.002590
398.000000 0.003715 0.003715
399.000000 0.003379 0.003379
400.000000 0.003049 0.003049
401.000000 0.003930 0.003930
402.000000 0.002866 0.002866
403.000000 0.003618 0.003618
404.000000 0.004705 0.004705
405.000000 0.003059 0.003059
406.000000 0.003929 0.003929
407.000000 0.003095 0.003095
408.000000 0.003137 0.003137
409.000000 0.004378 0.004378
410.000000 0.004326 0.004326
411.000000 0.002658 0.002658
412.000000 0.004144 0.004144
413.000000 0.003459 0.003459
414.000000 0.003313 0.003313
415.000000 0.004719 0.004719
416.000000 0.003098 0.003098
417.000000 0.003848 0.003848
418.000000 0.005457 0.005457
419.000000 0.003226 0.003226
420.000000 0.005056 0.005056
421.000000 0.003900 0.003900
422.000000 0.003396 0.003396
423.000000 0.004670 0.004670
424.000000 0.002846 0.002846
425.000000 0.002804 0.002804
426.000000 0.004234 0.004234
427.000000 0.003608 0.003608
428.000000 0.002932 0.002932
429.000000 0.003862 0.003862
430.000000 0.003625 0.003625
431.000000 0.003710 0.003710
432.000000 0.003190 0.003190
433.000000 0.003606 0.003606
434.000000 0.004489 0.004489
435.000000 0.003002 0.003002
436.000000 0.003407 0.003407
437.000000 0.002946 0.002946
438.000000 0.004278 0.004278
439.000000 0.003566 0.003566
440.000000 0.004653 0.004653
441.000000 0.003485 0.003485
442.000000 0.003951 0.003951
443.000000 0.004716 0.004716
444.000000 0.003238 0.003238
445.000000 0.003510 0.003510
446.000000 0.004169 0.004169
447.000000 0.003605 0.003605
448.000000 0.004335 0.004335
449.000000 0.003409 0.003409
450.000000 0.002939 0.002939
451.000000 0.003776 0.003776
452.000000 0.003631 0.003631
453.000000 0.003193 0.003193
454.000000 0.003225 0.003225
455.000000 0.003077 0.003077
456.000000 0.005030 0.005030
457.000000 0.004491 0.004491
458.000000 0.003907 0.003907
459.000000 0.003795 0.003795
460.000000 0.003978 0.003978
461.000000 0.002972 0.002972
462.000000 0.003881 0.003881
463.000000 0.003516 0.003516
464.000000 0.002918 0.002918
465.000000 0.003941 0.003941
466.000000 0.003476 0.003476
467.000000 0.003095 0.003095
468.000000 0.004143 0.004143
469.000000 0.003537 0.003537
470.000000 0.003479 0.003479
471.000000 0.004306 0.004306
472.000000 0.003725 0.003725
473.000000 0.002963 0.002963
474.000000 0.003342 0.003342
475.000000 0.004155 0.004155
476.000000 0.004133 0.004133
477.000000 0.004182 0.004182
478.000000 0.003487 0.003487
479.000000 0.003111 0.003111
480.000000 0.004285 0.004285
481.000000 0.003241 0.003241
482.000000 0.003749 0.003749
483.000000 0.003218 0.003218
484.000000 0.002922 0.002922
485.000000 0.003207 0.003207
486.000000 0.003442 0.003442
487.000000 0.002941 0.002941
488.000000 0.003338 0.003338
489.000000 0.003705 0.003705
490.000000 0.004111 0.004111
491.000000 0.003634 0.003634
492.000000 0.003289 0.003289
493.000000 0.004130 0.004130
494.000000 0.002953 0.002953
495.000000 0.003432 0.003432
496.000000 0.004783 0.004783
497.000000 0.002961 0.002961
498.000000 0.003848 0.003848
499.000000 0.004344 0.004344
500.000000 0.002847 0.002847
501.000000 0.003814 0.003814
502.000000 0.003578 0.003578
503.000000 0.003769 0.003769
504.000000 0.003770 0.003770
505.000000 0.004070 0.004070
506.000000 0.003467 0.003467
507.000000 0.003443 0.003443
508.000000 0.004143 0.004143
509.000000 0.003210 0.003210
510.000000 0.002891 0.002891
511.000000 0.003975 0.003975
512.000000 0.003304 0.003304
513.000000 0.002968 0.002968
514.000000 0.003107 0.003107
515.000000 0.004106 0.004106
516.000000 0.003389 0.003389
517.000000 0.003505 0.003505
518.000000 0.002732 0.002732
519.000000 0.004645 0.004645
520.000000 0.003860 0.003860
521.000000 0.003800 0.003800
522.000000 0.003875 0.003875
523.000000 0.003743 0.003743
524.000000 0.003884 0.003884
525.000000 0.003546 0.003546
526.000000 0.004032 0.004032
527.000000 0.003774 0.003774
528.000000 0.003140 0.003140
529.000000 0.003954 0.003954
530.000000 0.003898 0.003898
531.000000 0.004010 0.004010
532.000000 0.006261 0.006261
533.000000 0.004317 0.004317
534.000000 0.003918 0.003918
535.000000 0.003636 0.003636
536.000000 0.004533 0.004533
537.000000 0.005729 0.005729
538.000000 0.003099 0.003099
539.000000 0.003525 0.003525
540.000000 0.004109 0.004109
541.000000 0.004396 0.004396
542.000000 0.003446 0.003446
543.000000 0.003803 0.003803
544.000000 0.005167 0.005167
545.000000 0.003486 0.003486
546.000000 0.005386 0.005386
547.000000 0.003366 0.003366
548.000000 0.002754 0.002754
549.000000 0.004808 0.004808
550.000000 0.004970 0.004970
551.000000 0.003779 0.003779
552.000000 0.004737 0.004737
553.000000 0.003951 0.003951
554.000000 0.003304 0.003304
555.000000 0.003566 0.003566
556.000000 0.003826 0.003826
557.000000 0.002937 0.002937
558.000000 0.003550 0.003550
559.000000 0.003486 0.003486
560.000000 0.004007 0.004007
561.000000 0.004199 0.004199
562.000000 0.003468 0.003468
563.000000 0.004134 0.004134
564.000000 0.004014 0.004014
565.000000 0.003056 0.003056
566.000000 0.004145 0.004145
567.000000 0.003820 0.003820
568.000000 0.003178 0.003178
569.000000 0.003079 0.003079
570.000000 0.003792 0.003792
571.000000 0.003496 0.003496
572.000000 0.005181 0.005181
573.000000 0.003404 0.003404
574.000000 0.002990 0.002990
575.000000 0.004315 0.004315
576.000000 0.003611 0.003611
577.000000 0.004860 0.004860
578.000000 0.003549 0.003549
579.000000 0.003390 0.003390
580.000000 0.003998 0.003998
581.000000 0.002904 0.002904
582.000000 0.002808 0.002808
583.000000 0.004224 0.004224
584.000000 0.003266 0.003266
585.000000 0.003388 0.003388
586.000000 0.003780 0.003780
587.000000 0.002727 0.002727
588.000000 0.003291 0.003291
589.000000 0.003444 0.003444
590.000000 0.002761 0.002761
591.000000 0.003090 0.003090
592.000000 0.004024 0.004024
593.000000 0.002773 0.002773
594.000000 0.003220 0.003220
595.000000 0.002986 0.002986
596.000000 0.002912 0.002912
597.000000 0.002896 0.002896
598.000000 0.002526 0.002526
599.000000 0.003117 0.003117
