Interval	Avg	Std	CI=0.95	Min	Median	Max
    0 --     1	0.240	0.305	0.379	0.000	0.000	0.729
    1 --     2	2.029	0.263	0.326	1.667	1.979	2.417
    2 --     3	3.858	1.285	1.595	2.000	3.875	6.000
    3 --     4	6.818	3.839	4.767	3.708	5.236	14.312
    4 --     5	10.666	3.678	4.567	6.125	10.933	16.326
    5 --     6	13.431	2.639	3.277	9.000	13.249	16.595
    6 --     7	14.982	1.961	2.435	11.901	15.173	17.457
    7 --     8	14.474	1.737	2.157	11.228	14.874	16.237
    8 --     9	14.103	1.457	1.810	11.508	14.347	16.035
    9 --    10	14.741	1.133	1.407	13.638	14.053	16.714
   10 --    11	14.712	1.167	1.448	13.124	14.725	16.058
   11 --    12	13.749	1.232	1.530	12.394	13.882	15.759
   12 --    13	12.733	2.337	2.902	9.223	12.322	15.751
   13 --    14	12.893	2.549	3.165	8.688	12.606	16.003
   14 --    15	12.413	2.370	2.943	8.645	12.144	15.868
   15 --    16	11.812	2.926	3.633	7.395	11.625	16.115
   16 --    17	11.675	3.524	4.376	6.466	11.578	17.311
   17 --    18	11.394	2.994	3.717	6.419	10.908	15.330
   18 --    19	11.405	3.341	4.148	6.025	11.158	15.061
   19 --    20	11.114	3.464	4.301	5.032	11.380	14.626
   20 --    21	11.290	4.241	5.266	3.609	13.808	14.935
   21 --    22	11.058	4.132	5.131	3.845	12.869	14.936
   22 --    23	11.666	3.694	4.587	5.787	11.747	16.677
   23 --    24	11.769	3.305	4.103	8.074	11.885	17.023
   24 --    25	11.859	3.260	4.047	7.957	13.270	16.426
   25 --    26	11.646	3.688	4.580	6.478	12.357	15.678
   26 --    27	11.017	3.512	4.361	5.662	11.976	14.695
   27 --    28	11.209	4.205	5.221	4.818	12.337	16.168
   28 --    29	12.244	2.975	3.694	8.454	12.611	15.863
   29 --    30	13.183	0.939	1.166	11.412	13.648	14.014
   30 --    31	12.943	1.517	1.884	11.124	12.610	15.579
   31 --    32	12.543	1.268	1.575	10.857	12.420	14.340
   32 --    33	12.284	2.244	2.786	9.124	12.849	15.504
   33 --    34	13.455	2.065	2.564	10.222	13.753	16.419
   34 --    35	13.881	2.097	2.604	10.236	14.217	16.764
   35 --    36	13.920	2.479	3.078	9.655	13.615	16.828
   36 --    37	13.792	2.959	3.674	10.169	12.913	18.828
   37 --    38	12.938	2.475	3.073	10.955	11.295	17.370
   38 --    39	13.178	3.083	3.829	9.957	11.605	18.620
   39 --    40	13.732	2.856	3.546	9.977	13.322	18.465
   40 --    41	14.837	2.450	3.042	11.641	14.280	18.616
   41 --    42	15.162	2.713	3.369	11.775	15.293	19.200
   42 --    43	14.828	3.124	3.878	10.354	15.242	19.666
   43 --    44	14.687	3.242	4.026	9.774	15.414	18.561
   44 --    45	15.595	4.338	5.387	9.163	16.599	21.049
   45 --    46	17.387	4.944	6.138	11.219	19.293	24.556
   46 --    47	19.284	4.774	5.927	12.655	19.293	26.956
   47 --    48	19.736	5.224	6.487	12.593	18.885	28.410
   48 --    49	19.442	5.454	6.772	11.664	18.614	27.604
   49 --    50	18.941	6.664	8.274	9.738	18.867	28.585
   50 --    51	18.365	7.294	9.057	8.885	17.134	29.550
   51 --    52	17.978	7.096	8.811	8.754	15.836	28.167
   52 --    53	19.452	5.941	7.377	13.501	17.024	28.167
   53 --    54	20.735	5.179	6.430	13.294	21.279	28.417
   54 --    55	21.173	5.221	6.483	14.105	21.354	29.564
   55 --    56	21.944	5.443	6.758	12.802	22.575	29.064
   56 --    57	22.910	5.027	6.242	14.751	24.425	28.302
   57 --    58	23.227	3.962	4.919	18.618	23.760	28.113
   58 --    59	23.613	2.967	3.684	18.775	23.718	27.140
   59 --    60	23.970	2.929	3.637	18.483	24.598	26.549
   60 --    61	24.769	3.861	4.794	18.650	25.160	30.772
   61 --    62	25.748	4.659	5.785	19.344	26.160	33.174
   62 --    63	25.891	4.818	5.982	19.145	27.160	32.224
   63 --    64	25.511	5.503	6.833	17.852	29.096	31.490
   64 --    65	25.300	5.513	6.846	17.053	28.354	30.494
   65 --    66	25.974	6.407	7.955	15.086	27.211	33.926
   66 --    67	26.864	6.379	7.920	15.957	26.338	34.708
   67 --    68	26.958	6.172	7.663	16.957	25.420	33.506
   68 --    69	27.065	6.014	7.467	16.957	27.817	33.506
   69 --    70	27.165	5.667	7.036	18.103	29.257	33.363
   70 --    71	27.066	4.939	6.132	20.103	29.091	32.987
   71 --    72	26.580	5.048	6.268	18.862	27.567	32.020
   72 --    73	27.345	4.699	5.834	18.909	27.552	32.672
   73 --    74	27.317	4.755	5.904	19.096	27.537	33.633
   74 --    75	27.644	3.192	3.964	23.205	26.696	32.860
   75 --    76	28.673	2.403	2.983	25.971	27.742	32.029
   76 --    77	28.674	3.109	3.861	24.700	28.828	32.978
   77 --    78	28.114	4.087	5.075	22.270	28.283	32.978
   78 --    79	28.670	3.652	4.534	24.334	28.554	32.805
   79 --    80	28.580	3.426	4.253	23.051	28.420	32.336
   80 --    81	27.975	2.714	3.370	24.067	28.123	31.593
   81 --    82	28.038	2.042	2.536	24.918	28.419	30.705
   82 --    83	28.190	2.317	2.877	24.273	28.564	30.521
   83 --    84	27.885	3.091	3.838	22.966	28.232	31.110
   84 --    85	27.971	3.655	4.539	22.788	27.431	32.912
   85 --    86	28.870	4.791	5.949	23.955	26.881	35.662
   86 --    87	29.238	5.089	6.319	23.093	26.370	36.584
   87 --    88	29.813	3.977	4.938	25.853	28.082	35.939
   88 --    89	29.878	3.255	4.042	26.675	28.448	35.003
   89 --    90	29.455	2.404	2.984	25.898	29.110	32.904
   90 --    91	29.350	2.615	3.246	24.786	30.081	32.456
   91 --    92	30.390	3.233	4.014	24.713	31.467	34.206
   92 --    93	30.826	2.762	3.429	26.629	30.373	34.456
   93 --    94	31.459	2.065	2.564	29.481	30.087	34.437
   94 --    95	31.377	1.251	1.553	30.299	30.443	33.059
   95 --    96	30.629	0.847	1.052	29.466	30.686	31.957
   96 --    97	30.628	1.145	1.421	28.588	30.764	32.056
   97 --    98	30.889	2.138	2.654	27.727	30.769	34.454
   98 --    99	30.950	3.660	4.545	26.625	30.107	37.535
   99 --   100	31.144	3.735	4.637	26.625	29.678	37.689
  100 --   101	31.151	3.453	4.288	27.791	29.892	37.184
  101 --   102	31.084	2.576	3.198	28.254	30.015	35.299
  102 --   103	31.343	2.281	2.832	28.080	31.659	34.800
  103 --   104	31.171	2.208	2.741	26.883	31.873	32.915
  104 --   105	31.409	2.839	3.525	26.157	32.821	34.306
  105 --   106	31.438	3.371	4.186	25.261	32.697	34.319
  106 --   107	31.600	2.685	3.334	26.594	32.174	34.234
  107 --   108	31.456	2.446	3.038	26.875	32.790	33.487
  108 --   109	31.092	2.800	3.477	25.892	31.723	34.337
  109 --   110	30.101	2.732	3.392	25.143	30.305	33.429
  110 --   111	30.038	3.122	3.877	24.161	30.780	32.987
  111 --   112	30.570	3.055	3.794	24.965	31.513	33.596
  112 --   113	31.847	2.252	2.797	28.775	30.892	34.715
  113 --   114	31.900	1.493	1.854	29.608	32.799	33.294
  114 --   115	32.874	0.564	0.701	32.530	32.645	33.997
  115 --   116	32.849	1.560	1.937	31.188	32.645	35.423
  116 --   117	32.519	1.352	1.679	30.433	32.553	34.521
  117 --   118	31.568	0.960	1.192	30.709	30.843	32.859
  118 --   119	31.684	1.139	1.415	29.487	32.094	32.643
  119 --   120	31.946	0.889	1.104	30.783	31.863	33.209
  120 --   121	33.323	1.719	2.134	31.327	33.977	35.709
  121 --   122	33.537	2.174	2.699	30.396	34.625	36.128
  122 --   123	32.530	2.133	2.649	29.368	33.098	35.255
  123 --   124	31.874	1.826	2.268	29.081	32.208	34.105
  124 --   125	31.071	1.629	2.022	28.485	30.677	33.293
  125 --   126	31.473	0.980	1.216	30.051	31.476	32.626
  126 --   127	32.246	1.281	1.590	30.353	32.197	34.001
  127 --   128	32.746	1.153	1.432	30.902	32.974	34.307
  128 --   129	32.362	0.770	0.956	31.177	32.322	33.605
  129 --   130	32.346	1.479	1.836	29.904	32.680	33.825
  130 --   131	31.838	1.623	2.016	30.214	31.205	34.439
  131 --   132	32.133	1.252	1.555	30.840	32.009	34.436
  132 --   133	32.399	0.841	1.045	30.923	32.470	33.350
  133 --   134	32.788	1.377	1.709	30.978	32.470	35.197
  134 --   135	33.113	1.962	2.436	30.188	34.250	35.271
  135 --   136	32.701	1.842	2.287	30.468	33.045	34.894
  136 --   137	31.960	1.309	1.626	29.782	32.287	33.820
  137 --   138	31.357	1.428	1.774	29.765	31.052	33.127
  138 --   139	31.100	1.957	2.430	29.470	29.903	34.566
  139 --   140	31.233	1.792	2.225	29.547	30.925	34.647
  140 --   141	32.337	1.137	1.411	30.589	32.272	34.009
  141 --   142	33.071	0.417	0.518	32.610	32.946	33.773
  142 --   143	33.005	1.554	1.929	30.826	32.739	35.202
  143 --   144	32.542	1.736	2.156	30.179	31.805	35.001
  144 --   145	31.745	1.816	2.255	28.875	32.276	34.058
  145 --   146	31.387	1.926	2.392	28.501	32.194	33.507
  146 --   147	30.859	1.430	1.775	28.082	31.288	32.182
  147 --   148	30.826	1.022	1.268	29.270	30.863	32.191
  148 --   149	31.963	0.779	0.968	30.863	32.290	32.853
  149 --   150	33.155	0.763	0.947	32.246	32.863	34.290
  150 --   151	33.477	1.694	2.104	30.913	33.161	35.999
  151 --   152	32.724	1.971	2.447	30.516	32.757	35.995
  152 --   153	31.777	1.752	2.175	29.210	31.771	34.489
  153 --   154	31.407	1.498	1.860	29.418	31.019	33.748
  154 --   155	31.594	0.763	0.947	30.311	31.550	32.529
  155 --   156	31.757	1.656	2.056	28.721	31.849	33.564
  156 --   157	31.639	1.712	2.126	29.006	31.482	34.337
  157 --   158	31.847	1.740	2.160	29.430	31.398	34.527
  158 --   159	31.877	2.159	2.680	28.696	32.565	34.608
  159 --   160	31.091	2.243	2.786	27.159	32.312	33.218
  160 --   161	30.790	1.857	2.306	27.496	31.331	32.809
  161 --   162	30.716	1.415	1.757	28.548	31.368	32.503
  162 --   163	30.571	1.126	1.398	29.007	30.355	32.008
  163 --   164	30.357	1.201	1.491	28.865	30.822	32.088
  164 --   165	30.490	1.635	2.030	29.262	29.824	33.730
  165 --   166	30.497	1.779	2.209	28.359	30.515	33.579
  166 --   167	30.790	1.703	2.114	27.845	30.817	32.798
  167 --   168	31.164	2.150	2.669	26.950	31.964	33.004
  168 --   169	31.382	2.218	2.754	27.873	31.746	34.615
  169 --   170	31.762	1.537	1.908	30.004	31.570	34.605
  170 --   171	32.432	3.088	3.834	29.140	31.233	37.865
  171 --   172	31.931	3.394	4.215	28.250	31.562	38.098
  172 --   173	32.183	3.248	4.033	28.693	31.959	37.433
  173 --   174	33.261	2.515	3.123	29.792	33.487	36.596
  174 --   175	33.710	1.701	2.113	31.730	33.302	36.874
  175 --   176	33.959	1.454	1.806	32.230	33.521	36.325
  176 --   177	33.680	2.080	2.583	31.014	34.173	35.978
  177 --   178	33.150	2.377	2.952	29.869	33.672	35.841
  178 --   179	32.812	2.190	2.719	29.129	32.559	35.281
  179 --   180	32.201	1.686	2.093	29.317	32.910	34.296
  180 --   181	31.863	0.801	0.994	30.536	32.201	32.702
  181 --   182	31.671	0.331	0.411	31.130	31.618	32.116
  182 --   183	31.993	0.968	1.202	30.235	32.151	32.932
  183 --   184	32.521	1.561	1.939	29.487	32.917	33.809
  184 --   185	32.462	1.679	2.085	29.153	33.114	33.719
  185 --   186	31.778	1.562	1.940	29.258	32.219	33.463
  186 --   187	31.039	1.024	1.271	29.535	31.102	32.525
  187 --   188	31.098	0.851	1.056	29.981	31.101	32.425
  188 --   189	31.333	1.490	1.849	29.528	30.683	33.758
  189 --   190	32.511	1.493	1.853	30.503	33.526	34.081
  190 --   191	32.993	0.803	0.997	31.528	33.114	33.984
  191 --   192	33.183	1.070	1.329	31.795	32.861	34.473
  192 --   193	33.062	1.810	2.248	30.969	33.130	35.959
  193 --   194	32.594	2.096	2.603	30.662	32.182	36.376
  194 --   195	32.081	1.508	1.873	30.436	31.684	34.923
  195 --   196	31.820	1.638	2.034	29.996	31.860	34.314
  196 --   197	32.262	2.106	2.615	29.476	33.557	34.465
  197 --   198	32.909	1.118	1.388	31.197	32.954	34.413
  198 --   199	33.794	1.168	1.451	32.164	33.603	35.796
  199 --   200	33.692	1.129	1.402	32.014	33.428	35.460
  200 --   201	32.802	1.187	1.474	31.416	32.564	34.498
  201 --   202	31.911	1.352	1.678	29.913	31.625	33.631
  202 --   203	31.128	0.794	0.986	30.195	30.816	32.445
  203 --   204	31.394	1.102	1.368	29.520	31.726	32.672
  204 --   205	32.076	2.022	2.510	29.439	33.334	34.149
  205 --   206	32.267	1.334	1.656	30.964	31.623	34.442
  206 --   207	32.293	0.941	1.169	30.979	31.930	33.573
  207 --   208	31.784	1.589	1.972	29.237	31.596	33.766
  208 --   209	32.049	1.749	2.172	30.440	30.829	34.922
  209 --   210	32.181	1.953	2.425	28.932	32.204	34.942
  210 --   211	32.739	2.127	2.640	30.078	33.572	35.037
  211 --   212	32.554	2.086	2.590	29.493	32.861	34.947
  212 --   213	32.579	1.500	1.862	30.410	32.613	34.596
  213 --   214	32.504	1.011	1.255	30.893	32.336	33.979
  214 --   215	31.842	1.217	1.511	29.768	32.143	33.459
  215 --   216	31.357	0.947	1.176	30.344	31.076	33.070
  216 --   217	31.231	1.268	1.575	29.961	30.964	33.659
  217 --   218	32.191	2.071	2.572	29.324	32.216	35.659
  218 --   219	33.390	2.391	2.969	28.756	34.286	35.659
  219 --   220	33.615	1.928	2.394	29.931	34.228	35.616
  220 --   221	32.919	1.213	1.506	30.756	33.102	34.373
  221 --   222	32.384	0.733	0.911	31.756	32.062	33.791
  222 --   223	32.361	1.339	1.663	31.324	31.352	34.639
  223 --   224	31.499	1.450	1.801	30.320	30.515	34.084
  224 --   225	31.277	1.022	1.269	29.818	31.124	32.847
  225 --   226	32.351	0.917	1.139	31.109	32.220	33.849
  226 --   227	32.264	1.412	1.754	29.828	32.456	33.914
  227 --   228	32.488	1.265	1.570	30.014	33.109	33.465
  228 --   229	32.615	0.493	0.612	31.816	32.573	33.282
  229 --   230	32.093	1.220	1.515	30.541	31.999	34.024
  230 --   231	32.184	2.202	2.734	29.827	31.592	35.732
  231 --   232	32.524	2.276	2.826	29.063	32.392	35.706
  232 --   233	32.693	2.131	2.646	28.886	33.368	35.351
  233 --   234	32.665	1.753	2.176	30.096	32.840	34.996
  234 --   235	32.846	1.904	2.364	30.702	32.303	36.310
  235 --   236	31.987	2.007	2.492	29.580	31.520	35.677
  236 --   237	31.544	1.724	2.141	29.886	31.087	34.810
  237 --   238	32.492	1.460	1.812	30.428	33.367	34.092
  238 --   239	31.825	1.410	1.751	29.845	32.509	33.356
  239 --   240	31.789	0.684	0.850	30.917	32.129	32.445
  240 --   241	31.993	0.710	0.881	31.396	31.604	33.306
  241 --   242	32.047	2.178	2.704	29.400	31.926	34.563
  242 --   243	31.827	2.845	3.533	29.001	31.043	36.419
  243 --   244	31.685	1.865	2.316	29.513	31.953	34.587
  244 --   245	31.648	1.238	1.537	30.845	31.065	34.102
  245 --   246	32.421	1.144	1.420	30.455	32.337	33.840
  246 --   247	33.572	0.952	1.183	31.987	33.795	34.927
  247 --   248	33.000	0.849	1.055	31.765	32.972	34.125
  248 --   249	32.525	1.793	2.226	29.471	33.004	34.987
  249 --   250	32.261	1.936	2.404	30.152	31.875	35.828
  250 --   251	32.354	1.375	1.708	31.317	31.691	35.059
  251 --   252	31.695	1.606	1.994	29.991	31.366	33.976
  252 --   253	31.982	0.818	1.015	30.558	31.991	32.856
  253 --   254	32.422	0.393	0.488	31.947	32.217	33.011
  254 --   255	32.553	1.793	2.226	30.951	31.470	35.724
  255 --   256	32.146	2.023	2.512	29.947	32.456	35.593
  256 --   257	31.512	1.786	2.218	29.081	31.363	33.681
  257 --   258	31.011	1.685	2.092	29.087	30.450	33.148
  258 --   259	30.901	0.945	1.173	29.441	31.097	32.005
  259 --   260	31.314	1.004	1.247	30.003	31.060	32.847
  260 --   261	32.168	1.357	1.685	30.230	31.820	33.720
  261 --   262	32.923	1.979	2.458	29.279	33.363	35.282
  262 --   263	32.758	1.861	2.311	29.751	32.886	35.588
  263 --   264	32.384	1.605	1.993	31.088	31.828	35.446
  264 --   265	31.981	1.261	1.566	30.677	31.396	33.663
  265 --   266	32.396	2.131	2.646	29.614	32.949	35.264
  266 --   267	32.153	2.102	2.610	29.550	31.245	34.873
  267 --   268	31.949	1.480	1.837	29.836	31.337	33.837
  268 --   269	32.042	1.199	1.489	29.749	32.292	33.212
  269 --   270	32.163	0.700	0.869	31.188	31.971	32.976
  270 --   271	31.809	0.946	1.175	31.110	31.225	33.603
  271 --   272	31.780	1.038	1.288	30.245	31.662	33.315
  272 --   273	31.552	1.088	1.351	30.273	31.980	32.929
  273 --   274	31.652	0.942	1.170	30.804	31.014	33.191
  274 --   275	31.415	0.760	0.944	30.166	31.579	32.491
  275 --   276	30.993	1.389	1.725	29.345	30.831	33.322
  276 --   277	31.543	2.049	2.544	29.141	30.701	34.827
  277 --   278	32.177	2.556	3.174	29.058	32.520	36.431
  278 --   279	32.685	2.113	2.623	30.168	32.049	36.578
  279 --   280	32.499	2.011	2.498	30.390	31.683	35.558
  280 --   281	32.518	1.834	2.278	29.727	32.736	35.029
  281 --   282	32.416	1.686	2.094	29.155	32.806	33.832
  282 --   283	33.203	1.892	2.349	30.613	32.816	36.086
  283 --   284	33.147	1.832	2.275	30.660	32.816	35.661
  284 --   285	33.124	1.118	1.389	31.185	33.802	34.163
  285 --   286	32.831	1.038	1.288	31.655	32.664	34.633
  286 --   287	32.258	0.841	1.044	31.125	32.157	33.731
  287 --   288	31.742	1.301	1.615	29.656	31.541	33.497
  288 --   289	31.690	1.186	1.473	30.626	31.142	33.947
  289 --   290	31.441	1.041	1.292	30.211	30.953	32.735
  290 --   291	31.501	1.637	2.033	29.693	31.049	34.418
  291 --   292	31.553	1.912	2.374	28.650	31.473	34.626
  292 --   293	31.527	1.943	2.412	28.555	32.237	33.839
  293 --   294	31.750	2.242	2.784	28.814	32.973	33.890
  294 --   295	31.767	1.803	2.238	28.689	32.107	33.910
  295 --   296	31.282	1.678	2.083	28.814	31.945	33.260
  296 --   297	31.171	1.819	2.259	29.314	30.924	34.344
  297 --   298	31.605	1.857	2.306	29.833	30.835	35.182
  298 --   299	31.882	1.551	1.926	30.107	31.315	34.501
  299 --   300	32.260	0.586	0.727	31.558	32.393	33.203
  300 --   301	32.952	0.935	1.160	31.517	33.204	34.250
  301 --   302	32.283	2.261	2.807	29.631	33.139	35.512
  302 --   303	31.807	1.705	2.117	29.640	31.422	34.890
  303 --   304	31.347	0.963	1.196	30.015	31.173	32.917
  304 --   305	30.995	0.838	1.041	29.849	30.990	32.221
  305 --   306	30.783	1.234	1.532	29.016	30.768	32.737
  306 --   307	30.913	1.752	2.175	28.054	31.334	32.676
  307 --   308	31.621	2.215	2.750	27.312	32.599	33.269
  308 --   309	31.993	2.242	2.783	28.750	32.983	34.240
  309 --   310	32.186	2.092	2.597	29.312	31.980	35.117
  310 --   311	31.438	2.022	2.511	29.116	30.399	34.624
  311 --   312	30.928	1.942	2.411	28.395	31.399	33.916
  312 --   313	30.545	2.448	3.039	26.733	30.850	33.733
  313 --   314	30.665	2.695	3.347	26.065	30.918	34.381
  314 --   315	31.118	3.015	3.744	25.938	30.703	34.299
  315 --   316	31.953	2.645	3.284	26.798	32.920	34.299
  316 --   317	31.528	3.120	3.874	25.768	32.468	34.381
  317 --   318	30.982	3.408	4.231	24.416	33.011	33.348
  318 --   319	30.304	3.269	4.059	23.875	31.621	33.034
  319 --   320	29.733	3.318	4.119	23.249	30.927	32.702
  320 --   321	29.982	3.485	4.328	23.582	30.442	34.191
  321 --   322	30.757	3.295	4.091	24.432	31.755	34.090
  322 --   323	31.754	2.359	2.929	27.457	32.394	34.004
  323 --   324	31.924	1.754	2.178	28.999	32.026	34.289
  324 --   325	31.273	0.825	1.025	29.721	31.387	32.145
  325 --   326	31.002	0.743	0.922	29.995	30.791	32.088
  326 --   327	31.061	1.381	1.714	29.536	31.243	33.421
  327 --   328	31.466	1.709	2.122	29.358	30.844	33.572
  328 --   329	31.487	1.362	1.691	30.450	30.740	34.078
  329 --   330	31.103	1.302	1.616	29.241	30.846	33.227
  330 --   331	31.167	1.414	1.755	29.511	30.806	33.517
  331 --   332	31.736	1.891	2.349	29.974	30.349	34.201
  332 --   333	31.983	1.539	1.911	30.245	31.887	34.539
  333 --   334	32.087	1.381	1.715	30.245	32.165	34.384
  334 --   335	32.694	1.202	1.492	30.787	32.609	34.543
  335 --   336	33.318	1.921	2.386	31.266	32.188	35.752
  336 --   337	33.216	1.923	2.388	30.745	32.523	36.002
  337 --   338	33.371	1.172	1.455	31.945	33.916	34.577
  338 --   339	33.640	0.994	1.235	32.186	33.811	35.137
  339 --   340	33.271	1.088	1.351	31.336	33.311	34.550
  340 --   341	32.772	1.396	1.734	30.921	33.045	34.845
  341 --   342	32.966	1.449	1.800	31.538	32.244	35.564
  342 --   343	33.163	1.752	2.176	30.111	33.477	35.578
  343 --   344	32.981	1.390	1.726	31.444	33.026	35.391
  344 --   345	32.519	0.672	0.834	31.877	32.111	33.520
  345 --   346	32.146	1.037	1.288	30.885	32.777	33.269
  346 --   347	31.777	1.920	2.384	29.764	31.611	35.028
  347 --   348	31.416	2.375	2.949	28.431	31.420	35.559
  348 --   349	31.610	1.871	2.323	28.754	31.962	34.468
  349 --   350	31.768	1.471	1.826	29.972	32.192	33.795
  350 --   351	31.364	1.593	1.978	29.134	31.544	33.253
  351 --   352	31.597	1.467	1.822	30.068	31.047	34.337
  352 --   353	32.685	1.490	1.850	30.565	33.024	35.000
  353 --   354	33.988	1.156	1.436	32.780	33.696	35.556
  354 --   355	34.154	1.907	2.368	31.150	34.691	36.914
  355 --   356	33.383	2.015	2.502	31.124	33.498	36.747
  356 --   357	32.800	1.659	2.060	30.753	32.522	35.801
  357 --   358	32.475	1.949	2.420	29.720	31.965	35.304
  358 --   359	32.254	2.512	3.119	29.671	31.013	35.946
  359 --   360	32.612	1.520	1.887	31.180	31.490	34.506
  360 --   361	33.655	0.604	0.750	32.735	33.657	34.430
  361 --   362	33.753	1.062	1.319	32.113	34.106	35.102
  362 --   363	33.361	1.521	1.888	31.400	33.229	35.615
  363 --   364	32.721	1.689	2.097	30.644	32.698	35.190
  364 --   365	32.106	0.926	1.150	30.555	31.978	33.119
  365 --   366	31.386	1.643	2.041	29.105	31.772	33.978
  366 --   367	31.846	1.668	2.071	30.225	31.079	34.612
  367 --   368	32.229	1.504	1.867	30.528	31.892	34.179
  368 --   369	32.140	1.552	1.927	29.326	32.142	33.772
  369 --   370	31.964	1.834	2.277	28.423	32.528	33.766
  370 --   371	31.859	2.146	2.664	28.117	33.069	33.996
  371 --   372	32.779	2.669	3.314	28.555	32.364	36.118
  372 --   373	32.884	2.821	3.503	29.055	32.366	36.528
  373 --   374	33.387	2.118	2.630	30.617	33.637	36.352
  374 --   375	33.583	1.158	1.438	31.610	33.945	35.109
  375 --   376	33.554	0.779	0.968	32.381	33.550	34.534
  376 --   377	32.726	0.765	0.950	31.766	32.552	33.614
  377 --   378	32.058	0.844	1.048	31.324	31.595	33.499
  378 --   379	31.987	1.549	1.923	30.265	32.061	34.477
  379 --   380	31.742	1.654	2.054	29.749	31.246	33.990
  380 --   381	31.535	1.242	1.542	29.559	31.631	33.224
  381 --   382	31.508	1.324	1.644	29.559	31.855	33.132
  382 --   383	31.866	1.817	2.256	29.760	31.198	34.382
  383 --   384	32.008	1.331	1.653	30.286	31.559	33.776
  384 --   385	32.198	0.983	1.220	30.286	32.601	33.094
  385 --   386	32.001	0.886	1.100	30.947	32.407	33.087
  386 --   387	32.204	0.524	0.650	31.576	32.443	32.842
  387 --   388	32.078	1.073	1.333	31.223	31.772	34.152
  388 --   389	32.023	1.277	1.586	30.303	32.418	33.360
  389 --   390	32.193	1.383	1.717	29.506	32.662	33.265
  390 --   391	32.122	1.567	1.946	29.630	32.012	34.276
  391 --   392	31.731	0.652	0.809	31.030	31.608	32.649
  392 --   393	31.400	0.606	0.752	30.271	31.496	32.012
  393 --   394	31.213	2.003	2.488	29.150	30.545	35.030
  394 --   395	31.505	1.802	2.238	29.698	30.484	34.658
  395 --   396	32.045	1.492	1.853	29.866	32.992	33.568
  396 --   397	31.906	0.823	1.022	30.503	32.150	32.977
  397 --   398	32.156	1.190	1.477	31.124	31.669	34.358
  398 --   399	31.551	1.622	2.014	29.168	31.601	34.196
  399 --   400	31.351	1.173	1.456	30.112	30.892	33.497
  400 --   401	31.629	1.874	2.327	29.423	31.050	34.712
  401 --   402	31.832	2.017	2.504	28.677	33.050	34.067
  402 --   403	32.166	2.353	2.922	28.441	33.101	34.614
  403 --   404	31.966	1.282	1.592	30.156	31.864	34.167
  404 --   405	32.217	0.801	0.995	31.297	32.181	33.595
  405 --   406	31.781	1.476	1.833	30.345	31.237	34.440
  406 --   407	31.156	1.931	2.397	28.212	31.528	34.069
  407 --   408	31.301	1.327	1.647	29.211	31.412	32.901
  408 --   409	31.730	0.613	0.761	30.545	31.939	32.308
  409 --   410	31.910	0.995	1.235	30.672	31.830	33.454
  410 --   411	32.368	2.277	2.827	29.887	31.375	35.586
  411 --   412	32.412	2.504	3.109	29.574	31.836	36.178
  412 --   413	32.308	2.540	3.153	28.277	33.707	34.716
  413 --   414	31.987	2.204	2.736	28.624	32.154	34.408
  414 --   415	31.764	1.420	1.763	29.749	31.351	33.440
  415 --   416	31.967	0.699	0.868	30.691	31.985	32.674
  416 --   417	32.311	0.721	0.895	31.883	31.957	33.746
  417 --   418	32.460	1.613	2.002	30.583	33.114	34.691
  418 --   419	32.539	1.545	1.919	29.921	32.583	34.389
  419 --   420	31.984	1.649	2.048	29.135	32.683	33.631
  420 --   421	31.064	1.752	2.175	29.122	30.846	34.154
  421 --   422	31.001	1.117	1.387	30.206	30.538	33.216
  422 --   423	31.211	0.739	0.917	30.038	31.375	32.024
  423 --   424	32.782	1.424	1.769	30.494	33.506	34.494
  424 --   425	33.638	1.557	1.933	30.877	34.050	35.285
  425 --   426	33.615	1.637	2.033	31.938	33.162	36.609
  426 --   427	33.245	1.596	1.981	31.101	33.028	36.064
  427 --   428	32.807	1.781	2.211	30.637	32.712	35.481
  428 --   429	32.957	1.806	2.243	31.288	32.109	36.359
  429 --   430	32.679	1.772	2.201	30.514	32.329	35.910
  430 --   431	33.416	1.766	2.192	30.142	34.004	35.138
  431 --   432	32.853	2.194	2.724	28.832	32.989	35.111
  432 --   433	32.150	1.746	2.168	28.832	32.877	33.880
  433 --   434	31.718	1.845	2.291	29.144	31.515	34.683
  434 --   435	31.537	1.548	1.922	30.005	30.994	34.520
  435 --   436	32.061	1.397	1.734	30.167	32.832	33.743
  436 --   437	32.350	0.816	1.013	31.327	32.692	33.211
  437 --   438	32.493	0.631	0.784	31.358	32.643	33.203
  438 --   439	32.509	1.356	1.684	30.788	32.482	34.241
  439 --   440	31.902	1.836	2.280	29.714	31.317	34.640
  440 --   441	31.964	1.507	1.871	29.749	31.812	34.268
  441 --   442	32.132	1.911	2.372	28.822	33.166	34.187
  442 --   443	31.756	1.881	2.336	29.605	31.603	34.515
  443 --   444	31.322	1.282	1.592	29.722	31.095	33.657
  444 --   445	31.500	0.897	1.113	30.438	31.499	32.666
  445 --   446	31.868	0.985	1.223	30.018	32.444	32.618
  446 --   447	31.914	1.008	1.252	30.755	31.743	33.722
  447 --   448	31.989	0.944	1.173	30.978	31.646	33.507
  448 --   449	32.107	1.003	1.246	30.661	32.485	33.292
  449 --   450	31.922	1.484	1.843	30.663	31.363	34.698
  450 --   451	31.442	1.700	2.111	30.080	30.444	34.639
  451 --   452	31.377	1.714	2.128	29.695	30.455	34.250
  452 --   453	31.730	1.330	1.652	30.181	31.882	33.455
  453 --   454	32.863	2.443	3.034	29.925	32.166	36.606
  454 --   455	33.162	2.325	2.886	30.675	31.781	36.059
  455 --   456	33.536	2.040	2.533	30.182	34.498	35.735
  456 --   457	34.090	1.126	1.399	32.182	33.925	35.261
  457 --   458	33.546	0.503	0.624	32.933	33.461	34.365
  458 --   459	33.241	0.530	0.658	32.675	33.054	34.182
  459 --   460	32.417	0.889	1.103	31.520	32.031	34.077
  460 --   461	32.147	0.812	1.008	31.181	31.791	33.121
  461 --   462	31.643	1.165	1.446	30.451	31.257	33.216
  462 --   463	31.071	1.324	1.644	29.706	30.514	33.030
  463 --   464	30.767	1.248	1.549	28.905	30.942	32.706
  464 --   465	30.792	1.747	2.169	28.425	30.304	33.693
  465 --   466	30.842	1.493	1.854	29.159	29.995	33.203
  466 --   467	30.632	1.240	1.539	28.244	31.034	31.862
  467 --   468	31.669	1.434	1.780	29.555	31.791	33.787
  468 --   469	31.925	1.755	2.179	28.953	32.133	33.991
  469 --   470	32.516	2.199	2.730	28.800	32.781	35.607
  470 --   471	32.986	2.435	3.024	28.919	34.604	35.133
  471 --   472	32.814	2.811	3.490	29.336	34.031	35.885
  472 --   473	32.336	2.301	2.857	29.754	32.163	35.204
  473 --   474	32.670	1.317	1.636	31.441	31.919	34.594
  474 --   475	32.532	0.495	0.614	31.775	32.536	33.239
  475 --   476	32.790	0.717	0.890	31.820	32.912	33.620
  476 --   477	32.388	1.912	2.374	29.893	32.110	35.441
  477 --   478	32.498	1.635	2.031	30.720	31.720	34.824
  478 --   479	31.329	1.861	2.311	29.052	32.582	33.330
  479 --   480	31.517	1.522	1.889	29.550	31.948	33.719
  480 --   481	31.863	0.995	1.235	30.808	31.758	33.705
  481 --   482	32.296	1.144	1.420	30.704	32.714	33.550
  482 --   483	32.970	1.871	2.323	29.814	33.317	34.849
  483 --   484	33.381	2.150	2.669	31.040	33.315	36.784
  484 --   485	32.589	1.916	2.379	29.801	32.781	35.657
  485 --   486	31.992	1.805	2.241	30.152	31.748	35.219
  486 --   487	31.610	1.568	1.947	29.831	31.520	34.409
  487 --   488	32.279	1.010	1.253	30.729	32.488	33.801
  488 --   489	33.178	1.072	1.331	31.362	33.554	34.582
  489 --   490	33.491	0.641	0.796	32.640	33.362	34.570
  490 --   491	32.624	1.018	1.264	30.658	32.904	33.563
  491 --   492	31.419	1.099	1.364	29.478	31.705	32.806
  492 --   493	30.667	0.810	1.005	29.879	30.272	31.978
  493 --   494	30.562	0.544	0.676	29.891	30.666	31.206
  494 --   495	31.731	1.062	1.319	30.420	32.229	32.884
  495 --   496	32.707	1.567	1.945	30.808	32.992	34.594
  496 --   497	33.180	1.203	1.494	32.145	32.545	35.389
  497 --   498	32.876	1.230	1.527	30.925	33.253	34.645
  498 --   499	32.676	1.808	2.244	30.266	32.617	35.475
  499 --   500	32.387	2.294	2.848	30.169	31.528	36.485
  500 --   501	32.333	1.875	2.328	30.357	32.388	35.649
  501 --   502	32.167	1.295	1.608	30.758	31.852	34.604
  502 --   503	32.318	1.078	1.338	31.016	32.579	34.053
  503 --   504	32.917	1.258	1.562	30.995	32.611	34.579
  504 --   505	32.661	1.551	1.925	29.866	33.591	33.974
  505 --   506	33.403	2.001	2.484	30.394	33.413	36.694
  506 --   507	32.536	1.646	2.043	30.394	31.860	34.883
  507 --   508	31.917	1.583	1.966	29.703	31.269	34.149
  508 --   509	31.539	0.979	1.216	30.411	31.669	32.870
  509 --   510	32.026	0.779	0.967	31.073	31.642	33.028
  510 --   511	33.349	1.869	2.321	30.484	32.870	36.116
  511 --   512	33.008	2.584	3.209	28.550	33.703	36.283
  512 --   513	32.587	2.319	2.880	28.971	33.439	35.508
  513 --   514	31.672	1.978	2.455	28.982	32.006	34.662
  514 --   515	31.057	1.534	1.905	28.458	31.183	33.202
  515 --   516	30.622	1.306	1.621	28.666	30.887	32.519
  516 --   517	31.221	1.480	1.838	29.549	30.578	33.594
  517 --   518	31.559	1.816	2.255	29.725	30.666	33.937
  518 --   519	32.290	1.334	1.656	30.354	32.891	33.945
  519 --   520	32.484	1.377	1.709	30.840	32.892	34.248
  520 --   521	32.263	1.218	1.512	30.249	32.264	33.517
  521 --   522	31.921	1.189	1.477	30.201	32.223	33.412
  522 --   523	32.033	2.042	2.536	30.090	31.785	35.819
  523 --   524	32.471	2.597	3.225	29.646	31.466	36.645
  524 --   525	32.504	2.160	2.682	30.464	31.186	36.018
  525 --   526	32.135	1.672	2.075	29.399	32.040	34.397
  526 --   527	32.031	1.881	2.336	28.717	32.468	33.792
  527 --   528	32.619	1.934	2.402	29.882	32.887	35.514
  528 --   529	32.635	1.838	2.282	30.604	32.194	34.843
  529 --   530	32.853	1.462	1.816	30.968	33.889	34.194
  530 --   531	33.217	0.641	0.796	32.395	33.246	34.192
  531 --   532	33.709	1.208	1.500	31.604	34.023	34.984
  532 --   533	33.424	1.202	1.492	31.497	34.080	34.684
  533 --   534	33.062	0.717	0.890	31.799	33.061	33.781
  534 --   535	32.357	0.836	1.038	30.825	32.673	33.275
  535 --   536	31.174	0.735	0.913	29.829	31.184	31.864
  536 --   537	30.973	0.635	0.789	30.121	31.022	32.055
  537 --   538	31.014	1.307	1.622	29.143	31.168	33.055
  538 --   539	32.111	1.374	1.706	29.612	32.221	33.757
  539 --   540	33.099	1.022	1.269	31.802	32.954	34.311
  540 --   541	33.374	1.446	1.795	30.972	33.733	35.230
  541 --   542	33.746	2.405	2.987	30.342	33.643	37.805
  542 --   543	33.332	2.670	3.315	29.477	33.203	37.415
  543 --   544	32.039	2.787	3.461	28.263	31.440	36.404
  544 --   545	31.731	2.027	2.517	29.388	30.840	35.216
  545 --   546	31.749	1.458	1.810	29.902	31.960	34.187
  546 --   547	32.123	1.159	1.439	30.493	32.777	33.412
  547 --   548	32.929	1.395	1.732	31.174	32.670	35.122
  548 --   549	33.299	1.511	1.876	31.283	33.236	35.868
  549 --   550	33.377	1.459	1.812	30.826	33.640	35.318
  550 --   551	32.924	1.382	1.716	30.786	32.868	34.487
  551 --   552	31.995	1.425	1.769	29.678	32.501	33.879
  552 --   553	31.722	1.792	2.225	29.180	31.733	34.501
  553 --   554	31.719	1.634	2.029	29.965	31.853	34.501
  554 --   555	31.880	1.249	1.551	31.165	31.300	34.373
  555 --   556	32.232	0.921	1.143	30.951	32.207	33.591
  556 --   557	33.792	0.824	1.023	32.845	33.392	34.825
  557 --   558	33.363	1.509	1.874	30.652	33.707	34.826
  558 --   559	32.185	1.299	1.612	29.648	32.732	33.219
  559 --   560	31.461	0.813	1.009	30.189	31.782	32.380
  560 --   561	30.904	0.406	0.504	30.197	30.981	31.398
  561 --   562	31.003	1.026	1.274	29.647	30.743	32.466
  562 --   563	32.293	1.200	1.489	30.697	32.466	33.825
  563 --   564	33.757	1.110	1.378	32.237	33.647	35.648
  564 --   565	34.101	1.020	1.267	32.712	34.460	35.512
  565 --   566	33.658	1.288	1.599	31.930	33.613	35.647
  566 --   567	32.832	1.727	2.145	31.058	32.670	35.638
  567 --   568	31.943	1.653	2.052	29.930	31.832	34.485
  568 --   569	31.066	1.405	1.744	29.522	30.344	33.537
  569 --   570	31.289	1.588	1.972	28.319	31.511	32.783
  570 --   571	31.951	1.749	2.171	28.735	32.865	33.599
  571 --   572	32.458	1.080	1.341	31.018	32.532	33.922
  572 --   573	32.868	1.479	1.837	30.925	32.589	35.319
  573 --   574	31.988	2.231	2.770	29.606	31.017	36.032
  574 --   575	31.586	2.054	2.551	29.168	31.151	35.249
  575 --   576	31.951	1.219	1.514	31.001	31.303	34.297
  576 --   577	31.990	1.580	1.961	29.666	32.410	34.368
  577 --   578	32.436	1.166	1.448	31.071	31.860	34.336
  578 --   579	32.492	1.033	1.283	30.900	32.582	33.809
  579 --   580	32.700	1.781	2.211	31.466	31.956	36.221
  580 --   581	31.823	2.500	3.105	29.605	30.656	36.229
  581 --   582	31.265	2.354	2.923	28.893	30.041	35.118
  582 --   583	30.851	1.938	2.406	28.208	30.112	33.830
  583 --   584	31.025	1.043	1.296	29.893	31.098	32.822
  584 --   585	32.084	0.991	1.230	30.490	32.521	33.332
  585 --   586	32.241	1.966	2.441	28.669	33.309	34.227
  586 --   587	32.352	2.385	2.962	28.764	32.753	35.443
  587 --   588	32.014	1.918	2.381	29.335	33.209	33.949
  588 --   589	31.648	1.724	2.140	28.615	32.411	33.358
  589 --   590	31.464	1.543	1.916	28.634	31.638	33.230
  590 --   591	31.711	1.248	1.549	30.332	31.261	34.039
  591 --   592	32.484	1.492	1.853	30.496	32.893	34.693
  592 --   593	33.349	1.563	1.940	31.280	33.183	35.877
  593 --   594	33.400	1.501	1.864	31.120	33.183	35.060
  594 --   595	33.316	1.126	1.398	31.557	33.096	35.003
  595 --   596	33.093	0.688	0.855	32.260	33.021	34.303
  596 --   597	32.361	1.548	1.922	30.212	32.520	34.557
  597 --   598	31.668	1.582	1.964	30.105	30.924	34.492
  598 --   599	31.369	1.723	2.139	28.830	31.059	34.133
  599 --   600	31.939	1.957	2.430	28.872	33.059	33.842
    0 --   600	30.078	0.548	0.680	29.403	30.269	30.701