0	1612.000	178.185	1433.815	1790.185
1	1682.720	93.619	1589.101	1776.339
2	1514.240	315.317	1198.923	1829.557
3	1649.440	176.038	1473.402	1825.478
4	1510.080	140.844	1369.236	1650.924
5	1653.600	221.718	1431.882	1875.318
6	1618.240	190.067	1428.173	1808.307
7	1566.240	242.082	1324.158	1808.322
8	1691.040	237.071	1453.969	1928.111
9	1584.960	161.824	1423.136	1746.784
10	1516.320	149.348	1366.972	1665.668
11	1543.360	192.681	1350.679	1736.041
12	1653.600	133.701	1519.899	1787.301
13	1584.960	175.469	1409.491	1760.429
14	1580.800	106.172	1474.628	1686.972
15	1628.640	77.307	1551.333	1705.947
16	1616.160	133.351	1482.809	1749.511
17	1653.600	127.574	1526.026	1781.174
18	1591.200	142.164	1449.036	1733.364
19	1639.040	210.071	1428.969	1849.111
20	1626.560	167.096	1459.464	1793.656
21	1593.280	175.241	1418.039	1768.521
22	1634.880	132.549	1502.331	1767.429
23	1605.760	128.771	1476.989	1734.531
24	1508.000	143.099	1364.901	1651.099
25	1568.320	88.868	1479.452	1657.188
26	1655.680	168.646	1487.034	1824.326
27	1570.400	98.345	1472.055	1668.745
28	1539.200	286.547	1252.653	1825.747
29	1693.120	105.035	1588.085	1798.155
30	1707.680	41.161	1666.519	1748.841
31	1551.680	139.893	1411.787	1691.573
32	1564.160	203.457	1360.703	1767.617
33	1632.800	135.436	1497.364	1768.236
34	1541.280	135.041	1406.239	1676.321
35	1587.040	108.533	1478.507	1695.573
36	1574.560	118.240	1456.320	1692.800
37	1526.720	131.538	1395.182	1658.258
38	1618.240	193.372	1424.868	1811.612
39	1626.560	136.075	1490.485	1762.635
40	1555.840	157.224	1398.616	1713.064
41	1528.800	171.897	1356.903	1700.697
42	1603.680	214.439	1389.241	1818.119
43	1528.800	114.631	1414.169	1643.431
44	1570.400	89.838	1480.562	1660.238
45	1639.040	139.224	1499.816	1778.264
46	1595.360	259.631	1335.729	1854.991
47	1526.720	202.438	1324.282	1729.158
48	1557.920	245.475	1312.445	1803.395
49	1549.600	225.891	1323.709	1775.491
50	1720.160	230.509	1489.651	1950.669
51	1607.840	106.360	1501.480	1714.200
52	1557.920	150.461	1407.459	1708.381
53	1668.160	142.070	1526.090	1810.230
54	1639.040	62.520	1576.520	1701.560
55	1497.600	154.529	1343.071	1652.129
56	1641.120	236.902	1404.218	1878.022
57	1612.000	84.085	1527.915	1696.085
58	1630.720	112.990	1517.730	1743.710
59	1601.600	229.987	1371.613	1831.587
60	1609.920	186.489	1423.431	1796.409
61	1620.320	116.191	1504.129	1736.511
62	1607.840	182.731	1425.109	1790.571
63	1599.520	207.643	1391.877	1807.163
64	1645.280	91.821	1553.459	1737.101
65	1664.000	108.040	1555.960	1772.040
66	1632.800	287.361	1345.439	1920.161
67	1549.600	157.733	1391.867	1707.333
68	1595.360	145.777	1449.583	1741.137
69	1530.880	142.492	1388.388	1673.372
70	1618.240	114.514	1503.726	1732.754
71	1620.320	214.749	1405.571	1835.069
72	1661.920	226.097	1435.823	1888.017
73	1541.280	147.777	1393.503	1689.057
74	1568.320	112.990	1455.330	1681.310
75	1599.520	106.611	1492.909	1706.131
76	1668.160	127.731	1540.429	1795.891
77	1539.200	143.099	1396.101	1682.299
78	1645.280	140.369	1504.911	1785.649
79	1549.600	150.594	1399.006	1700.194
80	1530.880	288.912	1241.968	1819.792
81	1624.480	192.300	1432.180	1816.780
82	1595.360	213.066	1382.294	1808.426
83	1560.000	189.610	1370.390	1749.610
84	1578.720	156.544	1422.176	1735.264
85	1393.600	653.367	740.233	2046.967
86	1589.120	47.200	1541.920	1636.320
87	1522.560	147.144	1375.416	1669.704
88	1572.480	223.576	1348.904	1796.056
89	1657.760	110.663	1547.097	1768.423
90	1639.040	82.322	1556.718	1721.362
91	1593.280	152.004	1441.276	1745.284
92	1553.760	59.233	1494.527	1612.993
93	1572.480	108.779	1463.701	1681.259
94	1626.560	175.469	1451.091	1802.029
95	1599.520	115.904	1483.616	1715.424
96	1547.520	199.618	1347.902	1747.138
97	1587.040	212.752	1374.288	1799.792
98	1562.080	176.757	1385.323	1738.837
99	1666.080	163.627	1502.453	1829.707
100	1543.360	181.449	1361.911	1724.809
101	1510.080	107.545	1402.535	1617.625
102	1593.280	174.669	1418.611	1767.949
103	1520.480	170.025	1350.455	1690.505
104	1641.120	174.669	1466.451	1815.789
105	1607.840	136.075	1471.765	1743.915
106	1545.440	119.642	1425.798	1665.082
107	1524.640	202.307	1322.333	1726.947
108	1539.200	147.687	1391.513	1686.887
109	1537.120	135.534	1401.586	1672.654
110	1553.760	261.168	1292.592	1814.928
111	1609.920	147.098	1462.822	1757.018
112	1661.920	137.489	1524.431	1799.409
113	1584.960	192.508	1392.452	1777.468
114	1622.400	127.835	1494.565	1750.235
115	1503.840	128.252	1375.588	1632.092
116	1584.960	240.423	1344.537	1825.383
117	1557.920	187.737	1370.183	1745.657
118	1626.560	159.750	1466.810	1786.310
119	1505.920	267.826	1238.094	1773.746
120	1618.240	238.334	1379.906	1856.574
121	1666.080	233.499	1432.581	1899.579
122	1530.880	264.316	1266.564	1795.196
123	1508.000	101.021	1406.979	1609.021
124	1589.120	270.675	1318.445	1859.795
125	1591.200	200.718	1390.482	1791.918
126	1539.200	208.541	1330.659	1747.741
127	1468.480	148.228	1320.252	1616.708
128	1634.880	132.297	1502.583	1767.177
129	1614.080	202.438	1411.642	1816.518
130	1693.120	124.236	1568.884	1817.356
131	1641.120	103.757	1537.363	1744.877
132	1295.840	542.273	753.567	1838.113
133	1720.160	141.128	1579.032	1861.288
134	1564.160	243.730	1320.430	1807.890
135	1591.200	185.700	1405.500	1776.900
136	1593.280	81.015	1512.265	1674.295
137	1543.360	119.642	1423.718	1663.002
138	1616.160	110.362	1505.798	1726.522
139	1474.720	183.605	1291.115	1658.325
140	1564.160	156.160	1408.000	1720.320
141	1697.280	225.210	1472.070	1922.490
142	1628.640	173.750	1454.890	1802.390
143	1661.920	347.020	1314.900	2008.940
144	1599.520	134.050	1465.470	1733.570
145	1670.240	146.462	1523.778	1816.702
146	1472.640	226.421	1246.219	1699.061
147	1641.120	174.478	1466.642	1815.598
148	1684.800	139.320	1545.480	1824.120
149	1508.000	51.653	1456.347	1559.653
150	1626.560	98.209	1528.351	1724.769
151	1601.600	74.406	1527.194	1676.006
152	1609.920	180.121	1429.799	1790.041
153	1524.640	91.165	1433.475	1615.805
154	1580.800	90.208	1490.592	1671.008
155	1674.400	127.312	1547.088	1801.712
156	1612.000	160.873	1451.127	1772.873
157	1557.920	135.288	1422.632	1693.208
158	1686.880	159.080	1527.800	1845.960
159	1449.760	96.841	1352.919	1546.601
160	1566.240	75.119	1491.121	1641.359
161	1684.800	320.187	1364.613	2004.987
162	1472.640	185.089	1287.551	1657.729
163	1634.880	132.800	1502.080	1767.680
164	1595.360	129.030	1466.330	1724.390
165	1572.480	217.833	1354.647	1790.313
166	1462.240	203.785	1258.455	1666.025
167	1624.480	56.819	1567.661	1681.299
168	1555.840	121.303	1434.537	1677.143
169	1653.600	99.021	1554.579	1752.621
170	1512.160	163.056	1349.104	1675.216
171	1645.280	112.990	1532.290	1758.270
172	1657.760	65.642	1592.118	1723.402
173	1508.000	253.969	1254.031	1761.969
174	1580.800	178.746	1402.054	1759.546
175	1680.640	123.483	1557.157	1804.123
176	1587.040	198.479	1388.561	1785.519
177	1599.520	134.794	1464.726	1734.314
178	1601.600	80.437	1521.163	1682.037
179	1503.840	218.323	1285.517	1722.163
180	1639.040	110.362	1528.678	1749.402
181	1653.600	202.866	1450.734	1856.466
182	1360.320	347.500	1012.820	1707.820
183	1743.040	219.541	1523.499	1962.581
184	1636.960	146.917	1490.043	1783.877
185	1524.640	179.973	1344.667	1704.613
186	1582.880	108.779	1474.101	1691.659
187	1431.040	317.741	1113.299	1748.781
188	1732.640	436.966	1295.674	2169.606
189	1738.880	136.271	1602.609	1875.151
190	1508.000	185.700	1322.300	1693.700
191	1641.120	144.352	1496.768	1785.472
192	1543.360	309.445	1233.915	1852.805
193	1426.880	90.356	1336.524	1517.236
194	1541.280	183.059	1358.221	1724.339
195	1555.840	148.048	1407.792	1703.888
196	1566.240	144.398	1421.842	1710.638
197	1672.320	148.677	1523.643	1820.997
198	1587.040	155.947	1431.093	1742.987
199	1539.200	219.754	1319.446	1758.954
200	1597.440	189.716	1407.724	1787.156
201	1526.720	63.996	1462.724	1590.716
202	1628.640	190.593	1438.047	1819.233
203	1695.200	101.021	1594.179	1796.221
204	1645.280	158.450	1486.830	1803.730
205	1555.840	176.794	1379.046	1732.634
206	1657.760	163.056	1494.704	1820.816
207	1574.560	126.945	1447.615	1701.505
208	1628.640	136.808	1491.832	1765.448
209	1655.680	135.041	1520.639	1790.721
210	1408.160	130.571	1277.589	1538.731
211	1591.200	139.798	1451.402	1730.998
212	1686.880	174.669	1512.211	1861.549
213	1541.280	286.943	1254.337	1828.223
214	1584.960	142.772	1442.188	1727.732
215	1541.280	167.256	1374.024	1708.536
216	1539.200	258.008	1281.192	1797.208
217	1645.280	79.770	1565.510	1725.050
218	1476.800	138.118	1338.682	1614.918
219	1451.840	113.930	1337.910	1565.770
220	1686.880	133.801	1553.079	1820.681
221	1664.000	164.967	1499.033	1828.967
222	1703.520	184.872	1518.648	1888.392
223	1738.880	103.113	1635.767	1841.993
224	1570.400	201.712	1368.688	1772.112
225	1549.600	151.697	1397.903	1701.297
226	1693.120	79.770	1613.350	1772.890
227	1541.280	168.052	1373.228	1709.332
228	1574.560	154.442	1420.118	1729.002
229	1576.640	133.351	1443.289	1709.991
230	1508.000	215.927	1292.073	1723.927
231	1668.160	137.051	1531.109	1805.211
232	1614.080	158.028	1456.052	1772.108
233	1447.680	179.936	1267.744	1627.616
234	1697.280	118.465	1578.815	1815.745
235	1576.640	156.160	1420.480	1732.800
236	1474.720	195.226	1279.494	1669.946
237	1693.120	197.940	1495.180	1891.060
238	1530.880	117.901	1412.979	1648.781
239	1630.720	215.679	1415.041	1846.399
240	1595.360	283.576	1311.784	1878.936
241	1697.280	219.055	1478.225	1916.335
242	1607.840	171.820	1436.020	1779.660
243	1549.600	80.850	1468.750	1630.450
244	1616.160	208.477	1407.683	1824.637
245	1639.040	74.226	1564.814	1713.266
246	1605.760	149.170	1456.590	1754.930
247	1495.520	233.499	1262.021	1729.019
248	1634.880	189.152	1445.728	1824.032
249	1570.400	103.629	1466.771	1674.029
250	1501.760	151.609	1350.151	1653.369
251	1570.400	220.511	1349.889	1790.911
252	1574.560	149.839	1424.721	1724.399
253	1676.480	116.191	1560.289	1792.671
254	1545.440	300.478	1244.962	1845.918
255	1553.760	122.941	1430.819	1676.701
256	1572.480	150.239	1422.241	1722.719
257	1634.880	80.602	1554.278	1715.482
258	1480.960	137.295	1343.665	1618.255
259	1697.280	114.456	1582.824	1811.736
260	1545.440	233.955	1311.485	1779.395
261	1607.840	260.785	1347.055	1868.625
262	1657.760	175.469	1482.291	1833.229
263	1566.240	166.697	1399.543	1732.937
264	1670.240	128.771	1541.469	1799.011
265	1661.920	125.039	1536.881	1786.959
266	1501.760	142.539	1359.221	1644.299
267	1709.760	209.275	1500.485	1919.035
268	1557.920	182.695	1375.225	1740.615
269	1618.240	134.844	1483.396	1753.084
270	1657.760	232.382	1425.378	1890.142
271	1620.320	208.125	1412.195	1828.445
272	1641.120	108.164	1532.956	1749.284
273	1578.720	108.779	1469.941	1687.499
274	1520.480	196.248	1324.232	1716.728
275	1701.440	288.010	1413.430	1989.450
276	1661.920	61.876	1600.044	1723.796
277	1530.880	154.399	1376.481	1685.279
278	1618.240	266.102	1352.138	1884.342
279	1595.360	110.362	1484.998	1705.722
280	1557.920	118.746	1439.174	1676.666
281	1730.560	271.560	1459.000	2002.120
282	1620.320	94.329	1525.991	1714.649
283	1466.400	136.662	1329.738	1603.062
284	1562.080	223.725	1338.355	1785.805
285	1674.400	158.576	1515.824	1832.976
286	1339.520	314.555	1024.965	1654.075
287	1726.400	265.273	1461.127	1991.673
288	1568.320	206.839	1361.481	1775.159
289	1664.000	125.996	1538.004	1789.996
290	1718.080	305.519	1412.561	2023.599
291	1576.640	155.518	1421.122	1732.158
292	1682.720	139.893	1542.827	1822.613
293	1624.480	22.217	1602.263	1646.697
294	1476.800	173.250	1303.550	1650.050
295	1699.360	145.777	1553.583	1845.137
296	1566.240	185.089	1381.151	1751.329
297	1470.560	151.829	1318.731	1622.389
298	1630.720	89.242	1541.478	1719.962
299	1512.160	69.588	1442.572	1581.748
300	1551.680	85.423	1466.257	1637.103
301	1560.000	113.167	1446.833	1673.167
302	1489.280	159.917	1329.363	1649.197
303	1528.800	93.833	1434.967	1622.633
304	1358.240	514.890	843.350	1873.130
305	1551.680	167.654	1384.026	1719.334
306	1572.480	188.976	1383.504	1761.456
307	1670.240	139.703	1530.537	1809.943
308	1524.640	164.075	1360.565	1688.715
309	1564.160	62.520	1501.640	1626.680
310	1624.480	180.121	1444.359	1804.601
311	1630.720	152.004	1478.716	1782.724
312	1505.920	129.236	1376.684	1635.156
313	1589.120	228.591	1360.529	1817.711
314	1562.080	151.785	1410.295	1713.865
315	1582.880	86.971	1495.909	1669.851
316	1603.680	103.113	1500.567	1706.793
317	1560.000	102.659	1457.341	1662.659
318	1595.360	193.200	1402.160	1788.560
319	1528.800	157.309	1371.491	1686.109
320	1661.920	120.142	1541.778	1782.062
321	1589.120	128.200	1460.920	1717.320
322	1578.720	89.615	1489.105	1668.335
323	1664.000	144.951	1519.049	1808.951
324	1601.600	137.634	1463.966	1739.234
325	1639.040	139.464	1499.576	1778.504
326	1578.720	119.864	1458.856	1698.584
327	1574.560	183.096	1391.464	1757.656
328	1535.040	252.863	1282.177	1787.903
329	1668.160	199.652	1468.508	1867.812
330	1641.120	129.751	1511.369	1770.871
331	1578.720	97.801	1480.919	1676.521
332	1570.400	54.174	1516.226	1624.574
333	1641.120	216.143	1424.977	1857.263
334	1456.000	225.595	1230.405	1681.595
335	1618.240	125.625	1492.615	1743.865
336	1668.160	184.186	1483.974	1852.346
337	1555.840	94.046	1461.794	1649.886
338	1616.160	176.417	1439.743	1792.577
339	1599.520	109.998	1489.522	1709.518
340	1661.920	131.030	1530.890	1792.950
341	1651.520	86.971	1564.549	1738.491
342	1460.160	214.159	1246.001	1674.319
343	1597.440	158.912	1438.528	1756.352
344	1709.760	198.479	1511.281	1908.239
345	1584.960	207.996	1376.964	1792.956
346	1541.280	189.681	1351.599	1730.961
347	1649.440	144.167	1505.273	1793.607
348	1501.760	223.456	1278.304	1725.216
349	1670.240	115.095	1555.145	1785.335
350	1655.680	197.772	1457.908	1853.452
351	1508.000	239.924	1268.076	1747.924
352	1645.280	125.837	1519.443	1771.117
353	1716.000	97.664	1618.336	1813.664
354	1566.240	199.985	1366.255	1766.225
355	1593.280	252.309	1340.971	1845.589
356	1597.440	91.893	1505.547	1689.333
357	1634.880	132.549	1502.331	1767.429
358	1653.600	144.028	1509.572	1797.628
359	1576.640	264.720	1311.920	1841.360
360	1657.760	164.278	1493.482	1822.038
361	1589.120	83.847	1505.273	1672.967
362	1480.960	113.049	1367.911	1594.009
363	1720.160	118.521	1601.639	1838.681
364	1526.720	167.256	1359.464	1693.976
365	1572.480	99.491	1472.989	1671.971
366	1612.000	87.962	1524.038	1699.962
367	1582.880	92.904	1489.976	1675.784
368	1557.920	110.603	1447.317	1668.523
369	1584.960	291.349	1293.611	1876.309
370	1634.880	119.307	1515.573	1754.187
371	1555.840	279.429	1276.411	1835.269
372	1412.320	171.975	1240.345	1584.295
373	1684.800	519.301	1165.499	2204.101
374	1599.520	217.680	1381.840	1817.200
375	1697.280	76.352	1620.928	1773.632
376	1551.680	255.592	1296.088	1807.272
377	1505.920	188.976	1316.944	1694.896
378	1639.040	104.781	1534.259	1743.821
379	1528.800	75.738	1453.062	1604.538
380	1614.080	136.515	1477.565	1750.595
381	1653.600	301.519	1352.081	1955.119
382	1499.680	165.653	1334.027	1665.333
383	1501.760	101.219	1400.541	1602.979
384	1680.640	188.658	1491.982	1869.298
385	1437.280	256.244	1181.036	1693.524
386	1749.280	97.459	1651.821	1846.739
387	1566.240	81.097	1485.143	1647.337
388	1497.600	268.771	1228.829	1766.371
389	1416.480	254.284	1162.196	1670.764
390	1530.880	211.778	1319.102	1742.658
391	1485.120	259.734	1225.386	1744.854
392	1433.120	339.735	1093.385	1772.855
393	1545.440	192.854	1352.586	1738.294
394	1630.720	209.403	1421.317	1840.123
395	1589.120	97.459	1491.661	1686.579
396	1649.440	157.436	1492.004	1806.876
397	1626.560	299.922	1326.638	1926.482
398	1514.240	357.174	1157.066	1871.414
399	1672.320	190.383	1481.937	1862.703
400	1468.480	222.379	1246.101	1690.859
401	1797.120	324.163	1472.957	2121.283
402	1543.360	242.082	1301.278	1785.442
403	1539.200	125.199	1414.001	1664.399
404	1505.920	248.714	1257.206	1754.634
405	1537.120	93.619	1443.501	1630.739
406	1478.880	116.478	1362.402	1595.358
407	1605.760	248.875	1356.885	1854.635
408	1541.280	57.403	1483.877	1598.683
409	1574.560	239.868	1334.692	1814.428
410	1414.400	300.189	1114.211	1714.589
411	1716.000	165.169	1550.831	1881.169
412	1503.840	254.441	1249.399	1758.281
413	1616.160	363.559	1252.601	1979.719
414	1566.240	93.690	1472.550	1659.930
415	1609.920	197.265	1412.655	1807.185
416	1634.880	116.764	1518.116	1751.644
417	1622.400	89.092	1533.308	1711.492
418	1680.640	110.964	1569.676	1791.604
419	1657.760	126.945	1530.815	1784.705
420	1605.760	127.731	1478.029	1733.491
421	1491.360	140.179	1351.181	1631.539
422	1682.720	176.945	1505.775	1859.665
423	1528.800	186.417	1342.383	1715.217
424	1562.080	145.043	1417.037	1707.123
425	1688.960	152.705	1536.255	1841.665
426	1589.120	138.696	1450.424	1727.816
427	1582.880	159.708	1423.172	1742.588
428	1510.080	159.499	1350.581	1669.579
429	1691.040	192.161	1498.879	1883.201
430	1549.600	180.232	1369.368	1729.832
431	1578.720	324.471	1254.249	1903.191
432	1668.160	192.854	1475.306	1861.014
433	1584.960	116.248	1468.712	1701.208
434	1487.200	138.359	1348.841	1625.559
435	1664.000	114.631	1549.369	1778.631
436	1661.920	190.383	1471.537	1852.303
437	1547.520	212.407	1335.113	1759.927
438	1572.480	92.904	1479.576	1665.384
439	1512.160	176.038	1336.122	1688.198
440	1574.560	133.351	1441.209	1707.911
441	1632.800	186.953	1445.847	1819.753
442	1645.280	104.717	1540.563	1749.997
443	1622.400	208.701	1413.699	1831.101
444	1543.360	201.646	1341.714	1745.006
445	1639.040	167.495	1471.545	1806.535
446	1620.320	198.949	1421.371	1819.269
447	1560.000	189.258	1370.742	1749.258
448	1487.200	195.499	1291.701	1682.699
449	1605.760	194.747	1411.013	1800.507
450	1574.560	114.514	1460.046	1689.074
451	1572.480	78.930	1493.550	1651.410
452	1622.400	189.962	1432.438	1812.362
453	1539.200	227.069	1312.131	1766.269
454	1562.080	158.870	1403.210	1720.950
455	1624.480	153.533	1470.947	1778.013
456	1524.640	257.179	1267.461	1781.819
457	1765.920	162.810	1603.110	1928.730
458	1605.760	73.776	1531.984	1679.536
459	1603.680	138.696	1464.984	1742.376
460	1572.480	148.228	1424.252	1720.708
461	1549.600	65.845	1483.755	1615.445
462	1591.200	132.448	1458.752	1723.648
463	1630.720	220.269	1410.451	1850.989
464	1489.280	98.480	1390.800	1587.760
465	1678.560	98.886	1579.674	1777.446
466	1722.240	140.654	1581.586	1862.894
467	1603.680	259.991	1343.689	1863.671
468	1391.520	245.067	1146.453	1636.587
469	1555.840	200.152	1355.688	1755.992
470	1530.880	178.260	1352.620	1709.140
471	1609.920	156.544	1453.376	1766.464
472	1557.920	84.639	1473.281	1642.559
473	1630.720	69.011	1561.709	1699.731
474	1562.080	235.632	1326.448	1797.712
475	1639.040	182.366	1456.674	1821.406
476	1628.640	176.983	1451.657	1805.623
477	1634.880	86.587	1548.293	1721.467
478	1601.600	144.721	1456.879	1746.321
479	1505.920	237.324	1268.596	1743.244
480	1599.520	102.789	1496.731	1702.309
481	1670.240	162.030	1508.210	1832.270
482	1528.800	102.659	1426.141	1631.459
483	1574.560	112.457	1462.103	1687.017
484	1626.560	179.230	1447.330	1805.790
485	1655.680	117.617	1538.063	1773.297
486	1618.240	148.722	1469.518	1766.962
487	1666.080	41.963	1624.117	1708.043
488	1568.320	189.505	1378.815	1757.825
489	1516.320	50.610	1465.710	1566.930
490	1682.720	145.503	1537.217	1828.223
491	1618.240	122.941	1495.299	1741.181
492	1508.000	213.128	1294.872	1721.128
493	1589.120	157.606	1431.514	1746.726
494	1539.200	39.168	1500.032	1578.368
495	1476.800	261.475	1215.325	1738.275
496	1601.600	101.021	1500.579	1702.621
497	1639.040	79.435	1559.605	1718.475
498	1537.120	91.457	1445.663	1628.577
499	1574.560	119.642	1454.918	1694.202
500	1591.200	180.047	1411.153	1771.247
501	1562.080	292.355	1269.725	1854.435
502	1566.240	150.283	1415.957	1716.523
503	1584.960	50.741	1534.219	1635.701
504	1493.440	70.066	1423.374	1563.506
505	1736.800	102.007	1634.793	1838.807
506	1584.960	226.421	1358.539	1811.381
507	1447.680	156.331	1291.349	1604.011
508	1589.120	250.052	1339.068	1839.172
509	1682.720	429.639	1253.081	2112.359
510	1612.000	190.313	1421.687	1802.313
511	1649.440	143.471	1505.969	1792.911
512	1543.360	150.727	1392.633	1694.087
513	1584.960	250.478	1334.482	1835.438
514	1688.960	136.808	1552.152	1825.768
515	1572.480	71.852	1500.628	1644.332
516	1491.360	230.509	1260.851	1721.869
517	1643.200	167.376	1475.824	1810.576
518	1545.440	146.690	1398.750	1692.130
519	1647.360	179.787	1467.573	1827.147
520	1508.000	236.986	1271.014	1744.986
521	1653.600	78.336	1575.264	1731.936
522	1632.800	240.895	1391.905	1873.695
523	1489.280	158.239	1331.041	1647.519
524	1641.120	248.312	1392.808	1889.432
525	1664.000	180.786	1483.214	1844.786
526	1576.640	75.119	1501.521	1651.759
527	1632.800	89.838	1542.962	1722.638
528	1597.440	79.435	1518.005	1676.875
529	1489.280	63.996	1425.284	1553.276
530	1574.560	263.077	1311.483	1837.637
531	1647.360	264.971	1382.389	1912.331
532	1408.160	311.701	1096.459	1719.861
533	1713.920	125.572	1588.348	1839.492
534	1522.560	135.584	1386.976	1658.144
535	1680.640	111.862	1568.778	1792.502
536	1659.840	135.829	1524.011	1795.669
537	1601.600	210.134	1391.466	1811.734
538	1497.600	181.339	1316.261	1678.939
539	1555.840	164.278	1391.562	1720.118
540	1584.960	190.418	1394.542	1775.378
541	1634.880	35.033	1599.847	1669.913
542	1624.480	171.587	1452.893	1796.067
543	1599.520	368.281	1231.239	1967.801
544	1716.000	52.295	1663.705	1768.295
545	1664.000	134.695	1529.305	1798.695
546	1495.520	182.695	1312.825	1678.215
547	1603.680	271.044	1332.636	1874.724
548	1599.520	218.139	1381.381	1817.659
549	1603.680	214.283	1389.397	1817.963
550	1661.920	171.781	1490.139	1833.701
551	1564.160	210.229	1353.931	1774.389
552	1630.720	141.788	1488.932	1772.508
553	1584.960	91.165	1493.795	1676.125
554	1562.080	224.617	1337.463	1786.697
555	1622.400	101.021	1521.379	1723.421
556	1607.840	198.815	1409.025	1806.655
557	1578.720	168.052	1410.668	1746.772
558	1499.680	169.238	1330.442	1668.918
559	1487.200	147.234	1339.966	1634.434
560	1566.240	184.908	1381.332	1751.148
561	1522.560	146.690	1375.870	1669.250
562	1607.840	100.226	1507.614	1708.066
563	1645.280	146.644	1498.636	1791.924
564	1603.680	127.679	1476.001	1731.359
565	1587.040	188.835	1398.205	1775.875
566	1666.080	136.026	1530.054	1802.106
567	1730.560	155.518	1575.042	1886.078
568	1526.720	139.176	1387.544	1665.896
569	1468.480	97.801	1370.679	1566.281
570	1634.880	90.725	1544.155	1725.605
571	1568.320	127.417	1440.903	1695.737
572	1468.480	188.976	1279.504	1657.456
573	1551.680	115.904	1435.776	1667.584
574	1605.760	110.362	1495.398	1716.122
575	1497.600	199.551	1298.049	1697.151
576	1643.200	131.943	1511.257	1775.143
577	1568.320	138.937	1429.383	1707.257
578	1589.120	79.770	1509.350	1668.890
579	1622.400	173.827	1448.573	1796.227
580	1449.760	120.198	1329.562	1569.958
581	1587.040	150.727	1436.313	1737.767
582	1503.840	153.793	1350.047	1657.633
583	1487.200	181.339	1305.861	1668.539
584	1530.880	101.482	1429.398	1632.362
585	1574.560	166.095	1408.465	1740.655
586	1626.560	118.240	1508.320	1744.800
587	1485.120	228.883	1256.237	1714.003
588	1474.720	143.192	1331.528	1617.912
589	1614.080	175.811	1438.269	1789.891
590	1605.760	164.278	1441.482	1770.038
591	1597.440	178.671	1418.769	1776.111
592	1678.560	113.049	1565.511	1791.609
593	1593.280	190.207	1403.073	1783.487
594	1653.600	164.157	1489.443	1817.757
595	1711.840	204.438	1507.402	1916.278
596	1801.280	137.003	1664.277	1938.283
597	1880.320	161.783	1718.537	2042.103
598	1915.680	98.480	1817.200	2014.160
599	1838.720	73.685	1765.035	1912.405
600	1590.538	6.015	1584.523	1596.553