Time 1-10.0.0.4-10.0.0.2 Aggregate-Flow
0.000000 378.240000 378.240000
1.000000 261.760000 261.760000
2.000000 329.920000 329.920000
3.000000 489.920000 489.920000
4.000000 522.880000 522.880000
5.000000 401.280000 401.280000
6.000000 433.280000 433.280000
7.000000 364.160000 364.160000
8.000000 193.600000 193.600000
9.000000 493.440000 493.440000
10.000000 567.360000 567.360000
11.000000 317.440000 317.440000
12.000000 662.400000 662.400000
13.000000 471.360000 471.360000
14.000000 417.280000 417.280000
15.000000 522.880000 522.880000
16.000000 396.800000 396.800000
17.000000 371.520000 371.520000
18.000000 494.720000 494.720000
19.000000 490.880000 490.880000
20.000000 458.880000 458.880000
21.000000 644.800000 644.800000
22.000000 509.760000 509.760000
23.000000 445.120000 445.120000
24.000000 577.280000 577.280000
25.000000 407.360000 407.360000
26.000000 393.280000 393.280000
27.000000 693.760000 693.760000
28.000000 575.360000 575.360000
29.000000 393.280000 393.280000
30.000000 597.440000 597.440000
31.000000 540.800000 540.800000
32.000000 439.680000 439.680000
33.000000 738.880000 738.880000
34.000000 179.200000 179.200000
35.000000 213.440000 213.440000
36.000000 573.760000 573.760000
37.000000 572.800000 572.800000
38.000000 438.720000 438.720000
39.000000 531.520000 531.520000
40.000000 348.160000 348.160000
41.000000 276.480000 276.480000
42.000000 565.120000 565.120000
43.000000 581.440000 581.440000
44.000000 494.080000 494.080000
45.000000 627.520000 627.520000
46.000000 545.920000 545.920000
47.000000 519.680000 519.680000
48.000000 651.840000 651.840000
49.000000 481.280000 481.280000
50.000000 466.880000 466.880000
51.000000 608.320000 608.320000
52.000000 476.800000 476.800000
53.000000 422.080000 422.080000
54.000000 541.440000 541.440000
55.000000 500.160000 500.160000
56.000000 389.440000 389.440000
57.000000 492.800000 492.800000
58.000000 324.480000 324.480000
59.000000 380.800000 380.800000
60.000000 469.120000 469.120000
61.000000 502.080000 502.080000
62.000000 526.400000 526.400000
63.000000 520.640000 520.640000
64.000000 424.000000 424.000000
65.000000 353.600000 353.600000
66.000000 470.720000 470.720000
67.000000 360.960000 360.960000
68.000000 450.880000 450.880000
69.000000 489.280000 489.280000
70.000000 241.600000 241.600000
71.000000 451.840000 451.840000
72.000000 538.880000 538.880000
73.000000 366.080000 366.080000
74.000000 476.480000 476.480000
75.000000 605.760000 605.760000
76.000000 323.520000 323.520000
77.000000 499.840000 499.840000
78.000000 271.040000 271.040000
79.000000 496.320000 496.320000
80.000000 406.720000 406.720000
81.000000 326.080000 326.080000
82.000000 349.440000 349.440000
83.000000 572.480000 572.480000
84.000000 431.680000 431.680000
85.000000 299.520000 299.520000
86.000000 569.600000 569.600000
87.000000 401.600000 401.600000
88.000000 355.520000 355.520000
89.000000 467.520000 467.520000
90.000000 544.000000 544.000000
91.000000 241.280000 241.280000
92.000000 538.240000 538.240000
93.000000 496.320000 496.320000
94.000000 256.000000 256.000000
95.000000 192.000000 192.000000
96.000000 496.960000 496.960000
97.000000 393.920000 393.920000
98.000000 592.320000 592.320000
99.000000 411.840000 411.840000
100.000000 310.400000 310.400000
101.000000 342.400000 342.400000
102.000000 549.760000 549.760000
103.000000 458.880000 458.880000
104.000000 427.200000 427.200000
105.000000 412.800000 412.800000
106.000000 232.960000 232.960000
107.000000 333.760000 333.760000
108.000000 362.880000 362.880000
109.000000 360.960000 360.960000
110.000000 383.360000 383.360000
111.000000 552.640000 552.640000
112.000000 432.960000 432.960000
113.000000 566.400000 566.400000
114.000000 504.640000 504.640000
115.000000 216.960000 216.960000
116.000000 423.040000 423.040000
117.000000 474.880000 474.880000
118.000000 313.280000 313.280000
119.000000 494.400000 494.400000
120.000000 318.720000 318.720000
121.000000 396.800000 396.800000
122.000000 539.200000 539.200000
123.000000 693.120000 693.120000
124.000000 571.200000 571.200000
125.000000 635.200000 635.200000
126.000000 604.800000 604.800000
127.000000 347.520000 347.520000
128.000000 488.320000 488.320000
129.000000 469.440000 469.440000
130.000000 402.880000 402.880000
131.000000 664.000000 664.000000
132.000000 550.720000 550.720000
133.000000 302.400000 302.400000
134.000000 528.640000 528.640000
135.000000 435.200000 435.200000
136.000000 250.560000 250.560000
137.000000 746.240000 746.240000
138.000000 611.520000 611.520000
139.000000 426.240000 426.240000
140.000000 545.920000 545.920000
141.000000 563.840000 563.840000
142.000000 401.920000 401.920000
143.000000 605.120000 605.120000
144.000000 399.360000 399.360000
145.000000 382.400000 382.400000
146.000000 583.360000 583.360000
147.000000 432.320000 432.320000
148.000000 308.160000 308.160000
149.000000 467.520000 467.520000
150.000000 433.280000 433.280000
151.000000 339.200000 339.200000
152.000000 483.520000 483.520000
153.000000 527.040000 527.040000
154.000000 481.600000 481.600000
155.000000 382.080000 382.080000
156.000000 458.880000 458.880000
157.000000 529.280000 529.280000
158.000000 465.280000 465.280000
159.000000 429.120000 429.120000
160.000000 423.680000 423.680000
161.000000 301.120000 301.120000
162.000000 296.960000 296.960000
163.000000 581.760000 581.760000
164.000000 504.960000 504.960000
165.000000 320.640000 320.640000
166.000000 478.080000 478.080000
167.000000 552.000000 552.000000
168.000000 430.080000 430.080000
169.000000 541.120000 541.120000
170.000000 397.120000 397.120000
171.000000 351.040000 351.040000
172.000000 312.640000 312.640000
173.000000 321.600000 321.600000
174.000000 231.360000 231.360000
175.000000 477.440000 477.440000
176.000000 649.920000 649.920000
177.000000 481.600000 481.600000
178.000000 412.160000 412.160000
179.000000 433.600000 433.600000
180.000000 470.400000 470.400000
181.000000 450.560000 450.560000
182.000000 620.480000 620.480000
183.000000 328.640000 328.640000
184.000000 539.840000 539.840000
185.000000 383.680000 383.680000
186.000000 431.680000 431.680000
187.000000 725.120000 725.120000
188.000000 608.000000 608.000000
189.000000 333.760000 333.760000
190.000000 456.960000 456.960000
191.000000 408.320000 408.320000
192.000000 282.880000 282.880000
193.000000 536.640000 536.640000
194.000000 416.320000 416.320000
195.000000 233.920000 233.920000
196.000000 627.520000 627.520000
197.000000 500.480000 500.480000
198.000000 421.440000 421.440000
199.000000 759.680000 759.680000
200.000000 369.920000 369.920000
201.000000 280.640000 280.640000
202.000000 657.600000 657.600000
203.000000 549.120000 549.120000
204.000000 384.640000 384.640000
205.000000 533.440000 533.440000
206.000000 510.080000 510.080000
207.000000 335.680000 335.680000
208.000000 575.680000 575.680000
209.000000 454.720000 454.720000
210.000000 371.200000 371.200000
211.000000 633.920000 633.920000
212.000000 330.240000 330.240000
213.000000 387.840000 387.840000
214.000000 625.920000 625.920000
215.000000 465.920000 465.920000
216.000000 291.840000 291.840000
217.000000 394.560000 394.560000
218.000000 209.280000 209.280000
219.000000 232.640000 232.640000
220.000000 276.480000 276.480000
221.000000 365.760000 365.760000
222.000000 639.040000 639.040000
223.000000 798.400000 798.400000
224.000000 575.680000 575.680000
225.000000 348.160000 348.160000
226.000000 442.880000 442.880000
227.000000 370.880000 370.880000
228.000000 351.680000 351.680000
229.000000 462.080000 462.080000
230.000000 388.480000 388.480000
231.000000 398.400000 398.400000
232.000000 436.480000 436.480000
233.000000 378.560000 378.560000
234.000000 359.680000 359.680000
235.000000 526.400000 526.400000
236.000000 192.000000 192.000000
237.000000 443.520000 443.520000
238.000000 512.640000 512.640000
239.000000 418.240000 418.240000
240.000000 431.360000 431.360000
241.000000 420.160000 420.160000
242.000000 279.040000 279.040000
243.000000 617.600000 617.600000
244.000000 576.000000 576.000000
245.000000 315.840000 315.840000
246.000000 501.760000 501.760000
247.000000 477.440000 477.440000
248.000000 368.320000 368.320000
249.000000 458.880000 458.880000
250.000000 541.760000 541.760000
251.000000 339.520000 339.520000
252.000000 513.280000 513.280000
253.000000 509.440000 509.440000
254.000000 375.040000 375.040000
255.000000 548.800000 548.800000
256.000000 599.680000 599.680000
257.000000 506.880000 506.880000
258.000000 411.520000 411.520000
259.000000 722.880000 722.880000
260.000000 429.120000 429.120000
261.000000 440.640000 440.640000
262.000000 467.200000 467.200000
263.000000 262.080000 262.080000
264.000000 545.280000 545.280000
265.000000 464.640000 464.640000
266.000000 469.120000 469.120000
267.000000 699.200000 699.200000
268.000000 473.280000 473.280000
269.000000 372.800000 372.800000
270.000000 502.080000 502.080000
271.000000 482.560000 482.560000
272.000000 459.840000 459.840000
273.000000 341.440000 341.440000
274.000000 374.720000 374.720000
275.000000 356.160000 356.160000
276.000000 561.600000 561.600000
277.000000 461.760000 461.760000
278.000000 377.600000 377.600000
279.000000 580.160000 580.160000
280.000000 454.400000 454.400000
281.000000 297.600000 297.600000
282.000000 690.240000 690.240000
283.000000 465.600000 465.600000
284.000000 478.080000 478.080000
285.000000 571.200000 571.200000
286.000000 208.000000 208.000000
287.000000 492.800000 492.800000
288.000000 794.240000 794.240000
289.000000 492.160000 492.160000
290.000000 547.520000 547.520000
291.000000 601.280000 601.280000
292.000000 401.600000 401.600000
293.000000 612.800000 612.800000
294.000000 850.240000 850.240000
295.000000 364.800000 364.800000
296.000000 579.840000 579.840000
297.000000 418.240000 418.240000
298.000000 339.520000 339.520000
299.000000 604.800000 604.800000
300.000000 522.560000 522.560000
301.000000 403.520000 403.520000
302.000000 433.280000 433.280000
303.000000 509.440000 509.440000
304.000000 267.520000 267.520000
305.000000 537.280000 537.280000
306.000000 512.000000 512.000000
307.000000 360.960000 360.960000
308.000000 419.200000 419.200000
309.000000 505.280000 505.280000
310.000000 545.920000 545.920000
311.000000 484.480000 484.480000
312.000000 516.480000 516.480000
313.000000 460.480000 460.480000
314.000000 515.200000 515.200000
315.000000 409.920000 409.920000
316.000000 339.840000 339.840000
317.000000 362.560000 362.560000
318.000000 475.520000 475.520000
319.000000 411.520000 411.520000
320.000000 417.280000 417.280000
321.000000 526.720000 526.720000
322.000000 423.040000 423.040000
323.000000 496.640000 496.640000
324.000000 678.400000 678.400000
325.000000 409.600000 409.600000
326.000000 418.560000 418.560000
327.000000 456.000000 456.000000
328.000000 374.400000 374.400000
329.000000 344.000000 344.000000
330.000000 455.360000 455.360000
331.000000 474.240000 474.240000
332.000000 371.520000 371.520000
333.000000 440.320000 440.320000
334.000000 366.400000 366.400000
335.000000 282.240000 282.240000
336.000000 478.080000 478.080000
337.000000 285.760000 285.760000
338.000000 311.040000 311.040000
339.000000 343.680000 343.680000
340.000000 450.240000 450.240000
341.000000 205.440000 205.440000
342.000000 216.640000 216.640000
343.000000 309.760000 309.760000
344.000000 328.640000 328.640000
345.000000 419.520000 419.520000
346.000000 651.840000 651.840000
347.000000 439.360000 439.360000
348.000000 295.040000 295.040000
349.000000 541.440000 541.440000
350.000000 384.960000 384.960000
351.000000 270.080000 270.080000
352.000000 408.960000 408.960000
353.000000 332.480000 332.480000
354.000000 232.000000 232.000000
355.000000 320.960000 320.960000
356.000000 504.320000 504.320000
357.000000 336.320000 336.320000
358.000000 547.520000 547.520000
359.000000 374.400000 374.400000
360.000000 327.360000 327.360000
361.000000 275.840000 275.840000
362.000000 480.640000 480.640000
363.000000 393.920000 393.920000
364.000000 563.840000 563.840000
365.000000 365.120000 365.120000
366.000000 269.440000 269.440000
367.000000 352.640000 352.640000
368.000000 483.200000 483.200000
369.000000 334.080000 334.080000
370.000000 386.560000 386.560000
371.000000 352.320000 352.320000
372.000000 448.640000 448.640000
373.000000 403.200000 403.200000
374.000000 424.320000 424.320000
375.000000 546.560000 546.560000
376.000000 325.760000 325.760000
377.000000 486.400000 486.400000
378.000000 377.280000 377.280000
379.000000 228.800000 228.800000
380.000000 545.600000 545.600000
381.000000 372.160000 372.160000
382.000000 293.440000 293.440000
383.000000 508.160000 508.160000
384.000000 465.600000 465.600000
385.000000 312.960000 312.960000
386.000000 595.520000 595.520000
387.000000 386.880000 386.880000
388.000000 306.880000 306.880000
389.000000 376.640000 376.640000
390.000000 456.320000 456.320000
391.000000 265.600000 265.600000
392.000000 581.440000 581.440000
393.000000 641.280000 641.280000
394.000000 454.400000 454.400000
395.000000 387.200000 387.200000
396.000000 448.640000 448.640000
397.000000 411.520000 411.520000
398.000000 595.520000 595.520000
399.000000 575.360000 575.360000
400.000000 353.920000 353.920000
401.000000 425.920000 425.920000
402.000000 350.080000 350.080000
403.000000 223.040000 223.040000
404.000000 508.480000 508.480000
405.000000 519.360000 519.360000
406.000000 399.040000 399.040000
407.000000 747.200000 747.200000
408.000000 417.600000 417.600000
409.000000 401.600000 401.600000
410.000000 349.760000 349.760000
411.000000 517.120000 517.120000
412.000000 407.040000 407.040000
413.000000 489.920000 489.920000
414.000000 412.800000 412.800000
415.000000 604.160000 604.160000
416.000000 653.760000 653.760000
417.000000 381.120000 381.120000
418.000000 595.200000 595.200000
419.000000 605.440000 605.440000
420.000000 450.240000 450.240000
421.000000 378.560000 378.560000
422.000000 516.800000 516.800000
423.000000 349.440000 349.440000
424.000000 526.400000 526.400000
425.000000 481.920000 481.920000
426.000000 419.200000 419.200000
427.000000 507.200000 507.200000
428.000000 456.960000 456.960000
429.000000 465.600000 465.600000
430.000000 589.760000 589.760000
431.000000 524.800000 524.800000
432.000000 310.400000 310.400000
433.000000 421.120000 421.120000
434.000000 464.960000 464.960000
435.000000 308.800000 308.800000
436.000000 538.240000 538.240000
437.000000 347.520000 347.520000
438.000000 335.040000 335.040000
439.000000 513.920000 513.920000
440.000000 375.360000 375.360000
441.000000 445.440000 445.440000
442.000000 670.720000 670.720000
443.000000 560.000000 560.000000
444.000000 327.680000 327.680000
445.000000 493.440000 493.440000
446.000000 718.080000 718.080000
447.000000 398.080000 398.080000
448.000000 832.640000 832.640000
449.000000 470.720000 470.720000
450.000000 333.440000 333.440000
451.000000 514.560000 514.560000
452.000000 458.240000 458.240000
453.000000 499.520000 499.520000
454.000000 728.000000 728.000000
455.000000 409.920000 409.920000
456.000000 382.720000 382.720000
457.000000 482.240000 482.240000
458.000000 386.240000 386.240000
459.000000 595.200000 595.200000
460.000000 620.800000 620.800000
461.000000 414.080000 414.080000
462.000000 289.920000 289.920000
463.000000 542.080000 542.080000
464.000000 428.160000 428.160000
465.000000 597.440000 597.440000
466.000000 638.080000 638.080000
467.000000 441.280000 441.280000
468.000000 327.360000 327.360000
469.000000 562.560000 562.560000
470.000000 296.640000 296.640000
471.000000 389.440000 389.440000
472.000000 564.800000 564.800000
473.000000 476.160000 476.160000
474.000000 550.720000 550.720000
475.000000 505.920000 505.920000
476.000000 336.640000 336.640000
477.000000 561.280000 561.280000
478.000000 566.720000 566.720000
479.000000 504.640000 504.640000
480.000000 480.320000 480.320000
481.000000 322.560000 322.560000
482.000000 188.800000 188.800000
483.000000 510.080000 510.080000
484.000000 679.360000 679.360000
485.000000 325.440000 325.440000
486.000000 767.360000 767.360000
487.000000 476.480000 476.480000
488.000000 368.320000 368.320000
489.000000 385.920000 385.920000
490.000000 465.280000 465.280000
491.000000 256.000000 256.000000
492.000000 381.440000 381.440000
493.000000 450.880000 450.880000
494.000000 522.560000 522.560000
495.000000 413.120000 413.120000
496.000000 517.120000 517.120000
497.000000 392.960000 392.960000
498.000000 423.680000 423.680000
499.000000 525.440000 525.440000
500.000000 255.040000 255.040000
501.000000 325.440000 325.440000
502.000000 510.080000 510.080000
503.000000 345.600000 345.600000
504.000000 381.760000 381.760000
505.000000 396.480000 396.480000
506.000000 287.680000 287.680000
507.000000 509.760000 509.760000
508.000000 593.280000 593.280000
509.000000 349.760000 349.760000
510.000000 461.440000 461.440000
511.000000 569.600000 569.600000
512.000000 509.760000 509.760000
513.000000 428.160000 428.160000
514.000000 603.520000 603.520000
515.000000 319.360000 319.360000
516.000000 402.880000 402.880000
517.000000 507.840000 507.840000
518.000000 290.880000 290.880000
519.000000 279.360000 279.360000
520.000000 322.560000 322.560000
521.000000 174.400000 174.400000
522.000000 132.800000 132.800000
523.000000 249.600000 249.600000
524.000000 249.600000 249.600000
525.000000 170.560000 170.560000
526.000000 216.640000 216.640000
527.000000 286.400000 286.400000
528.000000 229.440000 229.440000
529.000000 567.680000 567.680000
530.000000 618.240000 618.240000
531.000000 281.600000 281.600000
532.000000 679.360000 679.360000
533.000000 672.640000 672.640000
534.000000 455.040000 455.040000
535.000000 382.400000 382.400000
536.000000 373.760000 373.760000
537.000000 487.680000 487.680000
538.000000 414.080000 414.080000
539.000000 538.560000 538.560000
540.000000 243.520000 243.520000
541.000000 514.880000 514.880000
542.000000 578.560000 578.560000
543.000000 276.480000 276.480000
544.000000 736.320000 736.320000
545.000000 475.840000 475.840000
546.000000 282.880000 282.880000
547.000000 404.160000 404.160000
548.000000 576.640000 576.640000
549.000000 372.160000 372.160000
550.000000 603.840000 603.840000
551.000000 474.560000 474.560000
552.000000 300.800000 300.800000
553.000000 514.880000 514.880000
554.000000 398.080000 398.080000
555.000000 276.800000 276.800000
556.000000 671.680000 671.680000
557.000000 467.200000 467.200000
558.000000 480.320000 480.320000
559.000000 540.160000 540.160000
560.000000 374.400000 374.400000
561.000000 297.280000 297.280000
562.000000 572.800000 572.800000
563.000000 619.200000 619.200000
564.000000 292.480000 292.480000
565.000000 452.800000 452.800000
566.000000 399.680000 399.680000
567.000000 200.960000 200.960000
568.000000 782.080000 782.080000
569.000000 803.520000 803.520000
570.000000 456.960000 456.960000
571.000000 562.240000 562.240000
572.000000 331.200000 331.200000
573.000000 308.800000 308.800000
574.000000 514.240000 514.240000
575.000000 363.520000 363.520000
576.000000 480.000000 480.000000
577.000000 523.520000 523.520000
578.000000 526.720000 526.720000
579.000000 350.400000 350.400000
580.000000 517.440000 517.440000
581.000000 317.120000 317.120000
582.000000 431.360000 431.360000
583.000000 612.160000 612.160000
584.000000 384.000000 384.000000
585.000000 517.760000 517.760000
586.000000 618.560000 618.560000
587.000000 384.320000 384.320000
588.000000 568.320000 568.320000
589.000000 568.000000 568.000000
590.000000 307.840000 307.840000
591.000000 528.320000 528.320000
592.000000 416.000000 416.000000
593.000000 270.400000 270.400000
594.000000 534.400000 534.400000
595.000000 343.680000 343.680000
596.000000 372.480000 372.480000
597.000000 572.480000 572.480000
598.000000 421.440000 421.440000
599.000000 368.640000 368.640000
