0	3.043	6.530	-3.487	9.573
1	3.543	6.419	-2.876	9.962
2	4.318	6.170	-1.852	10.488
3	4.864	5.874	-1.010	10.738
4	5.169	5.875	-706	11.044
5	5.841	5.849	-8	11.690
6	6.653	5.833	820	12.486
7	7.051	5.622	1.429	12.673
8	7.817	5.407	2.410	13.224
9	8.313	5.230	3.083	13.543
10	9.025	5.014	4.011	14.039
11	10.097	5.106	4.991	15.203
12	11.313	4.889	6.424	16.202
13	11.916	4.702	7.214	16.618
14	13.067	4.436	8.631	17.503
15	13.542	4.235	9.307	17.777
16	13.796	4.161	9.635	17.957
17	13.993	3.859	10.134	17.852
18	13.779	3.765	10.014	17.544
19	13.837	3.730	10.107	17.567
20	14.389	3.554	10.835	17.943
21	14.161	3.639	10.522	17.800
22	14.137	3.749	10.388	17.886
23	13.970	3.822	10.148	17.792
24	14.008	4.255	9.753	18.263
25	14.205	4.344	9.861	18.549
26	14.359	4.304	10.055	18.663
27	14.807	3.983	10.824	18.790
28	15.199	3.795	11.404	18.994
29	15.645	3.613	12.032	19.258
30	15.695	3.629	12.066	19.324
31	16.155	3.476	12.679	19.631
32	16.134	3.514	12.620	19.648
33	16.603	3.302	13.301	19.905
34	16.648	3.429	13.219	20.077
35	16.692	3.401	13.291	20.093
36	17.048	3.259	13.789	20.307
37	17.427	3.204	14.223	20.631
38	17.696	3.063	14.633	20.759
39	17.962	3.210	14.752	21.172
40	17.720	3.194	14.526	20.914
41	17.789	3.078	14.711	20.867
42	17.849	2.976	14.873	20.825
43	17.595	3.065	14.530	20.660
44	17.474	3.270	14.204	20.744
45	17.697	3.285	14.412	20.982
46	17.495	3.514	13.981	21.009
47	17.333	3.574	13.759	20.907
48	17.148	3.545	13.603	20.693
49	17.057	3.608	13.449	20.665
50	16.895	3.641	13.254	20.536
51	16.806	3.832	12.974	20.638
52	16.593	3.931	12.662	20.524
53	16.505	3.890	12.615	20.395
54	16.305	4.106	12.199	20.411
55	16.015	4.114	11.901	20.129
56	15.906	4.218	11.688	20.124
57	16.195	4.409	11.786	20.604
58	16.335	4.456	11.879	20.791
59	16.013	4.558	11.455	20.571
60	15.804	4.547	11.257	20.351
61	16.165	4.762	11.403	20.927
62	16.164	4.784	11.380	20.948
63	16.353	4.811	11.542	21.164
64	16.118	4.777	11.341	20.895
65	15.972	4.650	11.322	20.622
66	15.642	4.537	11.105	20.179
67	15.633	4.407	11.226	20.040
68	15.497	4.565	10.932	20.062
69	15.237	4.636	10.601	19.873
70	15.216	4.855	10.361	20.071
71	15.261	4.833	10.428	20.094
72	15.264	4.895	10.369	20.159
73	15.190	4.887	10.303	20.077
74	15.259	4.828	10.431	20.087
75	15.254	4.712	10.542	19.966
76	15.357	4.641	10.716	19.998
77	15.570	4.664	10.906	20.234
78	15.740	4.605	11.135	20.345
79	15.711	4.778	10.933	20.489
80	15.779	4.689	11.090	20.468
81	15.815	4.851	10.964	20.666
82	15.866	4.852	11.014	20.718
83	15.876	5.069	10.807	20.945
84	16.047	4.982	11.065	21.029
85	15.982	5.106	10.876	21.088
86	15.800	5.158	10.642	20.958
87	15.974	4.804	11.170	20.778
88	16.030	4.849	11.181	20.879
89	16.236	4.997	11.239	21.233
90	16.205	5.199	11.006	21.404
91	16.020	5.279	10.741	21.299
92	15.817	5.354	10.463	21.171
93	15.706	5.324	10.382	21.030
94	15.616	5.108	10.508	20.724
95	15.650	5.001	10.649	20.651
96	15.493	4.947	10.546	20.440
97	15.534	5.001	10.533	20.535
98	15.093	5.042	10.051	20.135
99	15.025	4.870	10.155	19.895
100	14.915	4.750	10.165	19.665
101	14.914	4.699	10.215	19.613
102	14.763	4.694	10.069	19.457
103	14.939	4.942	9.997	19.881
104	14.932	5.073	9.859	20.005
105	14.919	5.086	9.833	20.005
106	15.268	5.233	10.035	20.501
107	15.333	5.285	10.048	20.618
108	15.576	5.227	10.349	20.803
109	15.766	5.336	10.430	21.102
110	15.846	5.393	10.453	21.239
111	15.523	5.358	10.165	20.881
112	15.344	5.335	10.009	20.679
113	15.468	5.456	10.012	20.924
114	15.987	5.526	10.461	21.513
115	16.318	5.455	10.863	21.773
116	16.815	5.123	11.692	21.938
117	16.864	4.990	11.874	21.854
118	16.896	4.815	12.081	21.711
119	17.458	4.650	12.808	22.108
120	17.563	4.751	12.812	22.314
121	18.174	5.052	13.122	23.226
122	18.134	4.997	13.137	23.131
123	18.246	4.801	13.445	23.047
124	18.270	4.686	13.584	22.956
125	18.187	4.645	13.542	22.832
126	18.068	4.652	13.416	22.720
127	18.167	4.870	13.297	23.037
128	18.279	4.799	13.480	23.078
129	18.302	5.030	13.272	23.332
130	18.325	5.045	13.280	23.370
131	18.411	5.039	13.372	23.450
132	18.455	4.921	13.534	23.376
133	18.276	5.020	13.256	23.296
134	18.127	5.052	13.075	23.179
135	18.162	5.127	13.035	23.289
136	17.943	5.115	12.828	23.058
137	18.233	5.413	12.820	23.646
138	18.121	5.384	12.737	23.505
139	18.209	5.181	13.028	23.390
140	18.212	5.357	12.855	23.569
141	18.236	5.215	13.021	23.451
142	18.143	5.275	12.868	23.418
143	18.456	5.272	13.184	23.728
144	18.469	5.235	13.234	23.704
145	18.373	5.230	13.143	23.603
146	18.465	5.305	13.160	23.770
147	18.553	5.474	13.079	24.027
148	18.482	5.604	12.878	24.086
149	18.270	5.623	12.647	23.893
150	18.802	5.471	13.331	24.273
151	18.939	5.386	13.553	24.325
152	19.017	5.487	13.530	24.504
153	18.979	5.524	13.455	24.503
154	18.906	5.576	13.330	24.482
155	19.064	5.657	13.407	24.721
156	19.039	5.717	13.322	24.756
157	18.894	5.732	13.162	24.626
158	19.498	5.227	14.271	24.725
159	19.605	5.150	14.455	24.755
160	19.540	5.038	14.502	24.578
161	19.562	4.813	14.749	24.375
162	19.545	4.683	14.862	24.228
163	19.557	4.517	15.040	24.074
164	19.489	4.491	14.998	23.980
165	19.278	4.453	14.825	23.731
166	19.137	4.705	14.432	23.842
167	19.622	4.862	14.760	24.484
168	19.691	4.954	14.737	24.645
169	19.751	5.155	14.596	24.906
170	20.135	5.209	14.926	25.344
171	20.297	5.302	14.995	25.599
172	20.555	5.031	15.524	25.586
173	20.877	5.292	15.585	26.169
174	20.772	5.291	15.481	26.063
175	20.794	5.305	15.489	26.099
176	20.721	5.268	15.453	25.989
177	20.870	5.242	15.628	26.112
178	20.867	5.074	15.793	25.941
179	21.174	5.182	15.992	26.356
180	21.255	5.283	15.972	26.538
181	21.300	5.261	16.039	26.561
182	21.363	5.287	16.076	26.650
183	21.692	5.235	16.457	26.927
184	21.760	5.396	16.364	27.156
185	21.648	5.460	16.188	27.108
186	21.727	5.681	16.046	27.408
187	21.608	5.646	15.962	27.254
188	21.479	5.682	15.797	27.161
189	21.330	5.718	15.612	27.048
190	21.322	5.918	15.404	27.240
191	21.240	5.984	15.256	27.224
192	21.463	5.866	15.597	27.329
193	21.332	6.019	15.313	27.351
194	21.618	6.259	15.359	27.877
195	21.637	6.261	15.376	27.898
196	21.523	6.291	15.232	27.814
197	21.521	6.246	15.275	27.767
198	21.276	6.262	15.014	27.538
199	21.044	6.113	14.931	27.157
200	20.974	5.949	15.025	26.923
201	20.936	5.759	15.177	26.695
202	21.087	5.495	15.592	26.582
203	21.411	5.510	15.901	26.921
204	21.139	5.663	15.476	26.802
205	21.131	5.756	15.375	26.887
206	21.277	5.916	15.361	27.193
207	21.140	6.007	15.133	27.147
208	21.280	6.126	15.154	27.406
209	21.274	6.384	14.890	27.658
210	21.287	6.451	14.836	27.738
211	21.428	6.567	14.861	27.995
212	21.321	6.630	14.691	27.951
213	21.567	6.456	15.111	28.023
214	21.816	6.562	15.254	28.378
215	21.826	6.593	15.233	28.419
216	22.083	6.781	15.302	28.864
217	21.908	6.788	15.120	28.696
218	21.962	6.567	15.395	28.529
219	22.103	6.537	15.566	28.640
220	22.505	6.538	15.967	29.043
221	22.666	6.195	16.471	28.861
222	22.726	6.295	16.431	29.021
223	22.815	6.195	16.620	29.010
224	22.876	6.304	16.572	29.180
225	23.064	6.192	16.872	29.256
226	23.186	5.947	17.239	29.133
227	23.106	5.889	17.217	28.995
228	23.294	5.909	17.385	29.203
229	23.052	5.997	17.055	29.049
230	22.993	5.790	17.203	28.783
231	22.894	5.752	17.142	28.646
232	22.913	5.788	17.125	28.701
233	23.363	5.551	17.812	28.914
234	23.135	5.454	17.681	28.589
235	22.881	5.360	17.521	28.241
236	22.869	5.425	17.444	28.294
237	22.790	5.226	17.564	28.016
238	22.352	5.303	17.049	27.655
239	22.238	5.440	16.798	27.678
240	22.780	5.246	17.534	28.026
241	22.826	5.225	17.601	28.051
242	22.661	5.181	17.480	27.842
243	22.655	5.095	17.560	27.750
244	22.907	4.668	18.239	27.575
245	22.803	4.526	18.277	27.329
246	22.925	4.386	18.539	27.311
247	23.327	4.478	18.849	27.805
248	23.477	4.221	19.256	27.698
249	23.558	4.364	19.194	27.922
250	23.909	4.620	19.289	28.529
251	24.225	4.893	19.332	29.118
252	24.028	5.010	19.018	29.038
253	23.836	5.021	18.815	28.857
254	23.708	5.032	18.676	28.740
255	23.654	5.273	18.381	28.927
256	23.672	5.397	18.275	29.069
257	23.395	5.419	17.976	28.814
258	23.220	5.504	17.716	28.724
259	23.277	5.252	18.025	28.529
260	23.229	5.257	17.972	28.486
261	22.837	5.191	17.646	28.028
262	22.575	5.209	17.366	27.784
263	22.492	5.415	17.077	27.907
264	22.462	5.351	17.111	27.813
265	22.378	5.331	17.047	27.709
266	22.627	5.372	17.255	27.999
267	22.895	5.191	17.704	28.086
268	23.192	5.312	17.880	28.504
269	23.359	5.417	17.942	28.776
270	23.504	5.611	17.893	29.115
271	23.671	5.700	17.971	29.371
272	23.612	5.654	17.958	29.266
273	23.705	5.402	18.303	29.107
274	24.021	5.413	18.608	29.434
275	23.964	5.348	18.616	29.312
276	24.022	5.266	18.756	29.288
277	23.947	5.153	18.794	29.100
278	23.902	5.198	18.704	29.100
279	23.756	5.218	18.538	28.974
280	23.542	5.412	18.130	28.954
281	23.525	5.254	18.271	28.779
282	23.550	5.512	18.038	29.062
283	23.479	5.533	17.946	29.012
284	23.261	5.585	17.676	28.846
285	22.964	5.655	17.309	28.619
286	22.736	5.680	17.056	28.416
287	22.781	5.725	17.056	28.506
288	22.794	5.855	16.939	28.649
289	22.780	5.800	16.980	28.580
290	22.600	5.903	16.697	28.503
291	22.994	5.992	17.002	28.986
292	23.161	6.118	17.043	29.279
293	23.403	6.042	17.361	29.445
294	23.803	6.085	17.718	29.888
295	23.642	6.074	17.568	29.716
296	23.893	6.010	17.883	29.903
297	23.732	6.002	17.730	29.734
298	23.866	6.129	17.737	29.995
299	23.811	6.094	17.717	29.905
300	23.946	6.174	17.772	30.120
301	23.806	6.088	17.718	29.894
302	23.720	5.912	17.808	29.632
303	23.521	5.727	17.794	29.248
304	23.732	5.704	18.028	29.436
305	24.200	5.246	18.954	29.446
306	24.197	5.144	19.053	29.341
307	23.929	4.996	18.933	28.925
308	23.862	4.955	18.907	28.817
309	23.963	4.923	19.040	28.886
310	24.044	4.806	19.238	28.850
311	23.822	4.711	19.111	28.533
312	23.678	4.617	19.061	28.295
313	23.478	4.543	18.935	28.021
314	23.449	4.671	18.778	28.120
315	23.840	4.329	19.511	28.169
316	24.226	4.280	19.946	28.506
317	24.204	4.089	20.115	28.293
318	24.275	4.054	20.221	28.329
319	24.143	4.256	19.887	28.399
320	24.512	4.584	19.928	29.096
321	24.532	4.817	19.715	29.349
322	24.556	4.743	19.813	29.299
323	24.228	4.850	19.378	29.078
324	23.909	4.778	19.131	28.687
325	24.030	4.395	19.635	28.425
326	23.819	4.337	19.482	28.156
327	24.053	4.418	19.635	28.471
328	23.871	4.548	19.323	28.419
329	24.395	4.703	19.692	29.098
330	24.199	4.701	19.498	28.900
331	24.840	4.914	19.926	29.754
332	24.751	4.869	19.882	29.620
333	24.436	4.928	19.508	29.364
334	24.267	4.674	19.593	28.941
335	24.360	4.654	19.706	29.014
336	24.469	4.483	19.986	28.952
337	24.651	4.486	20.165	29.137
338	25.066	4.524	20.542	29.590
339	25.233	4.847	20.386	30.080
340	25.199	4.896	20.303	30.095
341	25.130	4.951	20.179	30.081
342	24.971	4.988	19.983	29.959
343	24.956	5.055	19.901	30.011
344	24.687	5.009	19.678	29.696
345	24.418	5.036	19.382	29.454
346	24.710	5.110	19.600	29.820
347	24.518	5.226	19.292	29.744
348	24.473	5.255	19.218	29.728
349	24.824	5.434	19.390	30.258
350	24.972	5.048	19.924	30.020
351	24.861	4.994	19.867	29.855
352	24.700	4.961	19.739	29.661
353	24.674	4.879	19.795	29.553
354	24.841	4.657	20.184	29.498
355	25.097	4.720	20.377	29.817
356	25.402	4.595	20.807	29.997
357	25.800	4.271	21.529	30.071
358	25.797	4.343	21.454	30.140
359	25.629	4.342	21.287	29.971
360	25.450	4.373	21.077	29.823
361	25.426	4.387	21.039	29.813
362	25.712	4.279	21.433	29.991
363	25.594	4.325	21.269	29.919
364	25.515	4.322	21.193	29.837
365	25.572	4.482	21.090	30.054
366	25.598	4.446	21.152	30.044
367	25.924	4.659	21.265	30.583
368	26.098	4.708	21.390	30.806
369	26.185	4.640	21.545	30.825
370	26.423	4.970	21.453	31.393
371	26.397	5.040	21.357	31.437
372	26.511	5.249	21.262	31.760
373	26.689	5.411	21.278	32.100
374	26.548	5.435	21.113	31.983
375	26.315	5.428	20.887	31.743
376	25.885	5.536	20.349	31.421
377	25.838	5.677	20.161	31.515
378	25.902	5.379	20.523	31.281
379	25.944	5.267	20.677	31.211
380	25.893	5.314	20.579	31.207
381	25.553	5.261	20.292	30.814
382	25.473	5.205	20.268	30.678
383	25.593	4.908	20.685	30.501
384	25.724	4.949	20.775	30.673
385	25.591	4.900	20.691	30.491
386	25.459	4.843	20.616	30.302
387	25.217	4.773	20.444	29.990
388	25.506	4.585	20.921	30.091
389	25.301	4.626	20.675	29.927
390	25.628	4.650	20.978	30.278
391	25.798	4.843	20.955	30.641
392	25.622	4.839	20.783	30.461
393	25.587	4.509	21.078	30.096
394	25.442	4.386	21.056	29.828
395	25.251	4.299	20.952	29.550
396	24.844	4.280	20.564	29.124
397	24.607	4.335	20.272	28.942
398	24.545	4.454	20.091	28.999
399	24.365	4.430	19.935	28.795
400	24.214	4.386	19.828	28.600
401	24.215	4.065	20.150	28.280
402	24.053	4.097	19.956	28.150
403	24.025	4.194	19.831	28.219
404	24.066	4.219	19.847	28.285
405	24.074	4.291	19.783	28.365
406	24.148	4.554	19.594	28.702
407	24.274	4.672	19.602	28.946
408	24.210	4.683	19.527	28.893
409	24.225	4.582	19.643	28.807
410	24.446	4.694	19.752	29.140
411	24.232	4.685	19.547	28.917
412	23.989	4.500	19.489	28.489
413	24.092	4.455	19.637	28.547
414	24.230	4.313	19.917	28.543
415	24.290	4.356	19.934	28.646
416	24.398	4.384	20.014	28.782
417	24.379	4.296	20.083	28.675
418	24.191	4.326	19.865	28.517
419	24.118	4.400	19.718	28.518
420	23.807	4.470	19.337	28.277
421	23.609	4.515	19.094	28.124
422	23.805	4.516	19.289	28.321
423	23.686	4.526	19.160	28.212
424	23.942	4.533	19.409	28.475
425	24.046	4.540	19.506	28.586
426	24.238	4.633	19.605	28.871
427	24.322	4.783	19.539	29.105
428	24.408	4.824	19.584	29.232
429	24.854	4.676	20.178	29.530
430	24.764	4.589	20.175	29.353
431	24.665	4.541	20.124	29.206
432	24.183	4.751	19.432	28.934
433	24.449	4.860	19.589	29.309
434	24.477	4.603	19.874	29.080
435	24.292	4.590	19.702	28.882
436	24.328	4.505	19.823	28.833
437	24.227	4.626	19.601	28.853
438	24.199	4.701	19.498	28.900
439	23.944	5.041	18.903	28.985
440	24.273	5.333	18.940	29.606
441	24.139	5.429	18.710	29.568
442	24.648	5.631	19.017	30.279
443	24.476	5.772	18.704	30.248
444	24.593	5.725	18.868	30.318
445	24.706	5.570	19.136	30.276
446	24.622	5.528	19.094	30.150
447	24.610	5.482	19.128	30.092
448	24.365	5.433	18.932	29.798
449	24.193	5.449	18.744	29.642
450	24.637	5.372	19.265	30.009
451	24.617	5.275	19.342	29.892
452	24.637	4.996	19.641	29.633
453	24.508	4.974	19.534	29.482
454	24.268	5.278	18.990	29.546
455	24.371	5.143	19.228	29.514
456	24.401	5.338	19.063	29.739
457	24.497	5.450	19.047	29.947
458	24.590	5.561	19.029	30.151
459	24.315	5.513	18.802	29.828
460	24.138	5.454	18.684	29.592
461	24.310	5.318	18.992	29.628
462	24.074	5.253	18.821	29.327
463	24.033	5.064	18.969	29.097
464	23.798	4.988	18.810	28.786
465	23.765	4.744	19.021	28.509
466	23.770	4.637	19.133	28.407
467	23.779	4.568	19.211	28.347
468	23.662	4.565	19.097	28.227
469	23.715	4.726	18.989	28.441
470	23.724	4.943	18.781	28.667
471	23.590	4.983	18.607	28.573
472	23.694	4.866	18.828	28.560
473	23.598	4.814	18.784	28.412
474	23.666	4.897	18.769	28.563
475	24.190	4.498	19.692	28.688
476	24.106	4.436	19.670	28.542
477	23.993	4.445	19.548	28.438
478	23.981	4.420	19.561	28.401
479	23.962	4.453	19.509	28.415
480	24.012	4.416	19.596	28.428
481	24.041	4.525	19.516	28.566
482	23.701	4.762	18.939	28.463
483	23.519	4.909	18.610	28.428
484	23.394	4.810	18.584	28.204
485	23.382	4.817	18.565	28.199
486	23.394	4.602	18.792	27.996
487	23.262	4.576	18.686	27.838
488	23.184	4.895	18.289	28.079
489	23.155	4.888	18.267	28.043
490	23.483	4.890	18.593	28.373
491	23.285	4.958	18.327	28.243
492	23.259	5.044	18.215	28.303
493	23.152	5.076	18.076	28.228
494	23.134	5.056	18.078	28.190
495	23.274	4.875	18.399	28.149
496	23.251	4.846	18.405	28.097
497	23.201	4.776	18.425	27.977
498	23.501	4.938	18.563	28.439
499	23.542	4.647	18.895	28.189
500	23.450	4.549	18.901	27.999
501	23.461	4.513	18.948	27.974
502	23.727	4.545	19.182	28.272
503	23.973	4.625	19.348	28.598
504	24.021	4.712	19.309	28.733
505	23.923	4.862	19.061	28.785
506	23.873	4.887	18.986	28.760
507	23.858	4.881	18.977	28.739
508	23.883	4.928	18.955	28.811
509	23.882	4.920	18.962	28.802
510	23.725	4.929	18.796	28.654
511	23.702	4.937	18.765	28.639
512	23.571	4.967	18.604	28.538
513	23.564	5.137	18.427	28.701
514	23.343	5.132	18.211	28.475
515	23.293	5.154	18.139	28.447
516	23.522	5.237	18.285	28.759
517	23.502	5.152	18.350	28.654
518	23.552	5.086	18.466	28.638
519	23.352	5.085	18.267	28.437
520	23.310	5.217	18.093	28.527
521	23.499	5.033	18.466	28.532
522	23.456	5.258	18.198	28.714
523	23.220	5.220	18.000	28.440
524	22.934	5.175	17.759	28.109
525	22.715	5.176	17.539	27.891
526	22.522	5.164	17.358	27.686
527	22.142	5.175	16.967	27.317
528	21.859	5.176	16.683	27.035
529	21.837	4.859	16.978	26.696
530	21.700	4.829	16.871	26.529
531	21.574	4.821	16.753	26.395
532	21.814	4.506	17.308	26.320
533	21.808	4.498	17.310	26.306
534	21.868	4.366	17.502	26.234
535	22.004	4.431	17.573	26.435
536	22.065	4.423	17.642	26.488
537	22.281	4.161	18.120	26.442
538	22.457	4.084	18.373	26.541
539	22.640	4.115	18.525	26.755
540	22.977	3.551	19.426	26.528
541	23.393	3.439	19.954	26.832
542	23.414	3.426	19.988	26.840
543	23.501	3.550	19.951	27.051
544	23.488	3.792	19.696	27.280
545	23.635	3.884	19.751	27.519
546	23.775	4.115	19.660	27.890
547	23.525	4.288	19.237	27.813
548	23.776	4.152	19.624	27.928
549	24.098	4.189	19.909	28.287
550	24.192	4.236	19.956	28.428
551	24.300	4.213	20.087	28.513
552	24.441	4.283	20.158	28.724
553	25.225	4.637	20.588	29.862
554	25.078	4.558	20.520	29.636
555	25.154	4.440	20.714	29.594
556	25.817	4.904	20.913	30.721
557	25.762	5.025	20.737	30.787
558	25.622	5.002	20.620	30.624
559	25.757	4.980	20.777	30.737
560	25.674	4.976	20.698	30.650
561	25.550	4.755	20.795	30.305
562	25.252	4.704	20.548	29.956
563	24.886	4.688	20.198	29.574
564	24.675	4.800	19.875	29.475
565	24.479	4.783	19.696	29.262
566	24.260	4.879	19.381	29.139
567	24.259	4.966	19.293	29.225
568	24.129	4.985	19.144	29.114
569	24.062	4.886	19.176	28.948
570	24.054	4.821	19.233	28.875
571	23.934	4.748	19.186	28.682
572	23.941	4.774	19.167	28.715
573	24.060	5.012	19.048	29.072
574	23.882	5.230	18.652	29.112
575	23.812	5.164	18.648	28.976
576	23.975	5.175	18.800	29.150
577	23.994	5.167	18.827	29.161
578	24.290	5.251	19.039	29.541
579	24.235	5.322	18.913	29.557
580	24.267	5.406	18.861	29.673
581	24.727	5.735	18.992	30.462
582	24.908	5.941	18.967	30.849
583	24.874	5.968	18.906	30.842
584	24.979	6.137	18.842	31.116
585	25.165	6.362	18.803	31.527
586	25.207	6.326	18.881	31.533
587	25.256	6.426	18.830	31.682
588	25.015	6.460	18.555	31.475
589	24.857	6.422	18.435	31.279
590	24.836	6.546	18.290	31.382
591	24.801	6.594	18.207	31.395
592	24.861	6.575	18.286	31.436
593	24.784	6.641	18.143	31.425
594	24.419	6.657	17.762	31.076
595	24.227	6.609	17.618	30.836
596	23.943	6.671	17.272	30.614
597	23.824	6.638	17.186	30.462
598	23.633	6.599	17.034	30.232
599	23.655	6.711	16.944	30.366
600	23.766	6.739	17.027	30.505
601	24.216	6.561	17.655	30.777
602	24.127	6.491	17.636	30.618
603	23.869	6.448	17.421	30.317
604	23.823	6.380	17.443	30.203
605	23.725	6.034	17.691	29.759
606	23.997	5.670	18.327	29.667
607	23.701	5.766	17.935	29.467
608	24.153	5.517	18.636	29.670
609	24.202	5.378	18.824	29.580
610	24.144	5.413	18.731	29.557
611	24.267	5.373	18.894	29.640
612	24.167	5.044	19.123	29.211
613	24.497	5.016	19.481	29.513
614	24.552	5.105	19.447	29.657
615	24.412	5.171	19.241	29.583
616	24.738	5.220	19.518	29.958
617	24.907	4.990	19.917	29.897
618	24.926	4.989	19.937	29.915
619	24.925	5.080	19.845	30.005
620	24.658	5.063	19.595	29.721
621	24.416	5.117	19.299	29.533
622	24.207	5.194	19.013	29.401
623	23.959	5.209	18.750	29.168
624	23.643	5.223	18.420	28.866
625	23.396	5.175	18.221	28.571
626	23.704	4.964	18.740	28.668
627	23.704	4.978	18.726	28.682
628	23.474	4.970	18.504	28.444
629	23.535	4.589	18.946	28.124
630	23.417	4.648	18.769	28.065
631	23.345	4.744	18.601	28.089
632	23.668	5.027	18.641	28.695
633	23.680	5.301	18.379	28.981
634	24.034	5.193	18.841	29.227
635	24.001	5.207	18.794	29.208
636	24.194	5.255	18.939	29.449
637	24.568	4.933	19.635	29.501
638	24.800	4.991	19.809	29.791
639	24.981	4.945	20.036	29.926
640	24.835	4.994	19.841	29.829
641	24.625	5.087	19.538	29.712
642	24.445	5.280	19.165	29.725
643	24.313	5.151	19.162	29.464
644	24.132	5.186	18.946	29.318
645	24.099	4.882	19.217	28.981
646	23.920	4.667	19.253	28.587
647	23.722	4.685	19.037	28.407
648	23.824	4.671	19.153	28.495
649	23.828	4.628	19.200	28.456
650	23.984	4.695	19.289	28.679
651	24.016	4.540	19.476	28.556
652	23.957	4.412	19.545	28.369
653	23.940	4.341	19.599	28.281
654	23.694	4.293	19.401	27.987
655	23.570	4.296	19.274	27.866
656	23.329	4.269	19.060	27.598
657	23.294	4.354	18.940	27.648
658	23.469	4.005	19.464	27.474
659	23.512	3.883	19.629	27.395
660	23.471	3.869	19.602	27.340
661	23.664	3.367	20.297	27.031
662	23.494	3.248	20.246	26.742
663	23.336	3.235	20.101	26.571
664	23.537	3.178	20.359	26.715
665	23.638	3.242	20.396	26.880
666	23.641	3.339	20.302	26.980
667	23.615	3.481	20.134	27.096
668	23.819	3.780	20.039	27.599
669	23.743	3.832	19.911	27.575
670	23.323	3.924	19.399	27.247
671	23.235	3.960	19.275	27.195
672	23.147	3.966	19.181	27.113
673	23.348	4.072	19.276	27.420
674	23.664	4.304	19.360	27.968
675	23.810	4.390	19.420	28.200
676	24.111	4.623	19.488	28.734
677	24.211	4.446	19.765	28.657
678	24.368	4.236	20.132	28.604
679	24.559	4.368	20.191	28.927
680	24.325	4.424	19.901	28.749
681	24.197	4.373	19.824	28.570
682	24.068	4.322	19.746	28.390
683	24.089	4.008	20.081	28.097
684	23.992	3.829	20.163	27.821
685	24.012	3.872	20.140	27.884
686	24.022	3.734	20.288	27.756
687	24.502	3.698	20.804	28.200
688	24.607	3.522	21.085	28.129
689	24.382	3.461	20.921	27.843
690	24.418	3.573	20.845	27.991
691	24.084	3.642	20.442	27.726
692	23.976	3.782	20.194	27.758
693	23.754	3.924	19.830	27.678
694	24.160	3.807	20.353	27.967
695	24.307	3.873	20.434	28.180
696	24.433	4.104	20.329	28.537
697	24.596	3.978	20.618	28.574
698	24.496	4.135	20.361	28.631
699	24.383	4.166	20.217	28.549
700	24.384	4.199	20.185	28.583
701	24.344	4.329	20.015	28.673
702	24.565	4.601	19.964	29.166
703	24.610	4.750	19.860	29.360
704	24.665	4.815	19.850	29.480
705	24.921	4.829	20.092	29.750
706	24.902	4.838	20.064	29.740
707	24.703	4.784	19.919	29.487
708	24.667	4.570	20.097	29.237
709	24.422	4.484	19.938	28.906
710	24.234	4.324	19.910	28.558
711	24.387	4.226	20.161	28.613
712	24.468	4.328	20.140	28.796
713	24.262	4.227	20.035	28.489
714	24.126	4.270	19.856	28.396
715	24.391	4.513	19.878	28.904
716	24.167	4.597	19.570	28.764
717	24.201	4.476	19.725	28.677
718	24.262	4.286	19.976	28.548
719	24.605	4.352	20.253	28.957
720	24.438	4.405	20.033	28.843
721	24.667	4.466	20.201	29.133
722	24.649	4.390	20.259	29.039
723	24.877	4.468	20.409	29.345
724	24.951	4.478	20.473	29.429
725	24.828	4.466	20.362	29.294
726	24.990	4.674	20.316	29.664
727	24.904	4.760	20.144	29.664
728	24.875	4.897	19.978	29.772
729	25.204	5.174	20.030	30.378
730	25.399	4.886	20.513	30.285
731	25.393	4.892	20.501	30.285
732	25.279	4.854	20.425	30.133
733	25.238	4.861	20.377	30.099
734	24.964	4.968	19.996	29.932
735	24.951	5.018	19.933	29.969
736	24.994	5.265	19.729	30.259
737	25.039	5.263	19.776	30.302
738	25.093	5.097	19.996	30.190
739	25.118	5.015	20.103	30.133
740	25.179	4.756	20.423	29.935
741	25.149	4.603	20.546	29.752
742	25.121	4.525	20.596	29.646
743	25.326	4.314	21.012	29.640
744	25.148	4.306	20.842	29.454
745	25.106	4.384	20.722	29.490
746	25.210	4.389	20.821	29.599
747	25.117	4.413	20.704	29.530
748	25.296	4.496	20.800	29.792
749	25.267	4.526	20.741	29.793
750	25.184	4.512	20.672	29.696
751	25.068	4.501	20.567	29.569
752	24.864	4.480	20.384	29.344
753	24.550	4.473	20.077	29.023
754	24.366	4.556	19.810	28.922
755	23.876	4.666	19.210	28.542
756	24.141	4.611	19.530	28.752
757	24.086	4.653	19.433	28.739
758	24.219	4.772	19.447	28.991
759	24.206	4.787	19.419	28.993
760	24.127	4.806	19.321	28.933
761	23.852	4.722	19.130	28.574
762	23.885	4.502	19.383	28.387
763	23.808	4.568	19.240	28.376
764	23.629	4.574	19.055	28.203
765	23.609	4.728	18.881	28.337
766	23.375	4.750	18.625	28.125
767	23.219	4.960	18.259	28.179
768	23.376	4.747	18.629	28.123
769	23.162	4.726	18.436	27.888
770	23.087	4.730	18.357	27.817
771	23.351	4.856	18.495	28.207
772	23.470	4.926	18.544	28.396
773	23.780	5.153	18.627	28.933
774	23.679	5.109	18.570	28.788
775	23.626	5.134	18.492	28.760
776	23.846	5.155	18.691	29.001
777	23.973	5.263	18.710	29.236
778	24.155	5.044	19.111	29.199
779	24.120	5.119	19.001	29.239
780	24.044	5.071	18.973	29.115
781	24.172	5.071	19.101	29.243
782	24.307	5.171	19.136	29.478
783	24.294	4.859	19.435	29.153
784	24.681	4.820	19.861	29.501
785	24.679	4.821	19.858	29.500
786	24.959	4.748	20.211	29.707
787	25.247	4.741	20.506	29.988
788	25.025	4.651	20.374	29.676
789	24.912	4.629	20.283	29.541
790	24.969	4.445	20.524	29.414
791	24.753	4.381	20.372	29.134
792	24.632	4.773	19.859	29.405
793	24.624	4.692	19.932	29.316
794	24.677	4.789	19.888	29.466
795	24.641	4.557	20.084	29.198
796	24.566	4.529	20.037	29.095
797	24.544	4.268	20.276	28.812
798	24.242	4.107	20.135	28.349
799	24.321	3.659	20.662	27.980
800	24.350	3.434	20.916	27.784
801	24.421	3.609	20.812	28.030
802	24.354	3.683	20.671	28.037
803	24.438	3.815	20.623	28.253
804	24.311	3.820	20.491	28.131
805	24.251	3.841	20.410	28.092
806	24.009	3.785	20.224	27.794
807	23.755	3.711	20.044	27.466
808	23.640	3.733	19.907	27.373
809	23.575	3.910	19.665	27.485
810	23.760	3.777	19.983	27.537
811	24.114	3.872	20.242	27.986
812	23.954	3.933	20.021	27.887
813	23.924	3.944	19.980	27.868
814	23.794	3.813	19.981	27.607
815	24.052	4.040	20.012	28.092
816	23.927	3.996	19.931	27.923
817	24.089	4.025	20.064	28.114
818	24.431	4.030	20.401	28.461
819	24.654	3.722	20.932	28.376
820	25.271	3.293	21.978	28.564
821	25.327	3.285	22.042	28.612
822	25.232	3.252	21.980	28.484
823	25.368	3.020	22.348	28.388
824	25.139	2.988	22.151	28.127
825	25.025	2.981	22.044	28.006
826	24.822	3.014	21.808	27.836
827	24.581	3.010	21.571	27.591
828	24.266	3.083	21.183	27.349
829	24.253	3.078	21.175	27.331
830	24.533	3.195	21.338	27.728
831	24.892	3.321	21.571	28.213
832	24.878	3.378	21.500	28.256
833	24.835	3.388	21.447	28.223
834	24.541	3.438	21.103	27.979
835	24.339	3.402	20.937	27.741
836	24.236	3.456	20.780	27.692
837	23.996	3.387	20.609	27.383
838	24.268	3.603	20.665	27.871
839	24.722	3.223	21.499	27.945
840	24.943	3.487	21.456	28.430
841	25.148	3.471	21.677	28.619
842	25.073	3.513	21.560	28.586
843	24.925	3.555	21.370	28.480
844	24.859	3.722	21.137	28.581
845	24.669	3.799	20.870	28.468
846	24.816	3.931	20.885	28.747
847	25.157	4.043	21.114	29.200
848	25.340	3.873	21.467	29.213
849	25.243	3.791	21.452	29.034
850	25.595	3.683	21.912	29.278
851	25.437	3.683	21.754	29.120
852	25.202	3.741	21.461	28.943
853	25.222	3.933	21.289	29.155
854	25.121	3.895	21.226	29.016
855	25.143	4.050	21.093	29.193
856	25.154	3.798	21.356	28.952
857	25.354	3.725	21.629	29.079
858	25.326	3.776	21.550	29.102
859	25.304	3.624	21.680	28.928
860	25.159	3.526	21.633	28.685
861	25.320	3.519	21.801	28.839
862	25.594	3.513	22.081	29.107
863	25.622	3.458	22.164	29.080
864	25.772	3.520	22.252	29.292
865	25.821	3.586	22.235	29.407
866	25.609	3.589	22.020	29.198
867	25.975	3.481	22.494	29.456
868	26.086	3.646	22.440	29.732
869	26.286	3.672	22.614	29.958
870	26.342	3.798	22.544	30.140
871	26.681	3.914	22.767	30.595
872	26.636	3.843	22.793	30.479
873	26.879	3.846	23.033	30.725
874	26.981	3.749	23.232	30.730
875	26.782	3.782	23.000	30.564
876	26.623	3.857	22.766	30.480
877	26.558	3.836	22.722	30.394
878	26.517	3.942	22.575	30.459
879	26.491	3.947	22.544	30.438
880	26.591	3.814	22.777	30.405
881	26.785	3.955	22.830	30.740
882	26.769	3.800	22.969	30.569
883	26.569	3.724	22.845	30.293
884	26.665	3.578	23.087	30.243
885	26.695	3.747	22.948	30.442
886	26.975	4.016	22.959	30.991
887	26.799	4.006	22.793	30.805
888	26.790	3.874	22.916	30.664
889	26.705	3.793	22.912	30.498
890	26.609	3.692	22.917	30.301
891	26.449	3.772	22.677	30.221
892	26.287	3.705	22.582	29.992
893	26.037	3.618	22.419	29.655
894	25.969	3.433	22.536	29.402
895	25.649	3.379	22.270	29.028
896	25.658	3.442	22.216	29.100
897	25.517	3.353	22.164	28.870
898	25.520	3.143	22.377	28.663
899	25.693	3.252	22.441	28.945
900	26.066	3.394	22.672	29.460
901	26.276	3.481	22.795	29.757
902	26.325	3.199	23.126	29.524
903	26.184	3.180	23.004	29.364
904	26.035	3.034	23.001	29.069
905	25.809	2.926	22.883	28.735
906	25.875	2.887	22.988	28.762
907	25.710	2.904	22.806	28.614
908	25.724	3.039	22.685	28.763
909	25.614	3.119	22.495	28.733
910	25.813	3.224	22.589	29.037
911	26.064	3.130	22.934	29.194
912	26.343	3.088	23.255	29.431
913	26.241	3.037	23.204	29.278
914	25.923	2.939	22.984	28.862
915	25.854	2.920	22.934	28.774
916	25.865	3.139	22.726	29.004
917	25.670	3.169	22.501	28.839
918	25.756	3.203	22.553	28.959
919	25.769	3.135	22.634	28.904
920	25.979	3.098	22.881	29.077
921	25.783	3.011	22.772	28.794
922	25.843	3.000	22.843	28.843
923	25.928	3.111	22.817	29.039
924	25.930	3.218	22.712	29.148
925	25.878	3.375	22.503	29.253
926	26.007	3.381	22.626	29.388
927	26.329	3.518	22.811	29.847
928	26.210	3.533	22.677	29.743
929	26.395	3.704	22.691	30.099
930	26.377	3.657	22.720	30.034
931	26.307	3.728	22.579	30.035
932	26.157	3.596	22.561	29.753
933	26.294	3.547	22.747	29.841
934	26.589	3.988	22.601	30.577
935	26.563	4.030	22.533	30.593
936	26.729	4.073	22.656	30.802
937	26.513	4.154	22.359	30.667
938	26.395	4.125	22.270	30.520
939	26.382	3.988	22.394	30.370
940	26.409	3.752	22.657	30.161
941	26.413	3.846	22.567	30.259
942	26.303	3.820	22.483	30.123
943	26.204	3.857	22.347	30.061
944	26.326	3.941	22.385	30.267
945	26.565	3.970	22.595	30.535
946	26.654	3.840	22.814	30.494
947	26.463	3.770	22.693	30.233
948	26.627	3.772	22.855	30.399
949	26.542	3.751	22.791	30.293
950	26.598	3.778	22.820	30.376
951	26.512	3.764	22.748	30.276
952	26.984	3.847	23.137	30.831
953	27.091	3.801	23.290	30.892
954	27.106	3.785	23.321	30.891
955	27.050	3.774	23.276	30.824
956	26.702	3.787	22.915	30.489
957	26.424	3.707	22.717	30.131
958	26.426	3.730	22.696	30.156
959	26.563	3.814	22.749	30.377
960	26.769	3.914	22.855	30.683
961	26.976	3.944	23.032	30.920
962	26.902	3.953	22.949	30.855
963	27.103	3.949	23.154	31.052
964	26.862	4.098	22.764	30.960
965	26.678	4.019	22.659	30.697
966	26.598	4.080	22.518	30.678
967	26.454	4.211	22.243	30.665
968	26.598	4.293	22.305	30.891
969	26.563	4.253	22.310	30.816
970	26.805	4.175	22.630	30.980
971	26.898	4.104	22.794	31.002
972	26.901	4.087	22.814	30.988
973	26.846	4.094	22.752	30.940
974	26.796	4.082	22.714	30.878
975	27.092	4.391	22.701	31.483
976	26.999	4.447	22.552	31.446
977	27.104	4.462	22.642	31.566
978	27.085	4.382	22.703	31.467
979	27.043	4.461	22.582	31.504
980	27.089	4.237	22.852	31.326
981	26.844	4.267	22.577	31.111
982	26.960	4.012	22.948	30.972
983	26.820	3.943	22.877	30.763
984	26.634	3.963	22.671	30.597
985	26.916	3.913	23.003	30.829
986	26.745	3.882	22.863	30.627
987	26.668	3.814	22.854	30.482
988	27.127	3.539	23.588	30.666
989	27.289	3.336	23.953	30.625
990	27.589	3.409	24.180	30.998
991	28.010	3.459	24.551	31.469
992	28.148	3.505	24.643	31.653
993	28.142	3.287	24.855	31.429
994	28.248	3.248	25.000	31.496
995	28.190	3.128	25.062	31.318
996	28.423	2.913	25.510	31.336
997	28.771	2.728	26.043	31.499
998	28.623	2.670	25.953	31.293
999	28.652	2.629	26.023	31.281
1000	28.896	2.824	26.072	31.720
1001	28.857	2.846	26.011	31.703
1002	28.805	2.883	25.922	31.688
1003	28.758	2.756	26.002	31.514
1004	28.934	2.954	25.980	31.888
1005	28.783	2.844	25.939	31.627
1006	28.951	2.685	26.266	31.636
1007	28.958	2.928	26.030	31.886
1008	29.040	3.005	26.035	32.045
1009	29.099	3.227	25.872	32.326
1010	29.049	3.251	25.798	32.300
1011	28.991	3.227	25.764	32.218
1012	29.175	3.258	25.917	32.433
1013	29.020	3.208	25.812	32.228
1014	28.925	3.244	25.681	32.169
1015	28.834	3.293	25.541	32.127
1016	28.718	3.399	25.319	32.117
1017	28.948	3.627	25.321	32.575
1018	28.981	3.848	25.133	32.829
1019	28.893	3.878	25.015	32.771
1020	28.659	3.899	24.760	32.558
1021	28.641	3.995	24.646	32.636
1022	28.727	4.072	24.655	32.799
1023	28.535	4.084	24.451	32.619
1024	28.522	4.097	24.425	32.619
1025	28.432	4.073	24.359	32.505
1026	28.294	4.070	24.224	32.364
1027	28.280	4.061	24.219	32.341
1028	27.932	3.982	23.950	31.914
1029	27.657	3.832	23.825	31.489
1030	27.280	3.740	23.540	31.020
1031	27.011	3.688	23.323	30.699
1032	26.950	3.611	23.339	30.561
1033	27.414	3.807	23.607	31.221
1034	27.480	3.763	23.717	31.243
1035	27.644	3.874	23.770	31.518
1036	27.525	3.770	23.755	31.295
1037	27.480	3.660	23.820	31.140
1038	27.303	3.637	23.666	30.940
1039	27.053	3.463	23.590	30.516
1040	27.078	3.221	23.857	30.299
1041	27.078	3.275	23.803	30.353
1042	27.412	3.320	24.092	30.732
1043	27.529	3.439	24.090	30.968
1044	27.496	3.475	24.021	30.971
1045	27.510	3.593	23.917	31.103
1046	27.299	3.413	23.886	30.712
1047	26.994	3.362	23.632	30.356
1048	26.813	3.303	23.510	30.116
1049	26.810	3.149	23.661	29.959
1050	26.773	3.065	23.708	29.838
1051	26.776	3.109	23.667	29.885
1052	26.647	3.120	23.527	29.767
1053	27.018	3.401	23.617	30.419
1054	27.047	3.549	23.498	30.596
1055	26.925	3.599	23.326	30.524
1056	26.938	3.552	23.386	30.490
1057	27.090	3.567	23.523	30.657
1058	27.189	3.608	23.581	30.797
1059	27.363	3.548	23.815	30.911
1060	27.284	3.543	23.741	30.827
1061	27.114	3.503	23.611	30.617
1062	26.911	3.441	23.470	30.352
1063	26.817	3.348	23.469	30.165
1064	26.684	3.353	23.331	30.037
1065	27.028	3.237	23.791	30.265
1066	27.013	3.276	23.737	30.289
1067	26.917	3.229	23.688	30.146
1068	26.702	3.161	23.541	29.863
1069	27.013	3.071	23.942	30.084
1070	26.832	3.078	23.754	29.910
1071	26.991	3.129	23.862	30.120
1072	26.979	3.177	23.802	30.156
1073	26.955	3.178	23.777	30.133
1074	27.027	3.160	23.867	30.187
1075	27.010	3.111	23.899	30.121
1076	26.986	3.029	23.957	30.015
1077	27.204	2.790	24.414	29.994
1078	27.700	2.687	25.013	30.387
1079	27.954	2.524	25.430	30.478
1080	28.201	2.780	25.421	30.981
1081	28.129	2.778	25.351	30.907
1082	27.935	2.920	25.015	30.855
1083	27.785	2.782	25.003	30.567
1084	27.724	2.580	25.144	30.304
1085	27.518	2.501	25.017	30.019
1086	27.678	2.348	25.330	30.026
1087	27.623	2.378	25.245	30.001
1088	27.751	2.586	25.165	30.337
1089	27.516	2.760	24.756	30.276
1090	27.499	2.710	24.789	30.209
1091	27.443	2.734	24.709	30.177
1092	27.539	2.918	24.621	30.457
1093	27.516	3.033	24.483	30.549
1094	27.694	2.983	24.711	30.677
1095	27.723	3.045	24.678	30.768
1096	27.776	2.963	24.813	30.739
1097	27.710	3.089	24.621	30.799
1098	27.890	2.990	24.900	30.880
1099	28.125	3.075	25.050	31.200
1100	28.039	3.187	24.852	31.226
1101	27.903	3.314	24.589	31.217
1102	27.746	3.280	24.466	31.026
1103	27.785	3.395	24.390	31.180
1104	27.530	3.334	24.196	30.864
1105	27.373	3.318	24.055	30.691
1106	27.340	3.345	23.995	30.685
1107	27.204	3.326	23.878	30.530
1108	27.146	3.265	23.881	30.411
1109	27.103	3.259	23.844	30.362
1110	27.262	3.231	24.031	30.493
1111	27.291	3.356	23.935	30.647
1112	27.217	3.335	23.882	30.552
1113	26.880	3.272	23.608	30.152
1114	26.641	3.291	23.350	29.932
1115	26.434	3.392	23.042	29.826
1116	26.415	3.519	22.896	29.934
1117	26.075	3.516	22.559	29.591
1118	25.912	3.512	22.400	29.424
1119	25.946	3.733	22.213	29.679
1120	26.022	3.728	22.294	29.750
1121	26.086	3.818	22.268	29.904
1122	26.430	3.854	22.576	30.284
1123	26.691	3.818	22.873	30.509
1124	26.691	3.820	22.871	30.511
1125	26.554	3.756	22.798	30.310
1126	26.534	3.711	22.823	30.245
1127	26.776	3.655	23.121	30.431
1128	26.684	3.593	23.091	30.277
1129	26.594	3.654	22.940	30.248
1130	26.569	3.463	23.106	30.032
1131	26.735	3.318	23.417	30.053
1132	26.741	3.059	23.682	29.800
1133	26.947	2.696	24.251	29.643
1134	27.314	2.705	24.609	30.019
1135	27.386	2.707	24.679	30.093
1136	27.290	2.725	24.565	30.015
1137	27.523	2.925	24.598	30.448
1138	27.368	3.001	24.367	30.369
1139	27.327	3.041	24.286	30.368
1140	27.706	3.221	24.485	30.927
1141	27.531	3.155	24.376	30.686
1142	27.720	2.909	24.811	30.629
1143	27.576	2.598	24.978	30.174
1144	27.862	2.567	25.295	30.429
1145	28.067	2.533	25.534	30.600
1146	27.964	2.509	25.455	30.473
1147	27.733	2.590	25.143	30.323
1148	27.620	2.755	24.865	30.375
1149	27.451	2.723	24.728	30.174
1150	27.206	2.699	24.507	29.905
1151	27.173	2.631	24.542	29.804
1152	27.276	2.728	24.548	30.004
1153	27.386	2.862	24.524	30.248
1154	27.451	2.914	24.537	30.365
1155	27.262	2.875	24.387	30.137
1156	27.341	2.910	24.431	30.251
1157	27.011	2.866	24.145	29.877
1158	26.912	3.285	23.627	30.197
1159	26.886	3.282	23.604	30.168
1160	27.214	3.364	23.850	30.578
1161	27.232	3.452	23.780	30.684
1162	27.132	3.442	23.690	30.574
1163	27.107	3.187	23.920	30.294
1164	26.913	3.066	23.847	29.979
1165	26.801	2.913	23.888	29.714
1166	26.667	2.843	23.824	29.510
1167	26.699	2.800	23.899	29.499
1168	26.637	2.749	23.888	29.386
1169	26.523	2.715	23.808	29.238
1170	26.646	2.638	24.008	29.284
1171	26.931	2.419	24.512	29.350
1172	26.826	2.368	24.458	29.194
1173	26.716	2.251	24.465	28.967
1174	26.674	2.218	24.456	28.892
1175	27.189	2.104	25.085	29.293
1176	27.459	2.041	25.418	29.500
1177	27.537	2.074	25.463	29.611
1178	27.596	2.166	25.430	29.762
1179	27.439	2.186	25.253	29.625
1180	27.773	2.256	25.517	30.029
1181	27.766	2.137	25.629	29.903
1182	28.041	2.138	25.903	30.179
1183	28.312	2.228	26.084	30.540
1184	28.336	2.196	26.140	30.532
1185	28.396	2.188	26.208	30.584
1186	28.172	2.170	26.002	30.342
1187	27.967	2.277	25.690	30.244
1188	27.993	2.167	25.826	30.160
1189	27.743	2.183	25.560	29.926
1190	27.139	2.239	24.900	29.378
1191	27.209	2.547	24.662	29.756
1192	27.331	2.674	24.657	30.005
1193	27.123	2.753	24.370	29.876
1194	26.974	2.743	24.231	29.717
1195	27.107	2.723	24.384	29.830
1196	27.187	2.823	24.364	30.010
1197	26.986	2.872	24.114	29.858
1198	27.073	2.915	24.158	29.988
1199	26.949	3.116	23.833	30.065
1200	23.709	3.358	20.351	27.067
