0	0.001468
1	0.002513
2	0.003494
3	0.002390
4	0.001492
5	0.001747
6	0.001663
7	0.001589
8	0.002136
9	0.001819
10	0.001734
11	0.002302
12	0.002386
13	0.001690
14	0.002286
15	0.001870
16	0.002130
17	0.002022
18	0.001875
19	0.002394
20	0.002641
21	0.001732
22	0.002366
23	0.002306
24	0.002677
25	0.002039
26	0.001878
27	0.003185
28	0.001991
29	0.001613
30	0.001439
31	0.002270
32	0.001942
33	0.001830
34	0.002016
35	0.002171
36	0.002490
37	0.001891
38	0.001960
39	0.002786
40	0.002558
41	0.003806
42	0.002238
43	0.001820
44	0.002194
45	0.001789
46	0.001652
47	0.002566
48	0.001704
49	0.002947
50	0.003257
51	0.001705
52	0.002513
53	0.002338
54	0.001936
55	0.002184
56	0.002061
57	0.002459
58	0.002322
59	0.002080
60	0.002785
61	0.002418
62	0.002604
63	0.001953
64	0.002741
65	0.002329
66	0.001990
67	0.002272
68	0.002250
69	0.002141
70	0.002099
71	0.002404
72	0.002454
73	0.002392
74	0.002645
75	0.001465
76	0.002190
77	0.002780
78	0.002988
79	0.001394
80	0.001864
81	0.002794
82	0.004040
83	0.001985
84	0.002139
85	0.002947
86	0.002164
87	0.002831
88	0.001884
89	0.002140
90	0.002179
91	0.001807
92	0.002658
93	0.001694
94	0.002239
95	0.002035
96	0.001758
97	0.002173
98	0.002219
99	0.002323
100	0.001821
101	0.002746
102	0.001877
103	0.002589
104	0.002249
105	0.002263
106	0.002491
107	0.002185
108	0.001559
109	0.002244
110	0.002412
111	0.002494
112	0.002240
113	0.002072
114	0.002066
115	0.001894
116	0.002589
117	0.002378
118	0.002353
119	0.002235
120	0.001897
121	0.002474
122	0.002754
123	0.002549
124	0.001589
125	0.002323
126	0.002033
127	0.002030
128	0.001963
129	0.002132
130	0.002988
131	0.002270
132	0.002086
133	0.001812
134	0.002590
135	0.002397
136	0.001909
137	0.001908
138	0.002372
139	0.002368
140	0.001980
141	0.002138
142	0.002451
143	0.001888
144	0.002221
145	0.003424
146	0.002133
147	0.002127
148	0.002323
149	0.002557
150	0.001692
151	0.002001
152	0.002062
153	0.002084
154	0.001940
155	0.002772
156	0.001847
157	0.002241
158	0.001984
159	0.002033
160	0.001878
161	0.001786
162	0.002293
163	0.002320
164	0.002155
165	0.001797
166	0.002633
167	0.002188
168	0.002786
169	0.002933
170	0.001761
171	0.002120
172	0.001903
173	0.004497
174	0.003066
175	0.002015
176	0.001964
177	0.001760
178	0.001857
179	0.015721
180	0.002186
181	0.002486
182	0.002010
183	0.001731
184	0.001644
185	0.002051
186	0.001745
187	0.001853
188	0.002576
189	0.003217
190	0.002355
191	0.001478
192	0.001520
193	0.002733
194	0.002942
195	0.002539
196	0.003912
197	0.001994
198	0.002396
199	0.001741
200	0.002412
201	0.001748
202	0.002238
203	0.001799
204	0.001765
205	0.003993
206	0.002658
207	0.002363
208	0.001736
209	0.002296
210	0.001543
211	0.002155
212	0.001949
213	0.001669
214	0.002436
215	0.001928
216	0.002060
217	0.002228
218	0.002107
219	0.001786
220	0.001927
221	0.002866
222	0.001818
223	0.002375
224	0.002202
225	0.002493
226	0.002144
227	0.002064
228	0.001604
229	0.002126
230	0.002215
231	0.002768
232	0.002320
233	0.001760
234	0.002202
235	0.002185
236	0.002661
237	0.001702
238	0.247674
239	0.002396
240	0.002564
241	0.002199
242	0.002317
243	0.001998
244	0.001932
245	0.002277
246	0.001975
247	0.002916
248	0.001820
249	0.001757
250	0.001847
251	0.001841
252	0.001971
253	0.002151
254	0.001568
255	0.001975
256	0.002511
257	0.002839
258	0.001907
259	0.002754
260	0.002934
261	0.002359
262	0.002413
263	0.001864
264	0.002318
265	0.002133
266	0.002199
267	0.001954
268	0.001984
269	0.001965
270	0.001827
271	0.002515
272	0.002245
273	0.001669
274	0.001606
275	0.002442
276	0.001795
277	0.002330
278	0.002295
279	0.002187
280	0.002204
281	0.002115
282	0.001919
283	0.002661
284	0.001959
285	0.002175
286	0.002138
287	0.002614
288	0.001942
289	0.001800
290	0.002421
291	0.002086
292	0.001808
293	0.001989
294	0.002265
295	0.002188
296	0.001681
297	0.002088
298	0.002164
299	0.002422
300	0.001839
301	0.002461
302	0.001665
303	0.005360
304	0.002496
305	0.002717
306	0.002405
307	0.002446
308	0.002110
309	0.002637
310	0.002588
311	0.002121
312	0.002829
313	0.002170
314	0.002622
315	0.002507
316	0.002028
317	0.002681
318	0.002653
319	0.001722
320	0.002111
321	0.001836
322	0.001850
323	0.002802
324	0.002446
325	0.002044
326	0.002183
327	0.002043
328	0.002567
329	0.002109
330	0.002250
331	0.002512
332	0.003206
333	0.001865
334	0.002344
335	0.001942
336	0.002568
337	0.002361
338	0.002230
339	0.002151
340	0.002386
341	0.002663
342	0.001856
343	0.002948
344	0.002139
345	0.002608
346	0.001984
347	0.002554
348	0.001982
349	0.001912
350	0.001920
351	0.002116
352	0.002195
353	0.002980
354	0.001924
355	0.002277
356	0.001806
357	0.002194
358	0.002385
359	0.002776
360	0.002808
361	0.002187
362	0.002389
363	0.002635
364	0.001731
365	0.002152
366	0.001758
367	0.001934
368	0.001944
369	0.001601
370	0.003121
371	0.002519
372	0.001599
373	0.002099
374	0.002294
375	0.002156
376	0.002917
377	0.002163
378	0.003403
379	0.002761
380	0.002200
381	0.002889
382	0.001761
383	0.002861
384	0.002729
385	0.002128
386	0.002042
387	0.002112
388	0.001974
389	0.002302
390	0.002011
391	0.002178
392	0.002035
393	0.002614
394	0.002858
395	0.002097
396	0.002072
397	0.002721
398	0.002392
399	0.002032
400	0.002084
401	0.001995
402	0.002729
403	0.001858
404	0.002298
405	0.002030
406	0.001836
407	0.002366
408	0.002314
409	0.002951
410	0.001769
411	0.002704
412	0.002002
413	0.002120
414	0.002104
415	0.002338
416	0.001986
417	0.001972
418	0.001974
419	0.002230
420	0.001982
421	0.002351
422	0.001949
423	0.002139
424	0.002133
425	0.002278
426	0.003143
427	0.001963
428	0.002538
429	0.002332
430	0.002414
431	0.002681
432	0.002348
433	0.001797
434	0.002147
435	0.002688
436	0.002163
437	0.002464
438	0.002794
439	0.002372
440	0.002664
441	0.001961
442	0.001890
443	0.002196
444	0.002179
445	0.002091
446	0.001787
447	0.001782
448	0.003080
449	0.001646
450	0.002244
451	0.001946
452	0.002114
453	0.002939
454	0.002347
455	0.002414
456	0.002472
457	0.002448
458	0.002053
459	0.003447
460	0.003155
461	0.002106
462	0.001719
463	0.001901
464	0.001699
465	0.002206
466	0.002161
467	0.001819
468	0.002299
469	0.001690
470	0.002008
471	0.002251
472	0.002550
473	0.002844
474	0.002109
475	0.002659
476	0.001893
477	0.002205
478	0.001454
479	0.002300
480	0.002147
481	0.002327
482	0.002172
483	0.002332
484	0.004917
485	0.002122
486	0.002020
487	0.002129
488	0.001871
489	0.002088
490	0.002266
491	0.001882
492	0.002370
493	0.001759
494	0.002149
495	0.002059
496	0.002133
497	0.002250
498	0.001880
499	0.001750
500	0.001665
501	0.001512
502	0.001415
503	0.001438
504	0.001511
505	0.002088
506	0.001407
507	0.001552
508	0.001850
509	0.001154
510	0.002918
511	0.001604
512	0.001373
513	0.001783
514	0.001386
515	0.001603
516	0.001668
517	0.001751
518	0.001337
519	0.001248
520	0.001665
521	0.001361
522	0.001481
523	0.001304
524	0.001683
525	0.001764
526	0.001516
527	0.001549
528	0.001695
529	0.001831
530	0.001523
531	0.001278
532	0.001492
533	0.001620
534	0.001711
535	0.001291
536	0.001409
537	0.001745
538	0.001351
539	0.001944
540	0.001473
541	0.001445
542	0.001475
543	0.001533
544	0.001504
545	0.002097
546	0.001396
547	0.001527
548	0.001594
549	0.001804
550	0.001381
551	0.001188
552	0.001334
553	0.001327
554	0.001742
555	0.002107
556	0.001649
557	0.001444
558	0.001498
559	0.001541
560	0.001736
561	0.001426
562	0.001800
563	0.001308
564	0.001391
565	0.001621
566	0.001607
567	0.001778
568	0.001507
569	0.001229
570	0.001740
571	0.001424
572	0.001370
573	0.001830
574	0.001423
575	0.001759
576	0.001741
577	0.001467
578	0.001296
579	0.001564
580	0.000982
581	0.001678
582	0.001424
583	0.001671
584	0.001752
585	0.001710
586	0.001171
587	0.001663
588	0.001519
589	0.001768
590	0.001732
591	0.001367
592	0.001315
593	0.001380
594	0.001763
595	0.001711
596	0.001689
597	0.001642
598	0.001810
599	0.001396