0	0.909	2.058	-1.149	2.967
1	4.058	5.286	-1.228	9.344
2	7.733	4.058	3.675	11.791
3	12.295	5.602	6.693	17.897
4	14.706	5.291	9.415	19.997
5	15.651	4.065	11.586	19.716
6	17.385	5.585	11.800	22.970
7	18.662	6.779	11.883	25.441
8	19.636	8.162	11.474	27.798
9	19.476	8.356	11.120	27.832
10	19.534	8.840	10.694	28.374
11	19.653	8.100	11.553	27.753
12	19.639	8.375	11.264	28.014
13	19.102	8.267	10.835	27.369
14	19.072	7.632	11.440	26.704
15	18.700	7.623	11.077	26.323
16	18.520	8.014	10.506	26.534
17	18.250	8.594	9.656	26.844
18	18.542	8.544	9.998	27.086
19	18.305	8.065	10.240	26.370
20	17.388	8.170	9.218	25.558
21	17.281	8.251	9.030	25.532
22	17.806	8.051	9.755	25.857
23	18.136	8.195	9.941	26.331
24	17.823	8.569	9.254	26.392
25	17.383	8.125	9.258	25.508
26	17.231	8.653	8.578	25.884
27	16.796	8.188	8.608	24.984
28	16.759	9.265	7.494	26.024
29	17.395	9.013	8.382	26.408
30	18.168	9.559	8.609	27.727
31	19.244	9.138	10.106	28.382
32	19.051	8.968	10.083	28.019
33	18.267	8.680	9.587	26.947
34	18.317	7.737	10.580	26.054
35	19.026	6.979	12.047	26.005
36	19.790	6.322	13.468	26.112
37	19.365	5.685	13.680	25.050
38	19.015	5.621	13.394	24.636
39	19.375	6.954	12.421	26.329
40	19.274	8.028	11.246	27.302
41	19.389	8.328	11.061	27.717
42	19.092	8.497	10.595	27.589
43	18.834	9.088	9.746	27.922
44	18.939	8.857	10.082	27.796
45	19.319	9.143	10.176	28.462
46	20.302	10.571	9.731	30.873
47	19.403	10.422	8.981	29.825
48	19.100	10.902	8.198	30.002
49	19.006	11.045	7.961	30.051
50	19.283	10.450	8.833	29.733
51	19.755	10.338	9.417	30.093
52	20.159	9.394	10.765	29.553
53	20.786	9.021	11.765	29.807
54	21.600	8.944	12.656	30.544
55	21.627	8.864	12.763	30.491
56	22.030	9.661	12.369	31.691
57	22.284	9.465	12.819	31.749
58	22.198	9.116	13.082	31.314
59	21.303	9.669	11.634	30.972
60	21.161	8.748	12.413	29.909
61	21.889	8.824	13.065	30.713
62	22.220	8.726	13.494	30.946
63	21.707	8.696	13.011	30.403
64	21.057	8.646	12.411	29.703
65	20.971	8.594	12.377	29.565
66	20.586	8.402	12.184	28.988
67	20.263	8.846	11.417	29.109
68	21.669	9.251	12.418	30.920
69	22.347	9.549	12.798	31.896
70	22.452	8.904	13.548	31.356
71	22.547	9.020	13.527	31.567
72	22.029	9.799	12.230	31.828
73	21.998	9.465	12.533	31.463
74	22.233	8.740	13.493	30.973
75	21.997	9.016	12.981	31.013
76	22.207	10.287	11.920	32.494
77	21.967	10.890	11.077	32.857
78	21.515	11.233	10.282	32.748
79	21.119	10.748	10.371	31.867
80	20.584	11.137	9.447	31.721
81	20.503	11.824	8.679	32.327
82	20.662	10.964	9.698	31.626
83	21.529	10.765	10.764	32.294
84	22.069	10.755	11.314	32.824
85	22.360	9.518	12.842	31.878
86	22.795	10.047	12.748	32.842
87	22.514	10.592	11.922	33.106
88	22.719	10.553	12.166	33.272
89	22.930	9.312	13.618	32.242
90	22.781	9.096	13.685	31.877
91	22.351	9.584	12.767	31.935
92	22.359	8.756	13.603	31.115
93	23.118	8.895	14.223	32.013
94	22.289	9.105	13.184	31.394
95	21.771	9.430	12.341	31.201
96	21.788	10.243	11.545	32.031
97	21.489	9.216	12.273	30.705
98	21.607	8.652	12.955	30.259
99	21.732	8.808	12.924	30.540
100	20.990	8.937	12.053	29.927
101	21.080	10.167	10.913	31.247
102	21.701	10.702	10.999	32.403
103	22.443	10.024	12.419	32.467
104	23.807	9.300	14.507	33.107
105	24.619	8.434	16.185	33.053
106	25.311	7.127	18.184	32.438
107	25.162	6.941	18.221	32.103
108	24.561	7.128	17.433	31.689
109	23.714	7.097	16.617	30.811
110	24.206	8.829	15.377	33.035
111	23.470	8.716	14.754	32.186
112	23.584	8.360	15.224	31.944
113	23.317	8.598	14.719	31.915
114	23.148	8.055	15.093	31.203
115	23.063	7.941	15.122	31.004
116	24.304	8.492	15.812	32.796
117	24.248	8.637	15.611	32.885
118	24.056	8.354	15.702	32.410
119	24.367	7.623	16.744	31.990
120	24.660	6.021	18.639	30.681
121	24.644	5.961	18.683	30.605
122	24.282	6.560	17.722	30.842
123	23.963	7.287	16.676	31.250
124	23.910	7.558	16.352	31.468
125	24.706	6.983	17.723	31.689
126	24.794	6.599	18.195	31.393
127	24.169	7.043	17.126	31.212
128	23.522	7.558	15.964	31.080
129	22.982	8.021	14.961	31.003
130	22.914	8.055	14.859	30.969
131	22.760	8.544	14.216	31.304
132	22.552	9.275	13.277	31.827
133	23.141	8.633	14.508	31.774
134	23.629	9.612	14.017	33.241
135	23.980	10.389	13.591	34.369
136	24.303	11.601	12.702	35.904
137	24.381	12.311	12.070	36.692
138	23.844	12.501	11.343	36.345
139	23.717	11.868	11.849	35.585
140	24.844	10.441	14.403	35.285
141	24.453	10.819	13.634	35.272
142	23.938	11.248	12.690	35.186
143	23.676	11.763	11.913	35.439
144	23.015	11.471	11.544	34.486
145	23.764	11.866	11.898	35.630
146	24.910	11.509	13.401	36.419
147	25.080	11.442	13.638	36.522
148	24.226	11.591	12.635	35.817
149	23.911	11.536	12.375	35.447
150	23.920	11.478	12.442	35.398
151	24.134	11.622	12.512	35.756
152	24.292	9.714	14.578	34.006
153	24.057	9.370	14.687	33.427
154	24.665	9.649	15.016	34.314
155	25.306	8.144	17.162	33.450
156	25.447	7.426	18.021	32.873
157	25.114	8.058	17.056	33.172
158	24.749	8.438	16.311	33.187
159	25.541	8.420	17.121	33.961
160	24.971	7.890	17.081	32.861
161	24.910	8.278	16.632	33.188
162	25.148	8.061	17.087	33.209
163	24.645	8.039	16.606	32.684
164	24.695	8.129	16.566	32.824
165	24.560	8.648	15.912	33.208
166	24.498	9.447	15.051	33.945
167	24.805	10.298	14.507	35.103
168	24.565	10.526	14.039	35.091
169	25.245	10.336	14.909	35.581
170	24.995	10.079	14.916	35.074
171	24.708	9.589	15.119	34.297
172	23.992	9.953	14.039	33.945
173	23.388	10.104	13.284	33.492
174	23.626	11.177	12.449	34.803
175	23.135	11.812	11.323	34.947
176	22.771	11.963	10.808	34.734
177	22.732	12.623	10.109	35.355
178	21.960	12.737	9.223	34.697
179	22.311	12.200	10.111	34.511
180	22.695	10.333	12.362	33.028
181	22.732	10.328	12.404	33.060
182	23.155	10.519	12.636	33.674
183	22.662	10.144	12.518	32.806
184	22.602	9.571	13.031	32.173
185	22.878	8.714	14.164	31.592
186	23.630	9.295	14.335	32.925
187	23.779	9.429	14.350	33.208
188	23.741	9.060	14.681	32.801
189	24.572	9.719	14.853	34.291
190	24.106	10.148	13.958	34.254
191	23.548	9.861	13.687	33.409
192	23.360	10.302	13.058	33.662
193	22.844	10.304	12.540	33.148
194	23.182	9.763	13.419	32.945
195	23.371	10.341	13.030	33.712
196	23.062	11.250	11.812	34.312
197	23.019	12.127	10.892	35.146
198	22.767	12.649	10.118	35.416
199	22.905	12.850	10.055	35.755
200	22.439	12.915	9.524	35.354
201	21.967	12.499	9.468	34.466
202	21.824	12.554	9.270	34.378
203	21.209	12.478	8.731	33.687
204	21.097	12.502	8.595	33.599
205	21.557	12.089	9.468	33.646
206	21.972	11.674	10.298	33.646
207	21.835	12.182	9.653	34.017
208	21.937	12.630	9.307	34.567
209	21.752	12.802	8.950	34.554
210	21.971	11.908	10.063	33.879
211	21.964	10.834	11.130	32.798
212	21.996	11.478	10.518	33.474
213	21.201	11.068	10.133	32.269
214	21.848	11.210	10.638	33.058
215	22.307	11.366	10.941	33.673
216	21.560	11.465	10.095	33.025
217	22.169	11.366	10.803	33.535
218	22.147	10.439	11.708	32.586
219	22.262	10.703	11.559	32.965
220	22.732	9.472	13.260	32.204
221	22.672	9.202	13.470	31.874
222	22.931	9.717	13.214	32.648
223	22.787	9.230	13.557	32.017
224	23.129	9.634	13.495	32.763
225	22.503	9.840	12.663	32.343
226	22.870	9.513	13.357	32.383
227	23.107	10.001	13.106	33.108
228	22.187	10.223	11.964	32.410
229	23.069	9.725	13.344	32.794
230	23.672	9.927	13.745	33.599
231	24.128	10.229	13.899	34.357
232	24.252	10.597	13.655	34.849
233	24.214	10.059	14.155	34.273
234	24.807	9.539	15.268	34.346
235	24.587	9.449	15.138	34.036
236	24.329	8.259	16.070	32.588
237	24.411	7.964	16.447	32.375
238	24.056	8.303	15.753	32.359
239	23.449	8.360	15.089	31.809
240	23.755	9.500	14.255	33.255
241	23.514	9.041	14.473	32.555
242	23.409	9.400	14.009	32.809
243	23.493	8.777	14.716	32.270
244	23.902	10.070	13.832	33.972
245	24.066	10.687	13.379	34.753
246	23.731	10.387	13.344	34.118
247	23.283	10.073	13.210	33.356
248	22.423	9.977	12.446	32.400
249	21.729	9.532	12.197	31.261
250	22.180	9.707	12.473	31.887
251	22.179	9.486	12.693	31.665
252	22.277	10.038	12.239	32.315
253	21.886	9.264	12.622	31.150
254	22.108	9.966	12.142	32.074
255	22.078	10.723	11.355	32.801
256	21.943	11.160	10.783	33.103
257	22.157	11.927	10.230	34.084
258	22.075	11.377	10.698	33.452
259	21.826	11.778	10.048	33.604
260	21.895	12.408	9.487	34.303
261	22.456	12.168	10.288	34.624
262	22.081	11.852	10.229	33.933
263	21.898	10.941	10.957	32.839
264	22.250	9.875	12.375	32.125
265	22.558	9.502	13.056	32.060
266	22.592	9.207	13.385	31.799
267	22.808	8.966	13.842	31.774
268	23.370	8.255	15.115	31.625
269	23.270	7.946	15.324	31.216
270	23.072	8.537	14.535	31.609
271	23.950	6.637	17.313	30.587
272	24.382	6.464	17.918	30.846
273	24.303	6.038	18.265	30.341
274	24.552	5.793	18.759	30.345
275	24.864	7.006	17.858	31.870
276	25.036	7.344	17.692	32.380
277	24.562	8.392	16.170	32.954
278	23.930	8.723	15.207	32.653
279	23.902	8.653	15.249	32.555
280	23.970	7.479	16.491	31.449
281	24.578	6.723	17.855	31.301
282	24.836	6.959	17.877	31.795
283	24.269	7.020	17.249	31.289
284	24.157	7.771	16.386	31.928
285	24.263	8.287	15.976	32.550
286	23.785	8.334	15.451	32.119
287	23.215	8.208	15.007	31.423
288	23.100	8.263	14.837	31.363
289	24.157	6.444	17.713	30.601
290	24.493	5.660	18.833	30.153
291	24.197	5.785	18.412	29.982
292	23.966	5.640	18.326	29.606
293	23.956	5.948	18.008	29.904
294	23.297	6.001	17.296	29.298
295	23.220	5.806	17.414	29.026
296	23.152	5.498	17.654	28.650
297	22.739	5.486	17.253	28.225
298	22.508	5.677	16.831	28.185
299	23.091	4.991	18.100	28.082
300	23.263	5.180	18.083	28.443
301	23.517	4.740	18.777	28.257
302	23.721	4.528	19.193	28.249
303	22.849	4.465	18.384	27.314
304	22.428	4.811	17.617	27.239
305	22.117	4.685	17.432	26.802
306	21.358	4.642	16.716	26.000
307	21.461	4.546	16.915	26.007
308	22.768	4.899	17.869	27.667
309	22.376	4.154	18.222	26.530
310	22.089	3.301	18.788	25.390
311	22.348	3.415	18.933	25.763
312	22.525	4.279	18.246	26.804
313	22.429	3.748	18.681	26.177
314	22.181	3.652	18.529	25.833
315	23.187	2.935	20.252	26.122
316	23.113	2.478	20.635	25.591
317	23.151	2.075	21.076	25.226
318	22.908	2.565	20.343	25.473
319	23.523	3.566	19.957	27.089
320	24.864	3.345	21.519	28.209
321	25.230	4.048	21.182	29.278
322	25.210	3.610	21.600	28.820
323	25.771	3.211	22.560	28.982
324	25.752	3.478	22.274	29.230
325	25.863	3.234	22.629	29.097
326	26.096	4.135	21.961	30.231
327	25.751	3.756	21.995	29.507
328	25.745	4.007	21.738	29.752
329	25.499	4.240	21.259	29.739
330	25.700	3.980	21.720	29.680
331	25.880	4.321	21.559	30.201
332	25.592	5.003	20.589	30.595
333	25.339	5.630	19.709	30.969
334	25.156	6.229	18.927	31.385
335	25.184	6.039	19.145	31.223
336	25.323	6.217	19.106	31.540
337	24.850	6.348	18.502	31.198
338	25.370	7.521	17.849	32.891
339	26.031	7.550	18.481	33.581
340	26.526	7.182	19.344	33.708
341	26.419	6.397	20.022	32.816
342	26.528	5.367	21.161	31.895
343	26.802	5.597	21.205	32.399
344	26.099	5.397	20.702	31.496
345	25.734	5.756	19.978	31.490
346	26.878	4.932	21.946	31.810
347	26.859	4.779	22.080	31.638
348	27.110	4.996	22.114	32.106
349	26.628	4.839	21.789	31.467
350	26.312	4.903	21.409	31.215
351	25.840	5.081	20.759	30.921
352	26.055	5.413	20.642	31.468
353	26.114	4.944	21.170	31.058
354	26.067	4.853	21.214	30.920
355	26.193	5.245	20.948	31.438
356	25.942	5.181	20.761	31.123
357	25.670	5.194	20.476	30.864
358	25.991	5.269	20.722	31.260
359	26.437	4.631	21.806	31.068
360	27.087	5.142	21.945	32.229
361	27.021	4.264	22.757	31.285
362	27.536	2.829	24.707	30.365
363	27.919	2.947	24.972	30.866
364	28.305	3.366	24.939	31.671
365	28.458	4.240	24.218	32.698
366	27.952	4.498	23.454	32.450
367	27.377	4.853	22.524	32.230
368	27.730	5.334	22.396	33.064
369	28.023	4.546	23.477	32.569
370	27.970	3.763	24.207	31.733
371	28.417	2.480	25.937	30.897
372	28.094	2.652	25.442	30.746
373	28.518	2.543	25.975	31.061
374	29.102	2.938	26.164	32.040
375	29.374	3.874	25.500	33.248
376	29.463	4.609	24.854	34.072
377	29.264	4.922	24.342	34.186
378	29.416	5.242	24.174	34.658
379	30.279	3.702	26.577	33.981
380	30.160	3.530	26.630	33.690
381	29.699	2.859	26.840	32.558
382	28.930	3.025	25.905	31.955
383	28.293	3.044	25.249	31.337
384	28.305	2.473	25.832	30.778
385	27.702	2.769	24.933	30.471
386	27.419	2.942	24.477	30.361
387	27.152	3.070	24.082	30.222
388	28.026	2.951	25.075	30.977
389	29.059	2.567	26.492	31.626
390	29.061	3.339	25.722	32.400
391	28.878	3.560	25.318	32.438
392	28.690	3.661	25.029	32.351
393	29.115	3.671	25.444	32.786
394	28.846	3.596	25.250	32.442
395	28.588	3.119	25.469	31.707
396	28.582	2.200	26.382	30.782
397	29.008	3.083	25.925	32.091
398	28.643	3.622	25.021	32.265
399	28.823	4.309	24.514	33.132
400	28.922	4.896	24.026	33.818
401	29.293	4.798	24.495	34.091
402	29.327	4.563	24.764	33.890
403	28.887	4.426	24.461	33.313
404	28.808	5.063	23.745	33.871
405	28.107	5.225	22.882	33.332
406	27.694	5.687	22.007	33.381
407	27.735	6.182	21.553	33.917
408	27.605	7.014	20.591	34.619
409	27.509	7.694	19.815	35.203
410	27.920	7.185	20.735	35.105
411	27.768	6.572	21.196	34.340
412	27.143	6.511	20.632	33.654
413	27.027	5.064	21.963	32.091
414	27.115	5.923	21.192	33.038
415	26.439	5.946	20.493	32.385
416	25.725	6.299	19.426	32.024
417	25.868	6.249	19.619	32.117
418	26.264	6.442	19.822	32.706
419	27.151	6.520	20.631	33.671
420	27.894	6.302	21.592	34.196
421	27.608	5.669	21.939	33.277
422	27.357	6.154	21.203	33.511
423	26.865	4.959	21.906	31.824
424	26.800	5.438	21.362	32.238
425	26.256	6.347	19.909	32.603
426	26.076	6.708	19.368	32.784
427	26.433	7.236	19.197	33.669
428	26.150	6.635	19.515	32.785
429	26.694	5.515	21.179	32.209
430	26.141	5.126	21.015	31.267
431	25.917	5.117	20.800	31.034
432	26.162	6.092	20.070	32.254
433	26.975	6.758	20.217	33.733
434	26.826	6.815	20.011	33.641
435	26.933	6.387	20.546	33.320
436	27.370	5.941	21.429	33.311
437	27.064	5.712	21.352	32.776
438	26.648	5.722	20.926	32.370
439	27.438	6.105	21.333	33.543
440	27.218	5.924	21.294	33.142
441	27.221	5.831	21.390	33.052
442	27.048	6.164	20.884	33.212
443	26.631	5.326	21.305	31.957
444	27.226	5.431	21.795	32.657
445	28.036	4.715	23.321	32.751
446	28.367	4.233	24.134	32.600
447	28.294	3.511	24.783	31.805
448	28.049	3.168	24.881	31.217
449	27.878	4.275	23.603	32.153
450	27.343	4.468	22.875	31.811
451	26.923	4.294	22.629	31.217
452	26.548	5.006	21.542	31.554
453	26.320	4.426	21.894	30.746
454	27.752	3.545	24.207	31.297
455	27.829	3.299	24.530	31.128
456	27.231	3.023	24.208	30.254
457	27.389	3.340	24.049	30.729
458	27.134	3.116	24.018	30.250
459	27.894	2.848	25.046	30.742
460	28.057	2.588	25.469	30.645
461	27.364	2.671	24.693	30.035
462	27.653	3.003	24.650	30.656
463	27.603	3.255	24.348	30.858
464	28.129	3.448	24.681	31.577
465	28.809	2.926	25.883	31.735
466	28.774	2.519	26.255	31.293
467	28.439	2.827	25.612	31.266
468	28.962	1.943	27.019	30.905
469	28.777	2.124	26.653	30.901
470	28.746	1.954	26.792	30.700
471	28.434	2.549	25.885	30.983
472	28.435	3.458	24.977	31.893
473	28.633	3.251	25.382	31.884
474	28.922	3.437	25.485	32.359
475	29.617	3.740	25.877	33.357
476	29.288	3.197	26.091	32.485
477	29.024	3.071	25.953	32.095
478	29.142	2.958	26.184	32.100
479	28.408	3.333	25.075	31.741
480	28.256	3.416	24.840	31.672
481	28.356	3.727	24.629	32.083
482	28.918	3.648	25.270	32.566
483	28.936	3.772	25.164	32.708
484	28.542	4.402	24.140	32.944
485	28.421	4.766	23.655	33.187
486	28.302	4.544	23.758	32.846
487	28.332	4.822	23.510	33.154
488	28.893	4.978	23.915	33.871
489	29.558	5.825	23.733	35.383
490	29.446	5.015	24.431	34.461
491	29.224	3.738	25.486	32.962
492	29.099	3.523	25.576	32.622
493	29.134	3.137	25.997	32.271
494	29.034	3.682	25.352	32.716
495	28.870	4.254	24.616	33.124
496	28.502	3.733	24.769	32.235
497	28.617	3.674	24.943	32.291
498	27.905	3.634	24.271	31.539
499	27.259	3.749	23.510	31.008
500	27.420	3.255	24.165	30.675
501	27.880	2.605	25.275	30.485
502	28.259	3.620	24.639	31.879
503	28.428	3.953	24.475	32.381
504	28.999	3.823	25.176	32.822
505	28.548	3.372	25.176	31.920
506	28.820	3.353	25.467	32.173
507	28.821	3.641	25.180	32.462
508	28.915	2.636	26.279	31.551
509	28.997	2.348	26.649	31.345
510	29.014	2.774	26.240	31.788
511	28.822	3.208	25.614	32.030
512	28.294	3.065	25.229	31.359
513	28.704	3.050	25.654	31.754
514	28.030	3.453	24.577	31.483
515	27.813	4.135	23.678	31.948
516	27.917	4.841	23.076	32.758
517	27.584	5.395	22.189	32.979
518	27.548	4.769	22.779	32.317
519	28.332	3.766	24.566	32.098
520	28.987	2.781	26.206	31.768
521	28.880	2.452	26.428	31.332
522	28.908	3.230	25.678	32.138
523	29.207	3.616	25.591	32.823
524	29.176	4.141	25.035	33.317
525	29.086	3.628	25.458	32.714
526	29.210	3.062	26.148	32.272
527	28.494	3.198	25.296	31.692
528	28.465	3.919	24.546	32.384
529	28.275	4.333	23.942	32.608
530	27.952	4.717	23.235	32.669
531	28.310	3.652	24.658	31.962
532	27.997	3.593	24.404	31.590
533	28.090	2.967	25.123	31.057
534	27.526	3.464	24.062	30.990
535	27.587	3.785	23.802	31.372
536	27.909	4.058	23.851	31.967
537	27.924	4.086	23.838	32.010
538	28.579	4.981	23.598	33.560
539	28.951	4.923	24.028	33.874
540	28.505	4.615	23.890	33.120
541	28.416	4.463	23.953	32.879
542	28.418	4.847	23.571	33.265
543	28.428	5.255	23.173	33.683
544	28.168	5.575	22.593	33.743
545	27.615	6.027	21.588	33.642
546	27.095	6.362	20.733	33.457
547	26.712	6.635	20.077	33.347
548	27.109	6.372	20.737	33.481
549	27.313	6.883	20.430	34.196
550	28.036	6.826	21.210	34.862
551	28.159	6.014	22.145	34.173
552	28.155	5.386	22.769	33.541
553	28.294	5.222	23.072	33.516
554	27.945	3.846	24.099	31.791
555	27.725	4.574	23.151	32.299
556	28.255	4.643	23.612	32.898
557	28.102	4.576	23.526	32.678
558	28.871	5.505	23.366	34.376
559	27.953	5.661	22.292	33.614
560	28.524	4.942	23.582	33.466
561	28.350	4.774	23.576	33.124
562	27.836	4.900	22.936	32.736
563	28.504	4.505	23.999	33.009
564	28.355	4.229	24.126	32.584
565	28.022	4.684	23.338	32.706
566	27.818	5.180	22.638	32.998
567	27.703	5.392	22.311	33.095
568	28.509	6.665	21.844	35.174
569	28.662	7.114	21.548	35.776
570	28.166	7.165	21.001	35.331
571	28.149	7.360	20.789	35.509
572	27.625	6.740	20.885	34.365
573	27.806	7.355	20.451	35.161
574	28.178	6.767	21.411	34.945
575	27.931	5.636	22.295	33.567
576	28.099	5.488	22.611	33.587
577	27.756	5.570	22.186	33.326
578	27.690	5.783	21.907	33.473
579	28.489	5.762	22.727	34.251
580	28.003	6.307	21.696	34.310
581	28.396	5.779	22.617	34.175
582	28.819	4.386	24.433	33.205
583	29.082	4.668	24.414	33.750
584	28.531	5.075	23.456	33.606
585	28.219	4.193	24.026	32.412
586	28.834	3.749	25.085	32.583
587	28.114	3.600	24.514	31.714
588	28.037	4.436	23.601	32.473
589	27.361	4.654	22.707	32.015
590	27.070	4.681	22.389	31.751
591	26.996	4.681	22.315	31.677
592	26.526	4.937	21.589	31.463
593	26.816	4.815	22.001	31.631
594	26.936	5.531	21.405	32.467
595	26.472	5.735	20.737	32.207
596	26.540	6.842	19.698	33.382
597	26.104	7.418	18.686	33.522
598	25.727	8.001	17.726	33.728
599	25.687	8.115	17.572	33.802
600	24.776	2.552	22.224	27.328