Interval	Avg	Std	CI=0.95	Min	Median	Max
    0 --     1	0.570	0.551	0.684	0.000	0.472	1.400
    1 --     2	5.074	1.390	1.726	2.358	5.778	6.032
    2 --     3	9.459	1.497	1.859	6.530	10.000	10.794
    3 --     4	11.845	1.725	2.142	10.000	11.160	15.084
    4 --     5	11.955	1.605	1.993	10.014	11.325	14.251
    5 --     6	12.121	3.032	3.765	9.335	9.976	16.483
    6 --     7	13.741	3.465	4.302	9.044	14.179	19.533
    7 --     8	14.703	4.234	5.257	8.423	15.586	19.633
    8 --     9	14.611	4.134	5.133	7.181	16.129	18.813
    9 --    10	14.653	4.213	5.231	7.509	15.525	19.631
   10 --    11	15.162	4.895	6.078	7.452	16.168	21.206
   11 --    12	15.406	4.826	5.993	8.185	15.613	22.679
   12 --    13	16.267	4.638	5.758	9.310	16.613	23.305
   13 --    14	16.187	4.193	5.206	9.980	15.658	22.443
   14 --    15	16.284	4.460	5.537	9.570	16.658	23.009
   15 --    16	16.479	5.028	6.243	8.393	17.167	24.157
   16 --    17	16.236	5.420	6.729	8.621	16.091	25.469
   17 --    18	15.854	4.895	6.079	9.148	15.612	24.214
   18 --    19	15.684	6.150	7.637	7.768	14.815	26.334
   19 --    20	17.053	5.963	7.404	9.406	15.826	27.709
   20 --    21	17.807	5.739	7.125	9.638	16.956	27.559
   21 --    22	17.999	6.273	7.789	9.045	16.984	28.532
   22 --    23	18.116	6.241	7.750	7.824	18.924	27.313
   23 --    24	18.116	6.095	7.568	8.825	18.422	27.891
   24 --    25	18.695	6.942	8.620	7.814	18.678	29.755
   25 --    26	18.750	7.444	9.243	6.893	19.426	30.339
   26 --    27	19.174	7.548	9.372	5.912	19.960	29.310
   27 --    28	18.707	7.744	9.616	4.694	19.783	28.388
   28 --    29	18.889	6.707	8.327	7.189	18.851	27.198
   29 --    30	19.170	6.198	7.696	9.288	17.785	26.365
   30 --    31	19.067	6.098	7.572	10.066	16.777	26.206
   31 --    32	18.766	6.547	8.129	9.030	16.975	26.112
   32 --    33	19.444	6.646	8.252	10.056	18.752	27.744
   33 --    34	20.530	6.544	8.126	12.815	20.541	28.928
   34 --    35	21.216	7.181	8.917	12.784	19.986	32.376
   35 --    36	20.828	7.331	9.102	12.016	21.101	32.040
   36 --    37	21.190	7.332	9.103	12.471	20.088	31.217
   37 --    38	21.009	7.468	9.273	10.928	20.196	30.006
   38 --    39	20.999	7.780	9.660	10.288	21.238	31.143
   39 --    40	22.063	6.778	8.416	12.436	25.268	30.045
   40 --    41	21.569	7.196	8.935	12.195	24.218	31.370
   41 --    42	21.948	7.225	8.970	12.936	23.208	33.321
   42 --    43	21.825	7.261	9.015	11.925	22.488	31.991
   43 --    44	22.657	6.831	8.482	11.316	23.357	31.195
   44 --    45	22.463	7.273	9.030	10.342	24.111	30.287
   45 --    46	23.152	7.233	8.980	11.291	25.851	30.332
   46 --    47	23.733	6.869	8.529	12.930	26.751	30.746
   47 --    48	24.133	6.415	7.965	13.608	26.983	30.311
   48 --    49	24.182	6.520	8.096	13.095	27.025	30.905
   49 --    50	23.945	6.685	8.300	12.095	26.757	29.946
   50 --    51	23.876	6.870	8.530	11.945	27.024	30.952
   51 --    52	24.742	7.079	8.790	12.354	27.686	32.134
   52 --    53	24.658	7.613	9.453	11.972	27.026	33.173
   53 --    54	24.588	6.544	8.125	13.790	25.902	32.478
   54 --    55	24.912	5.693	7.069	16.197	26.311	31.344
   55 --    56	25.169	5.978	7.423	14.995	27.318	31.796
   56 --    57	24.943	5.958	7.398	14.430	27.428	31.565
   57 --    58	25.661	5.910	7.339	15.044	28.174	31.563
   58 --    59	25.964	4.864	6.039	17.265	26.984	31.469
   59 --    60	25.985	4.739	5.885	17.166	26.918	30.383
   60 --    61	25.911	5.411	6.718	16.210	27.012	31.056
   61 --    62	25.876	5.730	7.114	15.039	27.701	30.779
   62 --    63	26.327	6.197	7.695	14.318	28.232	31.420
   63 --    64	25.782	6.209	7.709	13.902	27.737	31.550
   64 --    65	26.057	6.271	7.786	13.927	28.976	31.323
   65 --    66	26.269	5.770	7.164	15.241	29.528	31.062
   66 --    67	27.500	4.985	6.190	17.981	30.246	31.377
   67 --    68	27.708	4.609	5.723	18.877	29.643	31.759
   68 --    69	27.944	4.644	5.766	18.864	30.243	31.481
   69 --    70	28.042	5.307	6.590	17.532	31.029	31.209
   70 --    71	27.749	5.572	6.919	16.618	30.564	30.849
   71 --    72	28.182	4.542	5.639	19.151	29.938	31.058
   72 --    73	28.181	4.785	5.942	18.621	30.598	30.783
   73 --    74	27.256	4.800	5.960	17.662	29.516	29.890
   74 --    75	27.248	4.302	5.341	18.690	29.270	30.129
   75 --    76	27.202	4.776	5.930	17.659	29.553	29.897
   76 --    77	28.006	4.397	5.459	19.249	30.054	30.906
   77 --    78	28.320	4.390	5.451	19.636	29.972	31.515
   78 --    79	27.963	4.688	5.821	18.696	30.458	31.064
   79 --    80	28.555	5.018	6.230	18.595	30.373	31.775
   80 --    81	28.718	3.981	4.943	20.765	30.628	31.056
   81 --    82	28.727	3.158	3.921	22.448	29.974	30.841
   82 --    83	28.872	3.643	4.524	21.605	30.676	30.961
   83 --    84	28.552	2.867	3.560	22.850	29.762	30.483
   84 --    85	28.602	3.415	4.240	21.855	30.310	30.832
   85 --    86	29.023	3.677	4.566	21.898	30.026	32.112
   86 --    87	28.970	3.182	3.952	22.907	29.962	31.724
   87 --    88	29.219	2.988	3.710	23.592	29.905	31.834
   88 --    89	29.234	2.743	3.406	23.978	30.162	31.934
   89 --    90	29.962	2.555	3.172	25.399	30.368	33.110
   90 --    91	30.253	2.044	2.538	26.364	30.800	32.418
   91 --    92	29.542	2.156	2.677	25.524	30.057	32.036
   92 --    93	29.835	2.710	3.364	24.581	30.715	32.393
   93 --    94	29.184	2.505	3.111	24.426	29.834	31.862
   94 --    95	29.459	2.727	3.386	24.393	30.641	32.328
   95 --    96	29.572	2.255	2.800	25.355	30.089	31.562
   96 --    97	29.722	1.594	1.979	27.032	30.085	31.482
   97 --    98	29.982	1.766	2.193	26.839	30.884	31.653
   98 --    99	29.582	1.942	2.411	25.763	30.510	30.887
   99 --   100	29.996	2.552	3.169	24.924	31.013	31.753
  100 --   101	29.193	2.645	3.284	23.936	30.382	31.032
  101 --   102	29.527	2.665	3.310	24.319	30.812	31.630
  102 --   103	29.241	2.774	3.444	23.801	30.169	31.619
  103 --   104	28.780	3.099	3.848	22.744	29.977	31.396
  104 --   105	28.715	3.570	4.432	21.806	29.662	32.050
  105 --   106	28.356	3.764	4.674	21.010	29.622	31.541
  106 --   107	28.901	3.706	4.601	21.573	30.201	31.602
  107 --   108	29.403	3.380	4.196	22.774	31.391	31.558
  108 --   109	28.758	2.846	3.534	23.238	30.141	31.021
  109 --   110	29.045	3.125	3.880	22.930	30.523	31.579
  110 --   111	28.479	3.495	4.339	21.686	30.358	31.147
  111 --   112	28.029	3.644	4.525	20.786	29.616	30.483
  112 --   113	28.413	4.095	5.085	20.279	30.428	31.198
  113 --   114	28.961	3.073	3.816	22.998	29.823	31.566
  114 --   115	29.613	2.731	3.391	24.397	30.294	32.225
  115 --   116	29.397	3.214	3.990	23.181	30.684	31.986
  116 --   117	29.345	3.294	4.090	22.867	30.936	31.902
  117 --   118	29.538	2.994	3.718	23.706	31.411	31.467
  118 --   119	29.085	2.609	3.240	23.951	30.296	31.058
  119 --   120	29.286	2.427	3.013	24.559	30.474	31.011
  120 --   121	29.517	2.498	3.101	24.541	30.572	31.181
  121 --   122	28.753	2.796	3.471	23.274	30.050	31.007
  122 --   123	28.860	3.218	3.995	22.435	30.387	30.770
  123 --   124	28.783	3.425	4.253	22.169	30.021	32.088
  124 --   125	28.993	3.403	4.226	22.447	30.022	32.250
  125 --   126	28.594	3.185	3.955	22.353	29.660	31.293
  126 --   127	28.382	2.057	2.554	24.456	28.928	30.398
  127 --   128	28.984	1.939	2.407	25.400	29.379	31.232
  128 --   129	28.186	2.112	2.622	24.177	28.747	30.403
  129 --   130	28.663	2.145	2.664	24.737	29.623	30.484
  130 --   131	29.215	1.798	2.233	25.915	30.245	30.633
  131 --   132	29.176	1.510	1.875	26.851	29.858	30.975
  132 --   133	29.637	2.007	2.492	26.441	30.660	31.942
  133 --   134	29.195	2.010	2.495	25.439	29.698	31.505
  134 --   135	29.569	2.772	3.442	24.441	30.192	32.881
  135 --   136	28.817	2.896	3.596	23.311	29.599	31.906
  136 --   137	29.027	2.413	2.996	24.545	29.822	31.736
  137 --   138	28.873	3.003	3.728	23.191	30.022	31.819
  138 --   139	29.367	2.551	3.168	24.531	30.801	31.495
  139 --   140	29.306	2.703	3.356	24.520	30.179	31.870
  140 --   141	29.504	1.651	2.050	26.486	30.407	30.977
  141 --   142	29.166	1.368	1.698	26.521	29.924	30.228
  142 --   143	29.927	1.165	1.446	28.056	30.709	30.941
  143 --   144	29.804	1.155	1.434	27.979	29.695	31.411
  144 --   145	29.539	1.536	1.908	27.118	30.638	30.849
  145 --   146	28.926	1.765	2.192	26.143	29.650	31.245
  146 --   147	29.083	2.213	2.748	25.148	29.939	31.538
  147 --   148	28.444	2.561	3.180	24.063	29.781	31.343
  148 --   149	27.791	2.548	3.164	22.979	28.648	30.494
  149 --   150	29.006	3.124	3.879	22.885	30.792	31.115
  150 --   151	28.663	2.875	3.569	23.128	30.269	30.898
  151 --   152	28.585	2.522	3.132	24.154	29.317	31.087
  152 --   153	28.950	1.663	2.065	26.279	28.716	30.904
  153 --   154	28.815	2.176	2.702	25.977	28.314	31.735
  154 --   155	28.671	2.731	3.390	24.985	28.695	31.888
  155 --   156	29.131	2.357	2.927	25.284	29.330	31.785
  156 --   157	29.830	2.413	2.996	25.722	30.119	32.736
  157 --   158	29.499	2.356	2.925	25.590	30.685	31.776
  158 --   159	29.187	2.235	2.775	26.037	30.545	31.588
  159 --   160	29.415	2.850	3.539	25.466	31.611	31.790
  160 --   161	29.006	2.166	2.689	25.753	30.647	30.819
  161 --   162	29.327	2.170	2.695	25.560	30.610	31.325
  162 --   163	29.606	2.630	3.266	24.831	30.655	32.622
  163 --   164	29.586	2.400	2.980	25.516	31.240	31.556
  164 --   165	29.713	2.530	3.141	26.484	30.772	32.819
  165 --   166	29.502	2.007	2.492	26.021	29.552	31.567
  166 --   167	29.559	2.335	2.899	25.891	29.629	32.875
  167 --   168	29.495	2.014	2.501	27.216	29.521	31.823
  168 --   169	29.154	1.641	2.038	26.421	28.970	31.150
  169 --   170	29.533	1.853	2.301	26.795	29.409	31.804
  170 --   171	29.712	1.089	1.352	27.936	30.269	30.906
  171 --   172	30.123	1.249	1.551	28.058	30.488	31.383
  172 --   173	29.896	1.347	1.673	28.188	30.653	31.379
  173 --   174	29.270	1.343	1.667	27.379	29.422	31.419
  174 --   175	29.825	1.952	2.423	26.459	30.162	32.559
  175 --   176	29.286	2.035	2.526	25.433	29.777	31.493
  176 --   177	28.969	2.175	2.700	25.141	29.061	31.858
  177 --   178	29.264	2.230	2.769	25.538	29.752	31.503
  178 --   179	28.413	2.438	3.027	24.338	29.683	30.677
  179 --   180	28.390	3.186	3.956	23.380	30.259	31.218
  180 --   181	28.617	2.547	3.163	24.341	30.370	30.730
  181 --   182	28.531	2.475	3.073	25.142	30.424	30.726
  182 --   183	28.753	3.056	3.795	24.379	30.774	31.883
  183 --   184	28.394	2.887	3.584	23.302	29.841	31.477
  184 --   185	28.607	3.370	4.185	22.468	30.110	32.042
  185 --   186	28.451	3.765	4.675	21.283	30.252	31.350
  186 --   187	28.413	4.343	5.393	20.479	30.585	32.275
  187 --   188	28.429	4.542	5.640	19.882	31.377	31.779
  188 --   189	27.736	4.781	5.936	18.401	30.339	31.034
  189 --   190	28.768	4.466	5.546	20.105	31.121	31.873
  190 --   191	28.543	3.317	4.118	22.028	30.424	30.701
  191 --   192	28.199	3.570	4.433	21.384	30.239	30.997
  192 --   193	27.961	4.037	5.012	20.439	30.509	30.937
  193 --   194	27.242	3.921	4.868	20.129	29.676	30.654
  194 --   195	27.641	4.126	5.124	20.774	30.554	31.168
  195 --   196	27.266	4.309	5.351	19.809	29.683	31.634
  196 --   197	28.247	3.138	3.896	23.306	30.304	31.462
  197 --   198	28.406	3.065	3.806	23.619	29.776	31.447
  198 --   199	27.855	2.814	3.494	23.844	29.271	30.671
  199 --   200	27.950	3.428	4.256	23.548	29.882	31.915
  200 --   201	27.600	3.212	3.989	22.463	28.586	30.819
  201 --   202	28.146	2.574	3.196	23.947	28.467	30.985
  202 --   203	28.339	2.332	2.895	24.493	28.901	30.690
  203 --   204	27.628	2.797	3.473	23.355	27.736	31.048
  204 --   205	28.569	3.213	3.990	23.950	29.561	32.919
  205 --   206	28.306	2.894	3.593	24.020	29.459	32.023
  206 --   207	28.516	2.430	3.018	24.626	29.997	30.634
  207 --   208	28.558	3.310	4.110	23.426	29.775	31.938
  208 --   209	28.166	3.304	4.103	23.796	28.865	31.940
  209 --   210	28.787	2.807	3.485	25.016	29.779	31.869
  210 --   211	28.699	2.530	3.141	24.552	30.376	30.942
  211 --   212	28.340	2.822	3.505	23.989	29.714	31.061
  212 --   213	27.830	3.238	4.021	22.982	29.745	30.903
  213 --   214	27.513	3.161	3.925	22.096	29.394	30.571
  214 --   215	27.888	3.709	4.606	21.686	30.274	31.172
  215 --   216	28.624	3.093	3.840	23.218	29.555	31.876
  216 --   217	28.178	3.017	3.746	22.836	29.581	30.981
  217 --   218	28.077	3.653	4.535	21.838	29.778	31.487
  218 --   219	27.426	3.484	4.326	21.092	28.831	30.450
  219 --   220	28.280	3.797	4.714	21.076	29.494	31.577
  220 --   221	28.143	3.816	4.739	20.886	30.350	31.045
  221 --   222	28.256	3.536	4.391	21.973	30.245	31.198
  222 --   223	28.493	2.777	3.448	24.488	30.340	30.946
  223 --   224	28.006	2.949	3.662	24.026	30.300	30.572
  224 --   225	28.173	3.264	4.052	23.574	30.601	31.183
  225 --   226	27.964	2.920	3.625	23.299	29.477	31.134
  226 --   227	28.280	3.086	3.832	23.964	29.863	31.355
  227 --   228	28.503	3.240	4.023	23.624	29.774	32.021
  228 --   229	28.659	1.976	2.454	25.590	29.172	30.716
  229 --   230	29.553	2.065	2.564	26.392	29.767	32.119
  230 --   231	29.543	1.447	1.797	27.746	30.443	31.191
  231 --   232	29.447	1.763	2.189	26.745	30.434	31.203
  232 --   233	29.614	1.756	2.180	26.327	30.256	31.196
  233 --   234	29.355	1.055	1.310	27.878	29.472	31.069
  234 --   235	29.687	1.841	2.286	27.745	29.838	32.752
  235 --   236	29.313	2.206	2.739	26.787	29.572	31.807
  236 --   237	29.174	3.028	3.760	25.664	29.706	33.041
  237 --   238	28.702	3.317	4.119	24.588	30.738	31.946
  238 --   239	28.066	3.323	4.126	23.703	30.442	31.084
  239 --   240	28.537	3.457	4.292	23.800	31.063	31.603
  240 --   241	28.657	2.573	3.195	25.090	30.258	31.321
  241 --   242	28.750	2.881	3.578	24.751	30.557	31.382
  242 --   243	28.454	3.196	3.968	23.564	30.778	31.215
  243 --   244	27.908	3.555	4.414	22.712	29.855	31.504
  244 --   245	27.697	3.914	4.860	21.835	30.504	31.102
  245 --   246	27.090	3.531	4.384	20.757	29.428	30.001
  246 --   247	27.040	4.141	5.142	19.581	28.793	31.035
  247 --   248	26.624	4.361	5.415	18.549	29.575	29.948
  248 --   249	26.552	3.616	4.489	19.420	28.307	29.008
  249 --   250	27.635	4.045	5.022	19.699	29.502	30.581
  250 --   251	27.660	3.686	4.577	20.593	28.923	30.584
  251 --   252	27.549	3.619	4.493	21.008	28.202	31.007
  252 --   253	27.586	3.309	4.109	21.917	29.079	30.654
  253 --   254	26.985	3.536	4.390	21.046	29.307	30.084
  254 --   255	27.824	3.512	4.361	23.354	30.626	30.726
  255 --   256	27.950	3.379	4.196	22.860	29.328	32.505
  256 --   257	28.509	3.041	3.776	23.747	29.240	32.724
  257 --   258	28.792	2.638	3.276	24.866	29.340	31.783
  258 --   259	28.542	2.922	3.628	23.704	28.949	31.690
  259 --   260	28.820	3.197	3.969	23.590	29.956	31.944
  260 --   261	28.362	2.904	3.606	23.898	30.463	30.907
  261 --   262	28.579	2.990	3.713	24.835	30.292	31.389
  262 --   263	28.710	2.660	3.302	24.656	30.505	31.085
  263 --   264	28.876	2.345	2.911	24.746	29.850	31.374
  264 --   265	29.577	3.061	3.801	23.718	30.618	32.723
  265 --   266	29.766	3.604	4.475	22.884	31.474	32.955
  266 --   267	29.322	3.957	4.914	21.753	30.881	32.456
  267 --   268	29.490	4.265	5.296	21.178	31.519	32.870
  268 --   269	29.368	2.912	3.616	24.003	30.474	31.847
  269 --   270	29.851	2.165	2.688	25.963	30.797	31.802
  270 --   271	30.070	1.573	1.953	27.019	30.652	31.382
  271 --   272	29.685	1.536	1.907	26.752	30.624	30.758
  272 --   273	29.349	2.022	2.510	25.701	30.505	30.974
  273 --   274	28.927	1.545	1.918	26.336	29.431	30.786
  274 --   275	29.679	0.972	1.207	27.892	30.053	30.685
  275 --   276	29.968	0.583	0.724	29.356	29.646	30.809
  276 --   277	30.098	0.688	0.854	29.351	29.779	31.145
  277 --   278	30.547	1.021	1.268	29.505	30.361	32.471
  278 --   279	30.322	1.073	1.332	28.542	30.540	31.540
  279 --   280	30.651	1.113	1.382	28.837	30.878	31.965
  280 --   281	30.416	0.652	0.810	29.697	30.437	31.538
  281 --   282	31.131	0.439	0.545	30.735	30.861	31.917
  282 --   283	30.796	0.722	0.896	29.681	30.906	31.706
  283 --   284	30.547	0.789	0.979	29.255	30.633	31.704
  284 --   285	30.824	0.499	0.619	30.210	30.712	31.707
  285 --   286	30.736	0.752	0.934	29.343	30.920	31.594
  286 --   287	30.565	0.840	1.043	29.641	30.554	31.892
  287 --   288	30.455	0.760	0.943	29.412	30.669	31.480
  288 --   289	30.181	0.866	1.075	28.761	30.490	31.241
  289 --   290	30.376	1.037	1.288	28.637	30.839	31.612
  290 --   291	29.748	0.632	0.784	28.580	29.785	30.387
  291 --   292	30.292	1.034	1.284	28.757	30.395	31.755
  292 --   293	30.155	0.971	1.206	28.745	30.110	31.707
  293 --   294	30.046	0.399	0.496	29.515	29.935	30.520
  294 --   295	30.398	0.778	0.966	29.870	29.949	31.919
  295 --   296	29.880	0.798	0.991	28.875	29.485	30.828
  296 --   297	30.288	0.855	1.061	29.502	29.987	31.903
  297 --   298	30.456	0.519	0.645	29.738	30.643	31.041
  298 --   299	30.510	0.395	0.491	29.743	30.646	30.885
  299 --   300	30.831	0.671	0.834	29.682	30.898	31.787
  300 --   301	30.089	0.341	0.424	29.744	29.857	30.511
  301 --   302	30.640	0.319	0.396	30.011	30.750	30.868
  302 --   303	30.688	0.607	0.754	29.666	30.666	31.556
  303 --   304	31.085	0.629	0.781	30.427	30.784	31.859
  304 --   305	31.310	0.804	0.998	30.152	31.322	32.496
  305 --   306	30.804	0.630	0.783	29.570	31.012	31.262
  306 --   307	31.082	0.463	0.575	30.377	31.347	31.608
  307 --   308	31.257	0.666	0.827	30.709	30.783	32.390
  308 --   309	31.241	0.591	0.734	30.372	31.199	31.912
  309 --   310	31.365	0.477	0.593	30.868	31.279	32.199
  310 --   311	30.881	0.609	0.757	30.236	30.487	31.748
  311 --   312	31.344	0.733	0.910	30.643	30.991	32.559
  312 --   313	31.096	0.855	1.061	29.625	31.236	31.951
  313 --   314	30.774	0.889	1.104	29.713	30.701	31.996
  314 --   315	31.137	0.981	1.218	29.831	30.868	32.533
  315 --   316	30.335	0.914	1.135	28.965	30.646	31.387
  316 --   317	30.720	0.786	0.977	29.749	30.432	31.875
  317 --   318	30.665	0.698	0.867	29.644	30.731	31.547
  318 --   319	30.524	1.114	1.383	28.993	30.335	31.866
  319 --   320	30.479	0.364	0.452	29.797	30.635	30.834
  320 --   321	30.732	0.618	0.767	29.807	30.674	31.666
  321 --   322	30.775	0.455	0.565	30.477	30.520	31.671
  322 --   323	30.526	0.559	0.695	29.517	30.774	31.010
  323 --   324	30.446	0.808	1.004	29.367	30.502	31.680
  324 --   325	30.604	0.645	0.801	29.818	30.602	31.728
  325 --   326	30.490	0.805	1.000	29.503	30.724	31.649
  326 --   327	30.165	0.784	0.973	29.577	29.829	31.714
  327 --   328	30.477	0.331	0.411	29.877	30.571	30.882
  328 --   329	30.487	0.637	0.792	29.741	30.523	31.423
  329 --   330	30.713	0.936	1.162	29.117	30.959	31.605
  330 --   331	30.257	0.310	0.385	29.832	30.445	30.572
  331 --   332	30.722	0.200	0.248	30.378	30.833	30.928
  332 --   333	30.758	0.761	0.945	29.476	30.770	31.628
  333 --   334	30.567	1.178	1.463	29.477	30.210	32.790
  334 --   335	30.659	0.947	1.175	29.833	30.165	32.453
  335 --   336	30.166	0.936	1.163	29.346	29.505	31.715
  336 --   337	30.285	0.727	0.903	29.686	29.833	31.596
  337 --   338	30.385	0.708	0.879	29.449	30.150	31.599
  338 --   339	30.480	0.468	0.581	29.697	30.483	31.081
  339 --   340	30.581	1.075	1.334	29.191	30.702	31.920
  340 --   341	30.226	0.323	0.401	29.626	30.297	30.583
  341 --   342	30.622	0.358	0.444	30.315	30.370	31.212
  342 --   343	30.457	0.448	0.557	29.581	30.610	30.856
  343 --   344	30.408	0.699	0.868	29.582	30.419	31.617
  344 --   345	31.228	0.720	0.893	30.261	31.171	32.126
  345 --   346	31.348	1.009	1.252	29.849	31.593	32.890
  346 --   347	31.406	1.451	1.802	28.590	31.840	32.755
  347 --   348	31.425	0.926	1.150	29.663	31.777	32.374
  348 --   349	31.222	0.478	0.594	30.442	31.434	31.708
  349 --   350	31.400	0.270	0.335	30.957	31.535	31.689
  350 --   351	30.827	0.725	0.901	29.825	30.502	31.758
  351 --   352	30.883	0.555	0.689	30.466	30.619	31.971
  352 --   353	30.610	0.662	0.822	29.525	30.772	31.520
  353 --   354	30.326	0.735	0.912	29.462	29.984	31.474
  354 --   355	30.784	0.590	0.732	29.964	30.611	31.606
  355 --   356	30.366	0.820	1.018	29.379	30.563	31.518
  356 --   357	30.842	0.930	1.154	29.744	30.741	32.081
  357 --   358	31.163	0.880	1.092	29.907	31.320	32.562
  358 --   359	31.304	0.749	0.930	29.868	31.553	32.021
  359 --   360	31.076	0.901	1.119	29.465	31.335	32.058
  360 --   361	30.752	0.468	0.581	30.238	30.590	31.571
  361 --   362	31.150	0.694	0.862	30.633	30.830	32.512
  362 --   363	30.990	1.100	1.365	29.695	30.638	32.902
  363 --   364	30.666	1.271	1.578	29.354	30.343	32.993
  364 --   365	30.769	1.127	1.399	29.832	30.233	32.927
  365 --   366	30.265	0.938	1.164	29.480	29.624	31.807
  366 --   367	30.077	0.518	0.643	29.622	29.736	30.862
  367 --   368	30.092	0.923	1.146	28.651	30.218	31.072
  368 --   369	29.845	0.926	1.149	28.498	29.867	30.891
  369 --   370	29.998	1.486	1.845	28.683	28.992	31.902
  370 --   371	29.887	0.818	1.015	28.491	29.779	30.819
  371 --   372	29.573	0.826	1.026	28.442	29.679	30.672
  372 --   373	29.827	1.007	1.251	28.581	30.241	30.881
  373 --   374	29.588	0.718	0.891	28.699	29.546	30.831
  374 --   375	30.019	1.494	1.855	27.824	30.613	31.992
  375 --   376	30.066	1.414	1.756	28.121	30.743	31.928
  376 --   377	31.065	1.595	1.981	28.807	31.911	32.889
  377 --   378	31.186	0.855	1.062	29.785	31.376	32.102
  378 --   379	31.610	1.190	1.478	30.330	31.634	33.755
  379 --   380	31.784	0.872	1.083	30.686	31.588	33.368
  380 --   381	31.006	0.959	1.191	29.871	30.663	32.381
  381 --   382	30.952	1.077	1.337	29.253	30.919	32.633
  382 --   383	30.392	1.341	1.665	28.333	30.888	32.249
  383 --   384	30.085	1.364	1.694	27.541	30.658	31.455
  384 --   385	30.282	1.343	1.668	28.035	30.601	32.045
  385 --   386	30.150	1.581	1.963	27.299	30.829	31.618
  386 --   387	29.972	1.543	1.916	27.285	30.216	31.837
  387 --   388	30.006	0.998	1.239	28.360	29.992	31.328
  388 --   389	30.099	0.981	1.219	28.975	29.820	31.332
  389 --   390	30.441	0.740	0.919	29.499	30.688	31.501
  390 --   391	30.196	1.291	1.602	28.499	30.806	31.844
  391 --   392	31.241	1.551	1.925	29.535	30.831	33.358
  392 --   393	30.992	0.958	1.190	29.698	30.890	32.255
  393 --   394	30.666	1.101	1.367	29.357	30.705	32.567
  394 --   395	30.589	0.906	1.125	29.706	30.567	32.246
  395 --   396	29.956	0.891	1.106	28.876	29.645	31.136
  396 --   397	29.954	0.512	0.636	29.450	29.767	30.941
  397 --   398	29.706	0.908	1.128	28.452	29.470	31.238
  398 --   399	29.502	0.441	0.548	28.883	29.505	30.099
  399 --   400	29.739	0.554	0.688	28.761	29.790	30.405
  400 --   401	29.891	0.229	0.284	29.561	29.822	30.231
  401 --   402	30.616	1.112	1.380	28.542	30.872	31.732
  402 --   403	30.984	1.413	1.754	28.940	31.738	32.337
  403 --   404	31.263	1.359	1.688	28.616	31.950	32.375
  404 --   405	31.347	0.803	0.997	30.082	31.730	32.324
  405 --   406	30.756	0.609	0.756	29.689	30.735	31.472
  406 --   407	31.054	0.904	1.123	29.673	31.579	31.871
  407 --   408	30.583	0.548	0.680	29.783	30.532	31.250
  408 --   409	30.660	0.618	0.767	30.055	30.338	31.756
  409 --   410	30.953	0.612	0.760	29.946	30.829	31.595
  410 --   411	30.998	0.379	0.471	30.626	30.767	31.614
  411 --   412	30.835	0.842	1.046	29.431	30.816	31.970
  412 --   413	30.633	0.519	0.644	29.710	30.957	31.112
  413 --   414	31.100	0.769	0.955	30.195	30.981	32.466
  414 --   415	31.202	0.750	0.932	29.954	31.342	32.251
  415 --   416	31.135	1.020	1.266	29.794	31.371	32.718
  416 --   417	30.842	0.760	0.944	29.470	31.223	31.660
  417 --   418	30.991	0.569	0.706	30.034	31.362	31.501
  418 --   419	30.679	1.073	1.332	28.926	30.681	31.953
  419 --   420	30.649	0.323	0.401	30.294	30.554	31.249
  420 --   421	31.131	0.566	0.703	30.374	30.904	31.864
  421 --   422	31.289	0.770	0.956	30.068	31.501	32.166
  422 --   423	31.163	0.949	1.179	29.503	31.321	32.431
  423 --   424	30.918	0.658	0.818	29.913	30.739	31.810
  424 --   425	31.111	0.966	1.199	29.636	31.053	32.508
  425 --   426	31.099	0.780	0.968	29.739	31.514	31.881
  426 --   427	30.919	1.518	1.885	28.673	31.705	32.595
  427 --   428	30.690	0.552	0.685	30.020	30.654	31.375
  428 --   429	30.188	0.370	0.459	29.614	30.429	30.561
  429 --   430	30.014	0.804	0.999	28.798	29.959	30.997
  430 --   431	29.912	0.485	0.602	29.104	29.970	30.518
  431 --   432	30.268	0.552	0.686	29.304	30.400	30.927
  432 --   433	30.950	0.960	1.192	29.860	30.797	32.734
  433 --   434	30.797	1.055	1.309	28.768	31.055	31.819
  434 --   435	30.790	1.260	1.564	28.557	30.995	32.199
  435 --   436	30.913	0.777	0.965	29.785	30.948	31.951
  436 --   437	31.464	0.652	0.809	30.178	31.786	31.884
  437 --   438	31.193	0.981	1.219	29.681	31.552	32.427
  438 --   439	30.470	0.637	0.790	29.699	30.432	31.613
  439 --   440	30.544	0.429	0.532	29.704	30.715	30.867
  440 --   441	30.490	0.695	0.862	29.367	30.499	31.506
  441 --   442	30.555	1.194	1.483	28.399	30.661	31.875
  442 --   443	30.271	1.015	1.261	28.778	30.374	31.584
  443 --   444	29.859	0.878	1.091	28.608	29.892	31.318
  444 --   445	30.533	1.548	1.922	27.822	31.071	32.235
  445 --   446	29.414	1.491	1.851	26.861	29.728	31.210
  446 --   447	29.774	2.155	2.676	25.687	30.491	31.922
  447 --   448	29.731	2.550	3.166	24.782	30.566	31.883
  448 --   449	29.756	1.684	2.091	26.686	30.173	31.758
  449 --   450	29.985	1.801	2.236	26.698	30.718	31.701
  450 --   451	30.219	0.989	1.228	28.499	30.317	31.554
  451 --   452	30.281	0.874	1.085	28.636	30.452	31.195
  452 --   453	31.031	0.627	0.778	30.369	31.028	32.021
  453 --   454	30.992	1.198	1.487	29.445	30.673	32.720
  454 --   455	31.454	1.060	1.316	29.825	31.786	32.986
  455 --   456	30.996	0.839	1.041	29.816	31.301	32.207
  456 --   457	31.273	1.015	1.260	29.658	31.543	32.696
  457 --   458	31.418	0.807	1.002	29.934	31.497	32.349
  458 --   459	31.523	0.777	0.965	30.569	31.652	32.795
  459 --   460	31.482	0.558	0.693	30.725	31.272	32.268
  460 --   461	30.952	0.581	0.721	30.339	30.811	31.736
  461 --   462	31.010	0.379	0.470	30.665	30.762	31.653
  462 --   463	30.826	0.700	0.870	29.691	30.680	31.616
  463 --   464	30.738	0.616	0.765	29.795	30.690	31.441
  464 --   465	31.273	0.694	0.862	30.413	31.219	32.520
  465 --   466	30.815	0.648	0.804	29.746	31.227	31.468
  466 --   467	31.040	0.860	1.067	29.711	31.632	31.832
  467 --   468	31.160	0.857	1.064	29.951	31.374	32.241
  468 --   469	30.737	0.798	0.991	29.633	30.383	31.703
  469 --   470	30.679	0.539	0.670	29.950	30.637	31.437
  470 --   471	30.521	0.751	0.932	29.515	30.272	31.737
  471 --   472	30.502	0.725	0.900	29.123	30.794	31.231
  472 --   473	30.543	0.821	1.019	29.515	30.951	31.628
  473 --   474	30.516	0.492	0.611	30.037	30.355	31.416
  474 --   475	30.859	1.030	1.279	29.703	31.024	32.493
  475 --   476	30.534	0.521	0.647	29.674	30.515	31.252
  476 --   477	30.590	0.818	1.015	29.280	30.560	31.541
  477 --   478	31.011	0.973	1.208	29.348	31.498	32.122
  478 --   479	30.951	0.401	0.498	30.379	31.051	31.367
  479 --   480	31.134	0.503	0.624	30.405	31.213	31.909
  480 --   481	30.657	0.502	0.623	29.996	30.542	31.529
  481 --   482	30.796	0.635	0.788	29.902	30.576	31.609
  482 --   483	31.001	1.221	1.516	29.570	30.765	33.265
  483 --   484	30.655	0.925	1.149	29.371	30.609	32.212
  484 --   485	30.334	0.593	0.736	29.640	30.231	31.267
  485 --   486	29.801	0.359	0.446	29.446	29.651	30.391
  486 --   487	30.187	0.545	0.677	29.590	29.860	30.869
  487 --   488	30.298	0.531	0.659	29.484	30.341	30.906
  488 --   489	30.181	0.825	1.025	29.288	29.821	31.677
  489 --   490	30.190	0.917	1.139	28.677	30.386	31.468
  490 --   491	29.638	0.777	0.965	28.666	29.358	30.662
  491 --   492	30.046	0.648	0.804	29.041	30.181	30.709
  492 --   493	30.180	0.579	0.719	29.392	30.242	30.812
  493 --   494	30.320	0.469	0.582	29.411	30.548	30.686
  494 --   495	30.866	0.741	0.920	29.644	31.022	31.675
  495 --   496	30.757	0.740	0.919	29.831	30.377	31.774
  496 --   497	30.800	0.826	1.025	29.591	30.776	31.800
  497 --   498	30.303	0.649	0.806	29.467	30.434	31.244
  498 --   499	30.488	0.669	0.831	29.765	30.311	31.634
  499 --   500	30.828	1.115	1.384	29.098	30.688	32.362
  500 --   501	30.517	0.515	0.639	29.700	30.437	31.221
  501 --   502	30.783	1.284	1.594	28.571	30.914	32.421
  502 --   503	30.269	0.909	1.129	28.818	30.494	31.268
  503 --   504	29.974	0.995	1.236	28.773	29.977	31.746
  504 --   505	30.151	1.206	1.498	28.083	30.517	31.515
  505 --   506	29.937	0.678	0.842	29.007	29.797	30.777
  506 --   507	30.208	0.593	0.736	29.398	30.650	30.754
  507 --   508	30.697	0.660	0.820	30.108	30.495	31.963
  508 --   509	30.566	0.558	0.692	29.639	30.491	31.305
  509 --   510	31.198	1.066	1.324	29.361	31.588	32.373
  510 --   511	30.558	0.494	0.613	29.716	30.720	31.210
  511 --   512	30.632	1.194	1.482	28.509	30.634	32.078
  512 --   513	30.320	0.783	0.972	29.212	30.327	31.267
  513 --   514	29.656	0.629	0.781	28.638	29.868	30.513
  514 --   515	30.591	1.238	1.537	28.233	31.110	31.698
  515 --   516	30.324	1.071	1.330	28.465	30.889	31.477
  516 --   517	30.708	1.839	2.284	27.427	31.325	32.902
  517 --   518	30.921	1.665	2.067	27.639	31.494	32.251
  518 --   519	30.942	1.200	1.490	29.040	30.901	32.608
  519 --   520	31.054	1.026	1.274	29.258	31.570	32.183
  520 --   521	30.573	0.283	0.352	30.211	30.546	31.059
  521 --   522	31.094	0.733	0.910	30.428	30.779	32.462
  522 --   523	30.977	0.294	0.365	30.493	31.017	31.278
  523 --   524	30.326	0.567	0.704	29.491	30.613	31.042
  524 --   525	30.887	0.494	0.614	30.152	30.938	31.432
  525 --   526	30.682	0.649	0.806	29.652	30.780	31.541
  526 --   527	30.811	0.813	1.010	29.476	30.983	31.655
  527 --   528	30.585	0.970	1.204	29.639	30.016	32.000
  528 --   529	30.297	0.816	1.013	29.310	30.352	31.658
  529 --   530	30.096	0.744	0.924	28.761	30.177	30.982
  530 --   531	29.896	1.135	1.410	28.732	29.238	31.852
  531 --   532	30.068	0.507	0.630	29.228	30.042	30.742
  532 --   533	30.338	1.115	1.384	28.826	30.589	31.862
  533 --   534	30.066	1.543	1.915	27.887	29.865	32.575
  534 --   535	30.280	1.207	1.499	28.371	30.177	31.825
  535 --   536	30.018	1.545	1.918	27.621	30.157	32.172
  536 --   537	30.484	1.403	1.742	28.052	31.357	31.824
  537 --   538	30.891	0.964	1.197	29.504	30.908	32.084
  538 --   539	31.076	0.562	0.698	30.404	31.192	31.762
  539 --   540	30.951	0.819	1.017	29.950	30.668	32.380
  540 --   541	30.635	0.977	1.214	28.947	30.579	31.792
  541 --   542	30.488	0.555	0.689	29.516	30.515	31.221
  542 --   543	30.941	0.314	0.390	30.488	30.836	31.391
  543 --   544	30.669	0.624	0.775	29.827	30.511	31.753
  544 --   545	30.452	1.052	1.307	28.785	30.523	31.693
  545 --   546	30.539	1.593	1.978	27.781	30.630	32.522
  546 --   547	30.707	1.389	1.725	28.515	31.633	31.950
  547 --   548	30.685	1.545	1.919	27.808	31.377	32.263
  548 --   549	30.569	2.051	2.547	26.730	31.251	32.600
  549 --   550	30.627	1.148	1.425	28.558	30.825	32.098
  550 --   551	30.734	0.953	1.184	28.851	31.087	31.430
  551 --   552	30.865	1.232	1.529	28.850	30.696	32.418
  552 --   553	30.846	1.184	1.470	28.827	31.048	32.477
  553 --   554	30.541	1.097	1.363	28.475	30.699	31.641
  554 --   555	30.771	0.910	1.130	29.542	30.753	32.099
  555 --   556	31.224	1.013	1.258	29.602	31.398	32.419
  556 --   557	30.993	0.701	0.870	30.120	31.367	31.696
  557 --   558	31.043	0.967	1.200	29.826	31.325	32.260
  558 --   559	30.809	1.204	1.496	28.687	31.511	31.926
  559 --   560	30.865	1.056	1.312	29.210	30.781	32.454
  560 --   561	31.040	0.619	0.768	30.258	31.233	31.862
  561 --   562	30.837	0.634	0.787	29.865	30.816	31.629
  562 --   563	31.058	0.946	1.175	29.647	31.151	32.349
  563 --   564	30.682	0.847	1.051	29.482	30.633	31.705
  564 --   565	30.588	0.986	1.224	29.708	29.941	32.044
  565 --   566	30.800	0.274	0.340	30.509	30.672	31.270
  566 --   567	30.951	0.730	0.907	29.741	31.130	31.944
  567 --   568	30.694	1.101	1.367	29.494	30.272	32.142
  568 --   569	30.271	1.110	1.378	28.320	30.296	31.733
  569 --   570	29.778	1.299	1.613	27.243	30.193	30.824
  570 --   571	29.099	1.507	1.871	26.490	29.207	31.179
  571 --   572	28.607	1.926	2.392	25.321	28.470	30.654
  572 --   573	27.845	2.232	2.772	24.319	27.637	30.966
  573 --   574	27.579	2.908	3.611	23.480	26.802	31.952
  574 --   575	26.873	3.324	4.127	22.487	25.553	31.815
  575 --   576	26.200	3.838	4.765	21.409	24.636	32.493
  576 --   577	25.815	4.425	5.494	20.364	23.635	31.655
  577 --   578	25.229	4.905	6.090	19.408	22.636	31.845
  578 --   579	24.650	5.422	6.732	18.409	21.634	31.573
  579 --   580	23.840	5.584	6.933	17.410	20.631	30.816
  580 --   581	22.940	5.694	7.070	16.486	19.552	29.815
  581 --   582	22.555	6.512	8.085	15.487	18.513	32.049
  582 --   583	21.649	6.690	8.307	14.323	17.550	31.401
  583 --   584	20.656	6.743	8.372	13.241	16.552	30.519
  584 --   585	19.607	6.737	8.365	12.320	15.467	29.441
  585 --   586	18.507	6.711	8.333	11.243	14.385	28.275
  586 --   587	17.559	6.652	8.259	10.370	13.559	27.267
  587 --   588	16.616	6.643	8.248	9.493	12.472	26.396
  588 --   589	15.604	6.626	8.227	8.491	11.386	25.337
  589 --   590	14.549	6.579	8.169	7.489	10.468	24.107
  590 --   591	13.621	6.651	8.258	6.489	9.383	23.392
  591 --   592	12.558	6.616	8.215	5.363	8.510	22.274
  592 --   593	11.464	6.573	8.161	4.357	7.467	21.025
  593 --   594	10.507	6.593	8.186	3.487	6.384	20.107
  594 --   595	9.566	6.599	8.194	2.492	5.465	19.271
  595 --   596	8.604	6.623	8.223	1.408	4.539	18.188
  596 --   597	7.596	6.683	8.299	0.486	3.462	17.393
    0 --   597	28.247	1.394	1.731	25.922	28.313	29.980