0	361.280000
1	466.560000
2	307.840000
3	340.800000
4	369.600000
5	452.480000
6	513.600000
7	405.120000
8	421.120000
9	279.040000
10	383.040000
11	429.120000
12	225.280000
13	372.480000
14	376.960000
15	275.200000
16	666.240000
17	333.440000
18	288.640000
19	428.160000
20	402.560000
21	384.640000
22	610.880000
23	306.560000
24	359.360000
25	483.520000
26	406.400000
27	394.880000
28	567.040000
29	276.480000
30	305.920000
31	472.640000
32	354.880000
33	452.800000
34	411.520000
35	305.600000
36	505.280000
37	364.160000
38	240.320000
39	353.920000
40	350.720000
41	350.080000
42	304.960000
43	288.960000
44	342.400000
45	232.960000
46	205.760000
47	468.480000
48	320.320000
49	332.160000
50	334.080000
51	487.040000
52	327.680000
53	357.760000
54	518.080000
55	420.800000
56	445.440000
57	487.360000
58	230.400000
59	363.200000
60	475.840000
61	432.000000
62	416.320000
63	365.120000
64	387.200000
65	483.840000
66	502.400000
67	448.320000
68	525.760000
69	465.280000
70	417.920000
71	629.440000
72	659.520000
73	295.360000
74	548.160000
75	561.280000
76	364.480000
77	485.760000
78	637.760000
79	327.040000
80	673.920000
81	319.040000
82	378.560000
83	552.640000
84	493.760000
85	405.120000
86	604.800000
87	480.640000
88	452.160000
89	507.200000
90	436.800000
91	448.320000
92	548.160000
93	483.520000
94	416.320000
95	509.120000
96	425.280000
97	403.520000
98	680.320000
99	391.360000
100	561.920000
101	537.280000
102	378.880000
103	468.480000
104	475.840000
105	416.640000
106	583.040000
107	541.120000
108	424.960000
109	305.600000
110	578.880000
111	273.600000
112	341.760000
113	464.320000
114	265.280000
115	761.920000
116	610.880000
117	500.480000
118	460.800000
119	565.440000
120	350.720000
121	419.520000
122	573.120000
123	477.440000
124	629.120000
125	446.720000
126	328.320000
127	539.200000
128	390.080000
129	394.880000
130	861.760000
131	394.240000
132	416.000000
133	664.320000
134	307.520000
135	568.320000
136	506.880000
137	404.160000
138	497.280000
139	519.040000
140	402.560000
141	696.960000
142	518.400000
143	437.440000
144	676.480000
145	408.640000
146	483.840000
147	593.920000
148	531.200000
149	549.120000
150	621.120000
151	415.680000
152	519.680000
153	628.160000
154	452.160000
155	572.800000
156	523.520000
157	415.040000
158	546.240000
159	566.400000
160	403.840000
161	459.520000
162	539.200000
163	433.280000
164	623.040000
165	565.120000
166	322.560000
167	444.800000
168	304.640000
169	306.560000
170	573.440000
171	452.480000
172	345.280000
173	486.720000
174	734.080000
175	497.600000
176	420.160000
177	524.480000
178	514.240000
179	513.280000
180	421.120000
181	428.480000
182	711.040000
183	493.120000
184	340.160000
185	404.480000
186	350.400000
187	464.640000
188	493.760000
189	361.920000
190	491.520000
191	524.800000
192	349.440000
193	717.120000
194	488.640000
195	436.800000
196	470.080000
197	459.520000
198	529.920000
199	628.800000
200	384.640000
201	261.760000
202	522.560000
203	624.960000
204	516.800000
205	642.560000
206	375.680000
207	408.960000
208	522.880000
209	571.840000
210	555.840000
211	468.160000
212	277.120000
213	395.200000
214	402.560000
215	499.200000
216	392.000000
217	436.480000
218	391.040000
219	442.880000
220	589.760000
221	376.640000
222	440.000000
223	701.440000
224	409.920000
225	548.160000
226	423.040000
227	371.200000
228	632.640000
229	592.640000
230	457.600000
231	559.360000
232	554.560000
233	249.280000
234	449.280000
235	661.440000
236	413.440000
237	645.120000
238	575.040000
239	448.960000
240	655.040000
241	633.600000
242	412.800000
243	567.040000
244	261.760000
245	356.160000
246	481.920000
247	269.120000
248	488.320000
249	480.000000
250	392.640000
251	413.120000
252	434.880000
253	320.320000
254	481.920000
255	608.960000
256	403.520000
257	483.840000
258	540.480000
259	386.880000
260	463.360000
261	440.640000
262	273.280000
263	472.000000
264	360.320000
265	286.400000
266	544.320000
267	235.200000
268	214.400000
269	524.160000
270	526.080000
271	252.800000
272	520.640000
273	522.240000
274	240.960000
275	444.480000
276	451.200000
277	257.920000
278	474.880000
279	371.200000
280	442.240000
281	507.200000
282	297.280000
283	307.840000
284	393.280000
285	417.600000
286	253.440000
287	533.760000
288	479.040000
289	203.520000
290	351.360000
291	363.840000
292	542.720000
293	407.680000
294	226.560000
295	335.040000
296	413.440000
297	170.880000
298	309.440000
299	322.560000
300	202.880000
301	409.920000
302	495.360000
303	355.840000
304	454.080000
305	700.800000
306	355.200000
307	309.120000
308	540.800000
309	247.680000
310	295.040000
311	297.280000
312	220.160000
313	442.240000
314	512.320000
315	349.760000
316	438.400000
317	408.320000
318	420.480000
319	490.880000
320	348.800000
321	347.520000
322	436.800000
323	293.440000
324	330.240000
325	503.680000
326	333.760000
327	482.240000
328	492.800000
329	227.840000
330	473.280000
331	413.760000
332	263.040000
333	320.000000
334	409.920000
335	303.040000
336	460.800000
337	523.200000
338	223.360000
339	345.280000
340	431.360000
341	393.280000
342	384.960000
343	277.120000
344	227.200000
345	406.720000
346	558.080000
347	340.480000
348	530.560000
349	416.000000
350	273.280000
351	526.720000
352	397.120000
353	256.960000
354	293.440000
355	348.800000
356	277.760000
357	616.000000
358	492.480000
359	275.200000
360	396.160000
361	352.960000
362	368.000000
363	458.880000
364	360.640000
365	392.320000
366	437.760000
367	327.360000
368	465.280000
369	298.880000
370	314.560000
371	517.760000
372	480.320000
373	216.320000
374	560.960000
375	380.800000
376	252.480000
377	565.440000
378	458.880000
379	232.320000
380	390.400000
381	364.160000
382	396.800000
383	411.840000
384	319.040000
385	346.880000
386	363.840000
387	247.360000
388	328.000000
389	364.800000
390	346.880000
391	364.800000
392	382.400000
393	272.960000
394	542.080000
395	537.600000
396	408.640000
397	394.880000
398	461.760000
399	430.720000
400	912.000000
401	571.520000
402	388.160000
403	452.480000
404	647.680000
405	355.520000
406	417.600000
407	317.440000
408	333.440000
409	351.680000
410	344.000000
411	280.000000
412	548.480000
413	387.520000
414	350.720000
415	424.320000
416	542.720000
417	280.640000
418	568.960000
419	284.480000
420	303.040000
421	492.160000
422	341.120000
423	246.720000
424	484.480000
425	543.360000
426	453.760000
427	634.880000
428	429.760000
429	489.280000
430	679.040000
431	408.640000
432	439.360000
433	384.320000
434	328.960000
435	469.760000
436	294.400000
437	229.120000
438	464.960000
439	480.960000
440	256.960000
441	345.280000
442	456.320000
443	284.800000
444	532.480000
445	411.200000
446	307.840000
447	367.040000
448	348.800000
449	521.600000
450	540.480000
451	370.880000
452	396.160000
453	388.480000
454	322.880000
455	305.280000
456	362.560000
457	270.080000
458	329.600000
459	497.600000
460	316.480000
461	518.400000
462	432.320000
463	358.080000
464	632.000000
465	498.560000
466	211.200000
467	374.080000
468	376.000000
469	189.760000
470	688.640000
471	522.880000
472	355.840000
473	371.200000
474	313.280000
475	141.760000
476	519.040000
477	468.160000
478	223.360000
479	400.320000
480	372.480000
481	265.920000
482	360.960000
483	325.440000
484	509.760000
485	536.640000
486	489.920000
487	339.520000
488	501.760000
489	402.560000
490	412.800000
491	460.800000
492	385.920000
493	467.200000
494	528.640000
495	335.680000
496	477.120000
497	467.200000
498	277.120000
499	362.560000
500	463.680000
501	390.080000
502	620.160000
503	303.040000
504	251.840000
505	665.280000
506	373.440000
507	205.760000
508	495.680000
509	328.320000
510	236.160000
511	529.600000
512	480.000000
513	336.000000
514	448.320000
515	318.080000
516	389.440000
517	518.080000
518	328.960000
519	349.440000
520	595.520000
521	373.120000
522	485.440000
523	483.840000
524	324.160000
525	334.080000
526	496.640000
527	356.160000
528	559.680000
529	552.960000
530	330.560000
531	473.920000
532	416.320000
533	308.160000
534	571.520000
535	488.320000
536	168.000000
537	578.560000
538	311.040000
539	297.920000
540	406.720000
541	463.360000
542	379.200000
543	396.800000
544	464.000000
545	324.800000
546	406.720000
547	305.280000
548	480.000000
549	604.480000
550	389.440000
551	347.520000
552	435.200000
553	213.760000
554	253.760000
555	470.720000
556	376.960000
557	293.760000
558	423.680000
559	290.880000
560	406.400000
561	357.760000
562	227.200000
563	393.600000
564	566.080000
565	425.280000
566	536.640000
567	166.080000
568	267.520000
569	491.200000
570	408.320000
571	355.520000
572	290.240000
573	219.520000
574	196.160000
575	538.560000
576	498.880000
577	349.120000
578	283.520000
579	286.400000
580	315.840000
581	461.760000
582	409.600000
583	476.480000
584	596.480000
585	380.160000
586	438.400000
587	407.680000
588	272.960000
589	546.560000
590	440.960000
591	250.880000
592	538.240000
593	611.520000
594	408.320000
595	349.120000
596	443.520000
597	254.400000
598	406.080000
599	401.600000