0	0.000256
1	0.000154
2	0.001338
3	0.001818
4	0.000384
5	0.002013
6	0.000883
7	0.000123
8	0.000728
9	0.001442
10	0.000823
11	0.000449
12	0.000129
13	0.003016
14	0.004260
15	0.000467
16	0.000582
17	0.001078
18	0.000078
19	0.000916
20	0.002814
21	0.000746
22	0.000331
23	0.000737
24	0.001523
25	0.000863
26	0.000108
27	0.000389
28	0.001135
29	0.000849
30	0.002432
31	0.001060
32	0.000179
33	0.000897
34	0.001584
35	0.001849
36	0.001598
37	0.000402
38	0.000386
39	0.001892
40	0.001183
41	0.000276
42	0.000765
43	0.000143
44	0.002067
45	0.001362
46	0.000491
47	0.001352
48	0.002710
49	0.000372
50	0.000521
51	0.001584
52	0.000116
53	0.000527
54	0.007420
55	0.003029
56	0.000272
57	0.005908
58	0.000480
59	0.000340
60	0.000495
61	0.000882
62	0.001523
63	0.001233
64	0.000110
65	0.000230
66	0.002594
67	0.001253
68	0.002860
69	0.000280
70	0.002248
71	0.001162
72	0.001620
73	0.005868
74	0.001201
75	0.000186
76	0.000455
77	0.001444
78	0.000334
79	0.002096
80	0.001926
81	0.000201
82	0.001151
83	0.001240
84	0.000324
85	0.000405
86	0.002810
87	0.001072
88	0.000266
89	0.000689
90	0.000990
91	0.001663
92	0.001163
93	0.000098
94	0.000423
95	0.001644
96	0.000327
97	0.000872
98	0.001173
99	0.000738
100	0.002735
101	0.001262
102	0.000501
103	0.002371
104	0.000387
105	0.000410
106	0.000862
107	0.001668
108	0.001802
109	0.001460
110	0.000115
111	0.000221
112	0.006039
113	0.001441
114	0.000211
115	0.003668
116	0.000473
117	0.002280
118	0.001827
119	0.000127
120	0.001279
121	0.000239
122	0.004437
123	0.000340
124	0.000821
125	0.000299
126	0.000790
127	0.000680
128	0.001422
129	0.001332
130	0.000488
131	0.000128
132	0.001314
133	0.004612
134	0.012713
135	0.002855
136	0.000288
137	0.002406
138	0.008603
139	0.001274
140	0.000191
141	0.001014
142	0.001588
143	0.000844
144	0.001778
145	0.001070
146	0.001108
147	0.005133
148	0.000159
149	0.000092
150	0.001176
151	0.000530
152	0.003266
153	0.001367
154	0.000465
155	0.000143
156	0.000407
157	0.001315
158	0.008134
159	0.019438
160	0.004920
161	0.006241
162	0.004157
163	0.001576
164	0.002408
165	0.000243
166	0.000822
167	0.001467
168	0.000451
169	0.000883
170	0.002003
171	0.000307
172	0.000925
173	0.002791
174	0.000402
175	0.003502
176	0.003126
177	0.001513
178	0.000809
179	0.004131
180	0.001779
181	0.003499
182	0.001210
183	0.007414
184	0.001253
185	0.000678
186	0.003550
187	0.000168
188	0.005962
189	0.000085
190	0.002080
191	0.000963
192	0.000093
193	0.001042
194	0.003185
195	0.000256
196	0.007875
197	0.000141
198	0.000605
199	0.001795
200	0.000675
201	0.000113
202	0.000746
203	0.000933
204	0.000197
205	0.000890
206	0.000272
207	0.000532
208	0.000282
209	0.005229
210	0.000731
211	0.000160
212	0.000092
213	0.000879
214	0.002020
215	0.000264
216	0.000700
217	0.000777
218	0.000198
219	0.000234
220	0.000209
221	0.000656
222	0.001493
223	0.001047
224	0.000806
225	0.000356
226	0.000830
227	0.002042
228	0.003134
229	0.001550
230	0.000682
231	0.002970
232	0.000262
233	0.001775
234	0.039669
235	0.001732
236	0.000727
237	0.001349
238	0.000310
239	0.000797
240	0.000574
241	0.000085
242	0.001430
243	0.016923
244	0.000402
245	0.002260
246	0.000270
247	0.000729
248	0.004885
249	0.003289
250	0.000404
251	0.003028
252	0.000092
253	0.000335
254	0.004247
255	0.000282
256	0.000383
257	0.002079
258	0.000474
259	0.000847
260	0.011099
261	0.000764
262	0.001573
263	0.004300
264	0.001070
265	0.001391
266	0.000211
267	0.000116
268	0.000133
269	0.001013
270	0.000222
271	0.001915
272	0.000460
273	0.000387
274	0.005011
275	0.000783
276	0.001871
277	0.001603
278	0.001642
279	0.000338
280	0.000597
281	0.000111
282	0.000660
283	0.002536
284	0.000388
285	0.001389
286	0.001300
287	0.000188
288	0.000215
289	0.000398
290	0.000450
291	0.000582
292	0.000497
293	0.000099
294	0.004709
295	0.000584
296	0.001276
297	0.001944
298	0.001685
299	0.000123
300	0.005307
301	0.000080
302	0.000904
303	0.000150
304	0.000648
305	0.000215
306	0.001112
307	0.001444
308	0.004718
309	0.001111
310	0.000205
311	0.000201
312	0.002886
313	0.001231
314	0.001367
315	0.002994
316	0.000587
317	0.003105
318	0.000813
319	0.000161
320	0.002710
321	0.000161
322	0.000715
323	0.002561
324	0.000979
325	0.000168
326	0.000767
327	0.000166
328	0.000639
329	0.001289
330	0.000294
331	0.002252
332	0.007320
333	0.000500
334	0.000385
335	0.002310
336	0.001210
337	0.000191
338	0.003054
339	0.000958
340	0.000181
341	0.001232
342	0.001077
343	0.005582
344	0.002573
345	0.000939
346	0.002314
347	0.002365
348	0.000981
349	0.001217
350	0.001113
351	0.000481
352	0.001744
353	0.002541
354	0.002913
355	0.000902
356	0.001020
357	0.002558
358	0.003419
359	0.001585
360	0.000775
361	0.000443
362	0.000973
363	0.001063
364	0.003548
365	0.002373
366	0.000080
367	0.000109
368	0.001697
369	0.000586
370	0.000682
371	0.000370
372	0.000114
373	0.001889
374	0.001413
375	0.000132
376	0.024489
377	0.002196
378	0.001850
379	0.001934
380	0.000715
381	0.000154
382	0.000468
383	0.000274
384	0.000108
385	0.001173
386	0.000896
387	0.001732
388	0.001877
389	0.000091
390	0.002842
391	0.001650
392	0.000445
393	0.000162
394	0.000383
395	0.000497
396	0.001037
397	0.000390
398	0.000773
399	0.000369
400	0.001624
401	0.002528
402	0.000131
403	0.001013
404	0.002128
405	0.000618
406	0.004059
407	0.000328
408	0.000310
409	0.001638
410	0.002151
411	0.002083
412	0.006015
413	0.000494
414	0.001756
415	0.000261
416	0.000141
417	0.000569
418	0.006753
419	0.000396
420	0.003245
421	0.000783
422	0.000846
423	0.001648
424	0.000568
425	0.000874
426	0.012905
427	0.002998
428	0.000076
429	0.002491
430	0.001504
431	0.000813
432	0.002670
433	0.004257
434	0.000545
435	0.002494
436	0.000209
437	0.000589
438	0.000391
439	0.000115
440	0.006774
441	0.003635
442	0.001158
443	0.000141
444	0.000973
445	0.001464
446	0.000416
447	0.001522
448	0.000966
449	0.002224
450	0.000630
451	0.000577
452	0.002582
453	0.001780
454	0.000367
455	0.000439
456	0.000240
457	0.001208
458	0.002027
459	0.000378
460	0.002241
461	0.010142
462	0.001585
463	0.007915
464	0.001011
465	0.000471
466	0.001468
467	0.001813
468	0.001041
469	0.006404
470	0.000923
471	0.001138
472	0.003083
473	0.001644
474	0.000367
475	0.002181
476	0.001313
477	0.000552
478	0.001318
479	0.001992
480	0.001015
481	0.000501
482	0.000625
483	0.000423
484	0.001094
485	0.000355
486	0.000157
487	0.000441
488	0.001474
489	0.001282
490	0.002157
491	0.000157
492	0.001753
493	0.002396
494	0.001779
495	0.000865
496	0.000080
497	0.000105
498	0.000193
499	0.000220
500	0.003016
501	0.006593
502	0.000391
503	0.000286
504	0.001847
505	0.000402
506	0.002209
507	0.000758
508	0.000559
509	0.000380
510	0.000998
511	0.000207
512	0.001143
513	0.002330
514	0.000090
515	0.001668
516	0.000139
517	0.000255
518	0.001886
519	0.000251
520	0.000114
521	0.001671
522	0.000194
523	0.002213
524	0.001628
525	0.000290
526	0.000615
527	0.001793
528	0.000807
529	0.000215
530	0.004016
531	0.000107
532	0.000113
533	0.001624
534	0.000354
535	0.000781
536	0.006951
537	0.000504
538	0.000121
539	0.000889
540	0.000711
541	0.000358
542	0.000781
543	0.000833
544	0.001339
545	0.000376
546	0.001042
547	0.000160
548	0.000645
549	0.001229
550	0.000443
551	0.001976
552	0.000361
553	0.001102
554	0.001694
555	0.003430
556	0.003197
557	0.001421
558	0.000707
559	0.004325
560	0.000618
561	0.000567
562	0.000250
563	0.000917
564	0.000953
565	0.000630
566	0.000080
567	0.001715
568	0.001412
569	0.000109
570	0.000556
571	0.006053
572	0.000844
573	0.000431
574	0.001479
575	0.000285
576	0.000310
577	0.001454
578	0.001579
579	0.000093
580	0.000788
581	0.000641
582	0.001438
583	0.007304
584	0.001700
585	0.000266
586	0.002442
587	0.000448
588	0.001351
589	0.000592
590	0.001623
591	0.002236
592	0.001554
593	0.000353
594	0.002094
595	0.000206
596	0.000601
597	0.000466
598	0.000793
599	0.000143