Time 1-10.0.0.3-10.0.0.2 Aggregate-Flow
0.000000 428.800000 428.800000
1.000000 346.880000 346.880000
2.000000 461.760000 461.760000
3.000000 527.040000 527.040000
4.000000 358.400000 358.400000
5.000000 372.160000 372.160000
6.000000 490.560000 490.560000
7.000000 333.120000 333.120000
8.000000 563.520000 563.520000
9.000000 452.480000 452.480000
10.000000 321.600000 321.600000
11.000000 459.840000 459.840000
12.000000 525.120000 525.120000
13.000000 424.960000 424.960000
14.000000 352.640000 352.640000
15.000000 387.840000 387.840000
16.000000 240.960000 240.960000
17.000000 438.080000 438.080000
18.000000 557.120000 557.120000
19.000000 580.160000 580.160000
20.000000 466.880000 466.880000
21.000000 527.680000 527.680000
22.000000 445.760000 445.760000
23.000000 462.080000 462.080000
24.000000 514.880000 514.880000
25.000000 401.600000 401.600000
26.000000 591.040000 591.040000
27.000000 607.680000 607.680000
28.000000 415.680000 415.680000
29.000000 421.440000 421.440000
30.000000 410.880000 410.880000
31.000000 332.800000 332.800000
32.000000 561.920000 561.920000
33.000000 584.960000 584.960000
34.000000 298.880000 298.880000
35.000000 504.320000 504.320000
36.000000 539.200000 539.200000
37.000000 268.480000 268.480000
38.000000 711.040000 711.040000
39.000000 484.480000 484.480000
40.000000 305.920000 305.920000
41.000000 593.920000 593.920000
42.000000 527.040000 527.040000
43.000000 289.920000 289.920000
44.000000 797.120000 797.120000
45.000000 414.080000 414.080000
46.000000 389.120000 389.120000
47.000000 541.120000 541.120000
48.000000 389.440000 389.440000
49.000000 532.480000 532.480000
50.000000 636.480000 636.480000
51.000000 603.840000 603.840000
52.000000 432.320000 432.320000
53.000000 605.120000 605.120000
54.000000 477.440000 477.440000
55.000000 413.760000 413.760000
56.000000 641.920000 641.920000
57.000000 388.480000 388.480000
58.000000 512.000000 512.000000
59.000000 510.720000 510.720000
60.000000 458.560000 458.560000
61.000000 538.560000 538.560000
62.000000 563.520000 563.520000
63.000000 376.320000 376.320000
64.000000 419.200000 419.200000
65.000000 545.920000 545.920000
66.000000 417.920000 417.920000
67.000000 687.040000 687.040000
68.000000 608.000000 608.000000
69.000000 392.960000 392.960000
70.000000 542.080000 542.080000
71.000000 446.400000 446.400000
72.000000 453.120000 453.120000
73.000000 668.160000 668.160000
74.000000 439.680000 439.680000
75.000000 382.080000 382.080000
76.000000 369.600000 369.600000
77.000000 444.160000 444.160000
78.000000 495.680000 495.680000
79.000000 465.920000 465.920000
80.000000 376.960000 376.960000
81.000000 562.240000 562.240000
82.000000 592.960000 592.960000
83.000000 433.920000 433.920000
84.000000 448.960000 448.960000
85.000000 508.800000 508.800000
86.000000 318.080000 318.080000
87.000000 457.280000 457.280000
88.000000 433.920000 433.920000
89.000000 295.360000 295.360000
90.000000 397.760000 397.760000
91.000000 508.160000 508.160000
92.000000 374.720000 374.720000
93.000000 462.720000 462.720000
94.000000 472.640000 472.640000
95.000000 384.320000 384.320000
96.000000 630.080000 630.080000
97.000000 548.800000 548.800000
98.000000 436.160000 436.160000
99.000000 409.600000 409.600000
100.000000 340.480000 340.480000
101.000000 369.920000 369.920000
102.000000 670.080000 670.080000
103.000000 642.560000 642.560000
104.000000 537.600000 537.600000
105.000000 724.160000 724.160000
106.000000 284.480000 284.480000
107.000000 492.800000 492.800000
108.000000 640.320000 640.320000
109.000000 341.440000 341.440000
110.000000 468.800000 468.800000
111.000000 510.400000 510.400000
112.000000 237.760000 237.760000
113.000000 668.800000 668.800000
114.000000 699.840000 699.840000
115.000000 250.240000 250.240000
116.000000 519.680000 519.680000
117.000000 347.520000 347.520000
118.000000 431.360000 431.360000
119.000000 378.240000 378.240000
120.000000 478.720000 478.720000
121.000000 293.760000 293.760000
122.000000 435.840000 435.840000
123.000000 392.640000 392.640000
124.000000 411.200000 411.200000
125.000000 402.240000 402.240000
126.000000 577.600000 577.600000
127.000000 414.720000 414.720000
128.000000 355.200000 355.200000
129.000000 562.560000 562.560000
130.000000 467.840000 467.840000
131.000000 538.240000 538.240000
132.000000 548.800000 548.800000
133.000000 324.480000 324.480000
134.000000 607.680000 607.680000
135.000000 541.440000 541.440000
136.000000 301.440000 301.440000
137.000000 477.120000 477.120000
138.000000 477.120000 477.120000
139.000000 300.480000 300.480000
140.000000 496.640000 496.640000
141.000000 585.600000 585.600000
142.000000 173.760000 173.760000
143.000000 483.200000 483.200000
144.000000 445.440000 445.440000
145.000000 252.800000 252.800000
146.000000 458.880000 458.880000
147.000000 391.040000 391.040000
148.000000 376.000000 376.000000
149.000000 472.640000 472.640000
150.000000 431.680000 431.680000
151.000000 322.560000 322.560000
152.000000 670.720000 670.720000
153.000000 389.440000 389.440000
154.000000 331.200000 331.200000
155.000000 457.280000 457.280000
156.000000 389.120000 389.120000
157.000000 316.800000 316.800000
158.000000 422.400000 422.400000
159.000000 360.640000 360.640000
160.000000 346.240000 346.240000
161.000000 386.880000 386.880000
162.000000 313.600000 313.600000
163.000000 362.880000 362.880000
164.000000 528.320000 528.320000
165.000000 226.560000 226.560000
166.000000 436.160000 436.160000
167.000000 434.560000 434.560000
168.000000 411.840000 411.840000
169.000000 439.040000 439.040000
170.000000 448.960000 448.960000
171.000000 202.880000 202.880000
172.000000 475.200000 475.200000
173.000000 462.720000 462.720000
174.000000 244.160000 244.160000
175.000000 452.160000 452.160000
176.000000 557.760000 557.760000
177.000000 342.720000 342.720000
178.000000 505.280000 505.280000
179.000000 480.320000 480.320000
180.000000 277.440000 277.440000
181.000000 412.160000 412.160000
182.000000 465.600000 465.600000
183.000000 325.760000 325.760000
184.000000 743.360000 743.360000
185.000000 532.160000 532.160000
186.000000 271.040000 271.040000
187.000000 675.840000 675.840000
188.000000 437.440000 437.440000
189.000000 370.880000 370.880000
190.000000 680.960000 680.960000
191.000000 318.720000 318.720000
192.000000 479.680000 479.680000
193.000000 387.840000 387.840000
194.000000 393.280000 393.280000
195.000000 395.840000 395.840000
196.000000 595.520000 595.520000
197.000000 341.440000 341.440000
198.000000 397.120000 397.120000
199.000000 618.880000 618.880000
200.000000 415.360000 415.360000
201.000000 561.920000 561.920000
202.000000 584.960000 584.960000
203.000000 274.240000 274.240000
204.000000 453.440000 453.440000
205.000000 376.960000 376.960000
206.000000 352.960000 352.960000
207.000000 442.880000 442.880000
208.000000 402.880000 402.880000
209.000000 455.680000 455.680000
210.000000 414.080000 414.080000
211.000000 313.280000 313.280000
212.000000 382.400000 382.400000
213.000000 380.160000 380.160000
214.000000 218.240000 218.240000
215.000000 316.480000 316.480000
216.000000 634.560000 634.560000
217.000000 450.240000 450.240000
218.000000 459.520000 459.520000
219.000000 348.160000 348.160000
220.000000 294.720000 294.720000
221.000000 410.560000 410.560000
222.000000 441.280000 441.280000
223.000000 264.640000 264.640000
224.000000 345.600000 345.600000
225.000000 385.920000 385.920000
226.000000 231.360000 231.360000
227.000000 458.560000 458.560000
228.000000 497.280000 497.280000
229.000000 403.200000 403.200000
230.000000 467.520000 467.520000
231.000000 291.840000 291.840000
232.000000 455.680000 455.680000
233.000000 345.600000 345.600000
234.000000 261.120000 261.120000
235.000000 359.360000 359.360000
236.000000 435.520000 435.520000
237.000000 402.560000 402.560000
238.000000 341.120000 341.120000
239.000000 424.000000 424.000000
240.000000 359.360000 359.360000
241.000000 413.120000 413.120000
242.000000 455.040000 455.040000
243.000000 331.520000 331.520000
244.000000 396.800000 396.800000
245.000000 409.280000 409.280000
246.000000 271.360000 271.360000
247.000000 374.080000 374.080000
248.000000 454.400000 454.400000
249.000000 287.360000 287.360000
250.000000 522.240000 522.240000
251.000000 414.080000 414.080000
252.000000 204.480000 204.480000
253.000000 336.960000 336.960000
254.000000 420.800000 420.800000
255.000000 259.200000 259.200000
256.000000 428.800000 428.800000
257.000000 290.240000 290.240000
258.000000 336.640000 336.640000
259.000000 573.120000 573.120000
260.000000 359.040000 359.040000
261.000000 277.440000 277.440000
262.000000 472.320000 472.320000
263.000000 379.200000 379.200000
264.000000 318.080000 318.080000
265.000000 419.520000 419.520000
266.000000 503.360000 503.360000
267.000000 375.680000 375.680000
268.000000 311.040000 311.040000
269.000000 300.480000 300.480000
270.000000 452.480000 452.480000
271.000000 534.400000 534.400000
272.000000 278.080000 278.080000
273.000000 436.480000 436.480000
274.000000 344.320000 344.320000
275.000000 251.520000 251.520000
276.000000 333.440000 333.440000
277.000000 440.640000 440.640000
278.000000 243.200000 243.200000
279.000000 398.720000 398.720000
280.000000 346.560000 346.560000
281.000000 233.600000 233.600000
282.000000 360.640000 360.640000
283.000000 527.360000 527.360000
284.000000 282.560000 282.560000
285.000000 294.080000 294.080000
286.000000 483.520000 483.520000
287.000000 340.160000 340.160000
288.000000 366.400000 366.400000
289.000000 488.960000 488.960000
290.000000 276.160000 276.160000
291.000000 414.400000 414.400000
292.000000 255.360000 255.360000
293.000000 308.160000 308.160000
294.000000 551.680000 551.680000
295.000000 462.720000 462.720000
296.000000 504.960000 504.960000
297.000000 525.760000 525.760000
298.000000 355.200000 355.200000
299.000000 367.680000 367.680000
300.000000 496.320000 496.320000
301.000000 254.400000 254.400000
302.000000 410.560000 410.560000
303.000000 606.080000 606.080000
304.000000 370.880000 370.880000
305.000000 506.560000 506.560000
306.000000 404.480000 404.480000
307.000000 391.360000 391.360000
308.000000 462.080000 462.080000
309.000000 406.080000 406.080000
310.000000 353.920000 353.920000
311.000000 372.800000 372.800000
312.000000 424.000000 424.000000
313.000000 162.240000 162.240000
314.000000 390.080000 390.080000
315.000000 426.560000 426.560000
316.000000 316.160000 316.160000
317.000000 713.920000 713.920000
318.000000 394.240000 394.240000
319.000000 447.040000 447.040000
320.000000 472.320000 472.320000
321.000000 347.840000 347.840000
322.000000 401.600000 401.600000
323.000000 519.680000 519.680000
324.000000 271.680000 271.680000
325.000000 344.000000 344.000000
326.000000 432.640000 432.640000
327.000000 406.400000 406.400000
328.000000 510.080000 510.080000
329.000000 581.440000 581.440000
330.000000 330.880000 330.880000
331.000000 420.480000 420.480000
332.000000 534.080000 534.080000
333.000000 277.760000 277.760000
334.000000 360.640000 360.640000
335.000000 492.480000 492.480000
336.000000 385.600000 385.600000
337.000000 401.920000 401.920000
338.000000 447.040000 447.040000
339.000000 257.920000 257.920000
340.000000 344.320000 344.320000
341.000000 339.200000 339.200000
342.000000 320.960000 320.960000
343.000000 588.480000 588.480000
344.000000 506.560000 506.560000
345.000000 411.840000 411.840000
346.000000 342.400000 342.400000
347.000000 336.640000 336.640000
348.000000 290.880000 290.880000
349.000000 418.240000 418.240000
350.000000 524.800000 524.800000
351.000000 290.560000 290.560000
352.000000 383.360000 383.360000
353.000000 416.320000 416.320000
354.000000 434.560000 434.560000
355.000000 488.000000 488.000000
356.000000 305.280000 305.280000
357.000000 372.800000 372.800000
358.000000 420.800000 420.800000
359.000000 400.000000 400.000000
360.000000 285.760000 285.760000
361.000000 514.880000 514.880000
362.000000 239.040000 239.040000
363.000000 414.400000 414.400000
364.000000 341.440000 341.440000
365.000000 202.240000 202.240000
366.000000 373.440000 373.440000
367.000000 405.120000 405.120000
368.000000 293.440000 293.440000
369.000000 413.760000 413.760000
370.000000 562.880000 562.880000
371.000000 450.880000 450.880000
372.000000 512.000000 512.000000
373.000000 528.960000 528.960000
374.000000 341.760000 341.760000
375.000000 420.160000 420.160000
376.000000 504.640000 504.640000
377.000000 256.000000 256.000000
378.000000 412.800000 412.800000
379.000000 397.440000 397.440000
380.000000 252.800000 252.800000
381.000000 467.200000 467.200000
382.000000 622.080000 622.080000
383.000000 227.200000 227.200000
384.000000 297.280000 297.280000
385.000000 299.200000 299.200000
386.000000 298.880000 298.880000
387.000000 701.760000 701.760000
388.000000 400.960000 400.960000
389.000000 408.000000 408.000000
390.000000 632.960000 632.960000
391.000000 385.280000 385.280000
392.000000 729.600000 729.600000
393.000000 423.360000 423.360000
394.000000 303.040000 303.040000
395.000000 387.200000 387.200000
396.000000 388.800000 388.800000
397.000000 330.560000 330.560000
398.000000 343.680000 343.680000
399.000000 403.840000 403.840000
400.000000 321.920000 321.920000
401.000000 317.440000 317.440000
402.000000 502.720000 502.720000
403.000000 299.520000 299.520000
404.000000 361.600000 361.600000
405.000000 299.840000 299.840000
406.000000 265.280000 265.280000
407.000000 326.080000 326.080000
408.000000 485.760000 485.760000
409.000000 264.960000 264.960000
410.000000 355.200000 355.200000
411.000000 466.240000 466.240000
412.000000 234.240000 234.240000
413.000000 319.680000 319.680000
414.000000 371.840000 371.840000
415.000000 211.200000 211.200000
416.000000 483.520000 483.520000
417.000000 328.640000 328.640000
418.000000 275.520000 275.520000
419.000000 484.160000 484.160000
420.000000 393.920000 393.920000
421.000000 291.200000 291.200000
422.000000 453.440000 453.440000
423.000000 433.920000 433.920000
424.000000 274.560000 274.560000
425.000000 534.400000 534.400000
426.000000 336.640000 336.640000
427.000000 353.280000 353.280000
428.000000 463.680000 463.680000
429.000000 380.800000 380.800000
430.000000 359.360000 359.360000
431.000000 464.000000 464.000000
432.000000 375.040000 375.040000
433.000000 347.840000 347.840000
434.000000 430.400000 430.400000
435.000000 305.920000 305.920000
436.000000 452.800000 452.800000
437.000000 633.920000 633.920000
438.000000 329.280000 329.280000
439.000000 360.320000 360.320000
440.000000 429.120000 429.120000
441.000000 281.920000 281.920000
442.000000 509.760000 509.760000
443.000000 404.160000 404.160000
444.000000 202.560000 202.560000
445.000000 398.400000 398.400000
446.000000 567.040000 567.040000
447.000000 272.960000 272.960000
448.000000 446.720000 446.720000
449.000000 489.280000 489.280000
450.000000 348.480000 348.480000
451.000000 556.160000 556.160000
452.000000 467.840000 467.840000
453.000000 192.000000 192.000000
454.000000 613.120000 613.120000
455.000000 327.680000 327.680000
456.000000 285.760000 285.760000
457.000000 405.120000 405.120000
458.000000 441.280000 441.280000
459.000000 374.080000 374.080000
460.000000 346.880000 346.880000
461.000000 451.200000 451.200000
462.000000 453.120000 453.120000
463.000000 580.160000 580.160000
464.000000 355.520000 355.520000
465.000000 319.360000 319.360000
466.000000 323.520000 323.520000
467.000000 228.160000 228.160000
468.000000 488.000000 488.000000
469.000000 337.920000 337.920000
470.000000 320.320000 320.320000
471.000000 486.400000 486.400000
472.000000 551.680000 551.680000
473.000000 304.320000 304.320000
474.000000 281.920000 281.920000
475.000000 440.960000 440.960000
476.000000 336.640000 336.640000
477.000000 500.800000 500.800000
478.000000 463.360000 463.360000
479.000000 176.320000 176.320000
480.000000 441.600000 441.600000
481.000000 331.840000 331.840000
482.000000 409.920000 409.920000
483.000000 281.280000 281.280000
484.000000 513.280000 513.280000
485.000000 280.000000 280.000000
486.000000 379.200000 379.200000
487.000000 452.800000 452.800000
488.000000 280.000000 280.000000
489.000000 443.520000 443.520000
490.000000 610.240000 610.240000
491.000000 339.200000 339.200000
492.000000 587.200000 587.200000
493.000000 504.960000 504.960000
494.000000 369.920000 369.920000
495.000000 485.760000 485.760000
496.000000 498.560000 498.560000
497.000000 306.560000 306.560000
498.000000 395.520000 395.520000
499.000000 321.920000 321.920000
500.000000 400.320000 400.320000
501.000000 504.960000 504.960000
502.000000 346.240000 346.240000
503.000000 491.520000 491.520000
504.000000 445.440000 445.440000
505.000000 291.840000 291.840000
506.000000 379.520000 379.520000
507.000000 435.200000 435.200000
508.000000 247.680000 247.680000
509.000000 467.200000 467.200000
510.000000 535.040000 535.040000
511.000000 256.960000 256.960000
512.000000 545.600000 545.600000
513.000000 503.680000 503.680000
514.000000 226.240000 226.240000
515.000000 324.160000 324.160000
516.000000 487.360000 487.360000
517.000000 273.600000 273.600000
518.000000 395.200000 395.200000
519.000000 312.320000 312.320000
520.000000 353.920000 353.920000
521.000000 362.880000 362.880000
522.000000 344.000000 344.000000
523.000000 442.240000 442.240000
524.000000 563.840000 563.840000
525.000000 348.800000 348.800000
526.000000 362.880000 362.880000
527.000000 294.080000 294.080000
528.000000 305.920000 305.920000
529.000000 411.200000 411.200000
530.000000 568.320000 568.320000
531.000000 336.640000 336.640000
532.000000 384.000000 384.000000
533.000000 613.440000 613.440000
534.000000 224.320000 224.320000
535.000000 415.040000 415.040000
536.000000 368.000000 368.000000
537.000000 323.200000 323.200000
538.000000 311.040000 311.040000
539.000000 395.840000 395.840000
540.000000 182.080000 182.080000
541.000000 322.880000 322.880000
542.000000 398.720000 398.720000
543.000000 312.640000 312.640000
544.000000 366.400000 366.400000
545.000000 398.400000 398.400000
546.000000 351.360000 351.360000
547.000000 379.840000 379.840000
548.000000 502.720000 502.720000
549.000000 347.200000 347.200000
550.000000 558.400000 558.400000
551.000000 536.960000 536.960000
552.000000 350.400000 350.400000
553.000000 461.120000 461.120000
554.000000 369.920000 369.920000
555.000000 215.360000 215.360000
556.000000 362.880000 362.880000
557.000000 603.520000 603.520000
558.000000 414.080000 414.080000
559.000000 873.280000 873.280000
560.000000 590.720000 590.720000
561.000000 427.520000 427.520000
562.000000 466.240000 466.240000
563.000000 422.720000 422.720000
564.000000 337.920000 337.920000
565.000000 429.440000 429.440000
566.000000 457.280000 457.280000
567.000000 400.640000 400.640000
568.000000 496.320000 496.320000
569.000000 254.080000 254.080000
570.000000 328.320000 328.320000
571.000000 473.280000 473.280000
572.000000 292.800000 292.800000
573.000000 400.960000 400.960000
574.000000 384.960000 384.960000
575.000000 281.280000 281.280000
576.000000 578.880000 578.880000
577.000000 629.120000 629.120000
578.000000 327.040000 327.040000
579.000000 621.120000 621.120000
580.000000 581.440000 581.440000
581.000000 210.240000 210.240000
582.000000 526.720000 526.720000
583.000000 465.920000 465.920000
584.000000 208.320000 208.320000
585.000000 341.760000 341.760000
586.000000 373.760000 373.760000
587.000000 241.600000 241.600000
588.000000 492.480000 492.480000
589.000000 382.400000 382.400000
590.000000 339.520000 339.520000
591.000000 388.800000 388.800000
592.000000 372.800000 372.800000
593.000000 277.440000 277.440000
594.000000 448.320000 448.320000
595.000000 486.720000 486.720000
596.000000 277.120000 277.120000
597.000000 538.240000 538.240000
598.000000 578.880000 578.880000
599.000000 227.200000 227.200000
