Time 1-10.0.0.3-10.0.0.2 Aggregate-Flow
0.000000 0.000251 0.000251
1.000000 0.000209 0.000209
2.000000 0.000399 0.000399
3.000000 0.000206 0.000206
4.000000 0.000305 0.000305
5.000000 0.000363 0.000363
6.000000 0.000336 0.000336
7.000000 0.000538 0.000538
8.000000 0.000378 0.000378
9.000000 0.000118 0.000118
10.000000 0.000159 0.000159
11.000000 0.000586 0.000586
12.000000 0.000170 0.000170
13.000000 0.000432 0.000432
14.000000 0.000522 0.000522
15.000000 0.000461 0.000461
16.000000 0.000381 0.000381
17.000000 0.000138 0.000138
18.000000 0.000396 0.000396
19.000000 0.000369 0.000369
20.000000 0.000412 0.000412
21.000000 0.000059 0.000059
22.000000 0.000567 0.000567
23.000000 0.000064 0.000064
24.000000 0.000166 0.000166
25.000000 0.000354 0.000354
26.000000 0.000139 0.000139
27.000000 0.000240 0.000240
28.000000 0.000472 0.000472
29.000000 0.000507 0.000507
30.000000 0.000186 0.000186
31.000000 0.000493 0.000493
32.000000 0.000256 0.000256
33.000000 0.000185 0.000185
34.000000 0.000485 0.000485
35.000000 0.000330 0.000330
36.000000 0.000225 0.000225
37.000000 0.000748 0.000748
38.000000 0.000289 0.000289
39.000000 0.000217 0.000217
40.000000 0.000381 0.000381
41.000000 0.000199 0.000199
42.000000 0.000079 0.000079
43.000000 0.000156 0.000156
44.000000 0.000347 0.000347
45.000000 0.000268 0.000268
46.000000 0.000438 0.000438
47.000000 0.000247 0.000247
48.000000 0.000243 0.000243
49.000000 0.000178 0.000178
50.000000 0.000167 0.000167
51.000000 0.000350 0.000350
52.000000 0.000371 0.000371
53.000000 0.000288 0.000288
54.000000 0.000445 0.000445
55.000000 0.000151 0.000151
56.000000 0.000193 0.000193
57.000000 0.000278 0.000278
58.000000 0.000215 0.000215
59.000000 0.000262 0.000262
60.000000 0.000183 0.000183
61.000000 0.000469 0.000469
62.000000 0.000293 0.000293
63.000000 0.000460 0.000460
64.000000 0.000151 0.000151
65.000000 0.000259 0.000259
66.000000 0.000198 0.000198
67.000000 0.000150 0.000150
68.000000 0.000309 0.000309
69.000000 0.000188 0.000188
70.000000 0.000225 0.000225
71.000000 0.000185 0.000185
72.000000 0.000507 0.000507
73.000000 0.000080 0.000080
74.000000 0.000469 0.000469
75.000000 0.000366 0.000366
76.000000 0.000266 0.000266
77.000000 0.000575 0.000575
78.000000 0.000430 0.000430
79.000000 0.000174 0.000174
80.000000 0.000411 0.000411
81.000000 0.000188 0.000188
82.000000 0.000106 0.000106
83.000000 0.000669 0.000669
84.000000 0.000190 0.000190
85.000000 0.000315 0.000315
86.000000 0.000151 0.000151
87.000000 0.000130 0.000130
88.000000 0.000147 0.000147
89.000000 0.000351 0.000351
90.000000 0.000121 0.000121
91.000000 0.000338 0.000338
92.000000 0.000300 0.000300
93.000000 0.000902 0.000902
94.000000 0.000512 0.000512
95.000000 0.000628 0.000628
96.000000 0.000482 0.000482
97.000000 0.000189 0.000189
98.000000 0.000406 0.000406
99.000000 0.000110 0.000110
100.000000 0.000306 0.000306
101.000000 0.000521 0.000521
102.000000 0.000450 0.000450
103.000000 0.000232 0.000232
104.000000 0.000451 0.000451
105.000000 0.000424 0.000424
106.000000 0.000201 0.000201
107.000000 0.000402 0.000402
108.000000 0.000310 0.000310
109.000000 0.000188 0.000188
110.000000 0.000413 0.000413
111.000000 0.000328 0.000328
112.000000 0.000110 0.000110
113.000000 0.000645 0.000645
114.000000 0.000251 0.000251
115.000000 0.000291 0.000291
116.000000 0.000812 0.000812
117.000000 0.000155 0.000155
118.000000 0.000255 0.000255
119.000000 0.000234 0.000234
120.000000 0.000132 0.000132
121.000000 0.000503 0.000503
122.000000 0.000185 0.000185
123.000000 0.000307 0.000307
124.000000 0.000285 0.000285
125.000000 0.000323 0.000323
126.000000 0.000230 0.000230
127.000000 0.000406 0.000406
128.000000 0.000289 0.000289
129.000000 0.000730 0.000730
130.000000 0.000451 0.000451
131.000000 0.000295 0.000295
132.000000 0.000408 0.000408
133.000000 0.000448 0.000448
134.000000 0.000131 0.000131
135.000000 0.000377 0.000377
136.000000 0.000769 0.000769
137.000000 0.000296 0.000296
138.000000 0.000101 0.000101
139.000000 0.001311 0.001311
140.000000 0.000339 0.000339
141.000000 0.000205 0.000205
142.000000 0.000778 0.000778
143.000000 0.000163 0.000163
144.000000 0.000220 0.000220
145.000000 0.000462 0.000462
146.000000 0.000063 0.000063
147.000000 0.000172 0.000172
148.000000 0.000564 0.000564
149.000000 0.000305 0.000305
150.000000 0.000299 0.000299
151.000000 0.000297 0.000297
152.000000 0.000200 0.000200
153.000000 0.000117 0.000117
154.000000 0.000732 0.000732
155.000000 0.000167 0.000167
156.000000 0.000327 0.000327
157.000000 0.000339 0.000339
158.000000 0.000136 0.000136
159.000000 0.000086 0.000086
160.000000 0.000140 0.000140
161.000000 0.000427 0.000427
162.000000 0.000276 0.000276
163.000000 0.000341 0.000341
164.000000 0.000420 0.000420
165.000000 0.000313 0.000313
166.000000 0.000112 0.000112
167.000000 0.000201 0.000201
168.000000 0.000396 0.000396
169.000000 0.000223 0.000223
170.000000 0.000155 0.000155
171.000000 0.000536 0.000536
172.000000 0.000460 0.000460
173.000000 0.000285 0.000285
174.000000 0.000544 0.000544
175.000000 0.000200 0.000200
176.000000 0.000060 0.000060
177.000000 0.000453 0.000453
178.000000 0.000362 0.000362
179.000000 0.000237 0.000237
180.000000 0.000211 0.000211
181.000000 0.000385 0.000385
182.000000 0.000332 0.000332
183.000000 0.000224 0.000224
184.000000 0.000115 0.000115
185.000000 0.000232 0.000232
186.000000 0.000495 0.000495
187.000000 0.000378 0.000378
188.000000 0.000212 0.000212
189.000000 0.000162 0.000162
190.000000 0.000165 0.000165
191.000000 0.000129 0.000129
192.000000 0.000214 0.000214
193.000000 0.000482 0.000482
194.000000 0.000330 0.000330
195.000000 0.000357 0.000357
196.000000 0.000320 0.000320
197.000000 0.000300 0.000300
198.000000 0.000441 0.000441
199.000000 0.000141 0.000141
200.000000 0.000161 0.000161
201.000000 0.000264 0.000264
202.000000 0.000263 0.000263
203.000000 0.000276 0.000276
204.000000 0.000234 0.000234
205.000000 0.000390 0.000390
206.000000 0.000298 0.000298
207.000000 0.000364 0.000364
208.000000 0.000129 0.000129
209.000000 0.000367 0.000367
210.000000 0.000394 0.000394
211.000000 0.000189 0.000189
212.000000 0.000236 0.000236
213.000000 0.000220 0.000220
214.000000 0.000251 0.000251
215.000000 0.000191 0.000191
216.000000 0.000200 0.000200
217.000000 0.000098 0.000098
218.000000 0.000260 0.000260
219.000000 0.000296 0.000296
220.000000 0.000124 0.000124
221.000000 0.000447 0.000447
222.000000 0.000384 0.000384
223.000000 0.000421 0.000421
224.000000 0.000680 0.000680
225.000000 0.000146 0.000146
226.000000 0.000121 0.000121
227.000000 0.000434 0.000434
228.000000 0.000174 0.000174
229.000000 0.000270 0.000270
230.000000 0.000751 0.000751
231.000000 0.000469 0.000469
232.000000 0.000130 0.000130
233.000000 0.000181 0.000181
234.000000 0.000383 0.000383
235.000000 0.000057 0.000057
236.000000 0.000198 0.000198
237.000000 0.000401 0.000401
238.000000 0.000237 0.000237
239.000000 0.000218 0.000218
240.000000 0.000412 0.000412
241.000000 0.000584 0.000584
242.000000 0.000646 0.000646
243.000000 0.000281 0.000281
244.000000 0.000115 0.000115
245.000000 0.000429 0.000429
246.000000 0.000185 0.000185
247.000000 0.000462 0.000462
248.000000 0.000398 0.000398
249.000000 0.000183 0.000183
250.000000 0.000235 0.000235
251.000000 0.000286 0.000286
252.000000 0.000424 0.000424
253.000000 0.000233 0.000233
254.000000 0.000555 0.000555
255.000000 0.000240 0.000240
256.000000 0.000078 0.000078
257.000000 0.000570 0.000570
258.000000 0.000099 0.000099
259.000000 0.000296 0.000296
260.000000 0.000418 0.000418
261.000000 0.000368 0.000368
262.000000 0.000221 0.000221
263.000000 0.000709 0.000709
264.000000 0.000211 0.000211
265.000000 0.000181 0.000181
266.000000 0.000516 0.000516
267.000000 0.000419 0.000419
268.000000 0.000205 0.000205
269.000000 0.000280 0.000280
270.000000 0.000427 0.000427
271.000000 0.000479 0.000479
272.000000 0.000343 0.000343
273.000000 0.000080 0.000080
274.000000 0.000424 0.000424
275.000000 0.000635 0.000635
276.000000 0.000282 0.000282
277.000000 0.000276 0.000276
278.000000 0.000572 0.000572
279.000000 0.000442 0.000442
280.000000 0.000237 0.000237
281.000000 0.000701 0.000701
282.000000 0.000174 0.000174
283.000000 0.000355 0.000355
284.000000 0.000385 0.000385
285.000000 0.000298 0.000298
286.000000 0.000058 0.000058
287.000000 0.000337 0.000337
288.000000 0.000128 0.000128
289.000000 0.000448 0.000448
290.000000 0.000318 0.000318
291.000000 0.000101 0.000101
292.000000 0.000433 0.000433
293.000000 0.000617 0.000617
294.000000 0.000130 0.000130
295.000000 0.000328 0.000328
296.000000 0.000296 0.000296
297.000000 0.000364 0.000364
298.000000 0.000532 0.000532
299.000000 0.000300 0.000300
300.000000 0.000338 0.000338
301.000000 0.000609 0.000609
302.000000 0.000552 0.000552
303.000000 0.000251 0.000251
304.000000 0.000311 0.000311
305.000000 0.000348 0.000348
306.000000 0.000265 0.000265
307.000000 0.000637 0.000637
308.000000 0.000421 0.000421
309.000000 0.000209 0.000209
310.000000 0.000200 0.000200
311.000000 0.000319 0.000319
312.000000 0.000076 0.000076
313.000000 0.000420 0.000420
314.000000 0.000132 0.000132
315.000000 0.000335 0.000335
316.000000 0.000471 0.000471
317.000000 0.000298 0.000298
318.000000 0.000129 0.000129
319.000000 0.000438 0.000438
320.000000 0.000481 0.000481
321.000000 0.000548 0.000548
322.000000 0.000659 0.000659
323.000000 0.000346 0.000346
324.000000 0.000170 0.000170
325.000000 0.000474 0.000474
326.000000 0.000229 0.000229
327.000000 0.000080 0.000080
328.000000 0.000166 0.000166
329.000000 0.000226 0.000226
330.000000 0.000378 0.000378
331.000000 0.000541 0.000541
332.000000 0.000282 0.000282
333.000000 0.000234 0.000234
334.000000 0.000421 0.000421
335.000000 0.000417 0.000417
336.000000 0.000551 0.000551
337.000000 0.000505 0.000505
338.000000 0.000188 0.000188
339.000000 0.000515 0.000515
340.000000 0.000252 0.000252
341.000000 0.000270 0.000270
342.000000 0.000539 0.000539
343.000000 0.000580 0.000580
344.000000 0.000323 0.000323
345.000000 0.000331 0.000331
346.000000 0.000543 0.000543
347.000000 0.000197 0.000197
348.000000 0.000141 0.000141
349.000000 0.000555 0.000555
350.000000 0.000120 0.000120
351.000000 0.000426 0.000426
352.000000 0.000175 0.000175
353.000000 0.000152 0.000152
354.000000 0.000180 0.000180
355.000000 0.000465 0.000465
356.000000 0.000163 0.000163
357.000000 0.000212 0.000212
358.000000 0.000547 0.000547
359.000000 0.000253 0.000253
360.000000 0.000363 0.000363
361.000000 0.000493 0.000493
362.000000 0.000208 0.000208
363.000000 0.000325 0.000325
364.000000 0.000378 0.000378
365.000000 0.000458 0.000458
366.000000 0.000283 0.000283
367.000000 0.000162 0.000162
368.000000 0.000061 0.000061
369.000000 0.000657 0.000657
370.000000 0.000232 0.000232
371.000000 0.000346 0.000346
372.000000 0.000250 0.000250
373.000000 0.000281 0.000281
374.000000 0.000390 0.000390
375.000000 0.000233 0.000233
376.000000 0.000295 0.000295
377.000000 0.000277 0.000277
378.000000 0.000687 0.000687
379.000000 0.000203 0.000203
380.000000 0.000052 0.000052
381.000000 0.000448 0.000448
382.000000 0.000362 0.000362
383.000000 0.000458 0.000458
384.000000 0.000295 0.000295
385.000000 0.000624 0.000624
386.000000 0.000037 0.000037
387.000000 0.000161 0.000161
388.000000 0.000188 0.000188
389.000000 0.000343 0.000343
390.000000 0.000547 0.000547
391.000000 0.000301 0.000301
392.000000 0.000551 0.000551
393.000000 0.000161 0.000161
394.000000 0.000452 0.000452
395.000000 0.000792 0.000792
396.000000 0.000129 0.000129
397.000000 0.000180 0.000180
398.000000 0.000542 0.000542
399.000000 0.000328 0.000328
400.000000 0.000342 0.000342
401.000000 0.000541 0.000541
402.000000 0.000395 0.000395
403.000000 0.000258 0.000258
404.000000 0.000146 0.000146
405.000000 0.000535 0.000535
406.000000 0.000496 0.000496
407.000000 0.000299 0.000299
408.000000 0.000068 0.000068
409.000000 0.000076 0.000076
410.000000 0.000715 0.000715
411.000000 0.000220 0.000220
412.000000 0.000432 0.000432
413.000000 0.000181 0.000181
414.000000 0.000187 0.000187
415.000000 0.000285 0.000285
416.000000 0.000275 0.000275
417.000000 0.000331 0.000331
418.000000 0.000215 0.000215
419.000000 0.000567 0.000567
420.000000 0.000236 0.000236
421.000000 0.000076 0.000076
422.000000 0.000637 0.000637
423.000000 0.000327 0.000327
424.000000 0.000342 0.000342
425.000000 0.000909 0.000909
426.000000 0.000346 0.000346
427.000000 0.000451 0.000451
428.000000 0.000271 0.000271
429.000000 0.000233 0.000233
430.000000 0.000360 0.000360
431.000000 0.000464 0.000464
432.000000 0.000264 0.000264
433.000000 0.000332 0.000332
434.000000 0.000559 0.000559
435.000000 0.000062 0.000062
436.000000 0.000165 0.000165
437.000000 0.000430 0.000430
438.000000 0.000351 0.000351
439.000000 0.000346 0.000346
440.000000 0.000300 0.000300
441.000000 0.000366 0.000366
442.000000 0.000377 0.000377
443.000000 0.000129 0.000129
444.000000 0.000122 0.000122
445.000000 0.000266 0.000266
446.000000 0.000311 0.000311
447.000000 0.000216 0.000216
448.000000 0.000145 0.000145
449.000000 0.000425 0.000425
450.000000 0.000263 0.000263
451.000000 0.000163 0.000163
452.000000 0.000380 0.000380
453.000000 0.000182 0.000182
454.000000 0.000136 0.000136
455.000000 0.000187 0.000187
456.000000 0.000028 0.000028
457.000000 0.000246 0.000246
458.000000 0.000316 0.000316
459.000000 0.000160 0.000160
460.000000 0.000277 0.000277
461.000000 0.000449 0.000449
462.000000 0.000289 0.000289
463.000000 0.000303 0.000303
464.000000 0.000356 0.000356
465.000000 0.000204 0.000204
466.000000 0.000378 0.000378
467.000000 0.000095 0.000095
468.000000 0.000238 0.000238
469.000000 0.000125 0.000125
470.000000 0.000158 0.000158
471.000000 0.000176 0.000176
472.000000 0.000479 0.000479
473.000000 0.000195 0.000195
474.000000 0.000231 0.000231
475.000000 0.000218 0.000218
476.000000 0.000449 0.000449
477.000000 0.000402 0.000402
478.000000 0.000273 0.000273
479.000000 0.000274 0.000274
480.000000 0.000434 0.000434
481.000000 0.000286 0.000286
482.000000 0.000394 0.000394
483.000000 0.000289 0.000289
484.000000 0.000201 0.000201
485.000000 0.000093 0.000093
486.000000 0.000369 0.000369
487.000000 0.000196 0.000196
488.000000 0.000144 0.000144
489.000000 0.000334 0.000334
490.000000 0.000082 0.000082
491.000000 0.000373 0.000373
492.000000 0.000368 0.000368
493.000000 0.000365 0.000365
494.000000 0.000119 0.000119
495.000000 0.000515 0.000515
496.000000 0.000301 0.000301
497.000000 0.000341 0.000341
498.000000 0.000387 0.000387
499.000000 0.000341 0.000341
500.000000 0.000298 0.000298
501.000000 0.000341 0.000341
502.000000 0.000135 0.000135
503.000000 0.000335 0.000335
504.000000 0.000793 0.000793
505.000000 0.000272 0.000272
506.000000 0.000332 0.000332
507.000000 0.000061 0.000061
508.000000 0.000280 0.000280
509.000000 0.000186 0.000186
510.000000 0.000234 0.000234
511.000000 0.000124 0.000124
512.000000 0.000431 0.000431
513.000000 0.000603 0.000603
514.000000 0.000324 0.000324
515.000000 0.000381 0.000381
516.000000 0.000404 0.000404
517.000000 0.000078 0.000078
518.000000 0.000250 0.000250
519.000000 0.000307 0.000307
520.000000 0.000506 0.000506
521.000000 0.000236 0.000236
522.000000 0.000134 0.000134
523.000000 0.000339 0.000339
524.000000 0.000203 0.000203
525.000000 0.000412 0.000412
526.000000 0.000427 0.000427
527.000000 0.000459 0.000459
528.000000 0.000281 0.000281
529.000000 0.000156 0.000156
530.000000 0.000728 0.000728
531.000000 0.000233 0.000233
532.000000 0.000265 0.000265
533.000000 0.000844 0.000844
534.000000 0.000330 0.000330
535.000000 0.000477 0.000477
536.000000 0.000422 0.000422
537.000000 0.000234 0.000234
538.000000 0.000244 0.000244
539.000000 0.000423 0.000423
540.000000 0.000331 0.000331
541.000000 0.000157 0.000157
542.000000 0.000749 0.000749
543.000000 0.000770 0.000770
544.000000 0.000529 0.000529
545.000000 0.000714 0.000714
546.000000 0.000405 0.000405
547.000000 0.000120 0.000120
548.000000 0.000589 0.000589
549.000000 0.000305 0.000305
550.000000 0.000086 0.000086
551.000000 0.000488 0.000488
552.000000 0.000191 0.000191
553.000000 0.000201 0.000201
554.000000 0.000323 0.000323
555.000000 0.000167 0.000167
556.000000 0.000239 0.000239
557.000000 0.000232 0.000232
558.000000 0.000157 0.000157
559.000000 0.000311 0.000311
560.000000 0.000125 0.000125
561.000000 0.000410 0.000410
562.000000 0.000443 0.000443
563.000000 0.000551 0.000551
564.000000 0.000256 0.000256
565.000000 0.000337 0.000337
566.000000 0.000561 0.000561
567.000000 0.000328 0.000328
568.000000 0.000253 0.000253
569.000000 0.000276 0.000276
570.000000 0.000448 0.000448
571.000000 0.000308 0.000308
572.000000 0.000532 0.000532
573.000000 0.000256 0.000256
574.000000 0.000301 0.000301
575.000000 0.000293 0.000293
576.000000 0.000071 0.000071
577.000000 0.000236 0.000236
578.000000 0.000488 0.000488
579.000000 0.000257 0.000257
580.000000 0.000106 0.000106
581.000000 0.000276 0.000276
582.000000 0.000306 0.000306
583.000000 0.000364 0.000364
584.000000 0.000420 0.000420
585.000000 0.000357 0.000357
586.000000 0.000437 0.000437
587.000000 0.000187 0.000187
588.000000 0.000151 0.000151
589.000000 0.000157 0.000157
590.000000 0.000208 0.000208
591.000000 0.000209 0.000209
592.000000 0.000514 0.000514
593.000000 0.000424 0.000424
594.000000 0.000056 0.000056
595.000000 0.000404 0.000404
596.000000 0.000497 0.000497
597.000000 0.000385 0.000385
598.000000 0.000330 0.000330
599.000000 0.000179 0.000179
