Time 1-10.0.0.3-10.0.0.2 Aggregate-Flow
0.000000 0.009122 0.009122
1.000000 0.003852 0.003852
2.000000 0.003959 0.003959
3.000000 0.004428 0.004428
4.000000 0.003820 0.003820
5.000000 0.003388 0.003388
6.000000 0.005328 0.005328
7.000000 0.002993 0.002993
8.000000 0.003556 0.003556
9.000000 0.004630 0.004630
10.000000 0.003584 0.003584
11.000000 0.004590 0.004590
12.000000 0.004374 0.004374
13.000000 0.004083 0.004083
14.000000 0.003902 0.003902
15.000000 0.003372 0.003372
16.000000 0.005128 0.005128
17.000000 0.004871 0.004871
18.000000 0.004572 0.004572
19.000000 0.006632 0.006632
20.000000 0.008228 0.008228
21.000000 0.006861 0.006861
22.000000 0.003995 0.003995
23.000000 0.005825 0.005825
24.000000 0.006303 0.006303
25.000000 0.007462 0.007462
26.000000 0.007660 0.007660
27.000000 0.007178 0.007178
28.000000 0.005632 0.005632
29.000000 0.004292 0.004292
30.000000 0.003886 0.003886
31.000000 0.004915 0.004915
32.000000 0.004502 0.004502
33.000000 0.007074 0.007074
34.000000 0.006172 0.006172
35.000000 0.006341 0.006341
36.000000 0.005654 0.005654
37.000000 0.004514 0.004514
38.000000 0.006122 0.006122
39.000000 0.007694 0.007694
40.000000 0.004470 0.004470
41.000000 0.003628 0.003628
42.000000 0.005786 0.005786
43.000000 0.005094 0.005094
44.000000 0.003748 0.003748
45.000000 0.006514 0.006514
46.000000 0.004819 0.004819
47.000000 0.003564 0.003564
48.000000 0.004711 0.004711
49.000000 0.007217 0.007217
50.000000 0.006432 0.006432
51.000000 0.005996 0.005996
52.000000 0.006866 0.006866
53.000000 0.006077 0.006077
54.000000 0.005719 0.005719
55.000000 0.004184 0.004184
56.000000 0.006826 0.006826
57.000000 0.003996 0.003996
58.000000 0.004086 0.004086
59.000000 0.003401 0.003401
60.000000 0.003969 0.003969
61.000000 0.006207 0.006207
62.000000 0.004882 0.004882
63.000000 0.005766 0.005766
64.000000 0.006377 0.006377
65.000000 0.004863 0.004863
66.000000 0.005789 0.005789
67.000000 0.005963 0.005963
68.000000 0.005267 0.005267
69.000000 0.005856 0.005856
70.000000 0.003968 0.003968
71.000000 0.006337 0.006337
72.000000 0.007243 0.007243
73.000000 0.007392 0.007392
74.000000 0.005566 0.005566
75.000000 0.006408 0.006408
76.000000 0.003291 0.003291
77.000000 0.003467 0.003467
78.000000 0.005252 0.005252
79.000000 0.005673 0.005673
80.000000 0.005253 0.005253
81.000000 0.006629 0.006629
82.000000 0.005754 0.005754
83.000000 0.008687 0.008687
84.000000 0.005694 0.005694
85.000000 0.006962 0.006962
86.000000 0.006273 0.006273
87.000000 0.005966 0.005966
88.000000 0.007123 0.007123
89.000000 0.005203 0.005203
90.000000 0.002621 0.002621
91.000000 0.003713 0.003713
92.000000 0.003402 0.003402
93.000000 0.006155 0.006155
94.000000 0.005879 0.005879
95.000000 0.005766 0.005766
96.000000 0.005755 0.005755
97.000000 0.005481 0.005481
98.000000 0.006830 0.006830
99.000000 0.006662 0.006662
100.000000 0.005947 0.005947
101.000000 0.006389 0.006389
102.000000 0.005359 0.005359
103.000000 0.006668 0.006668
104.000000 0.006809 0.006809
105.000000 0.006535 0.006535
106.000000 0.007560 0.007560
107.000000 0.004979 0.004979
108.000000 0.006397 0.006397
109.000000 0.003124 0.003124
110.000000 0.004068 0.004068
111.000000 0.006337 0.006337
112.000000 0.006787 0.006787
113.000000 0.005965 0.005965
114.000000 0.006021 0.006021
115.000000 0.003541 0.003541
116.000000 0.006452 0.006452
117.000000 0.004869 0.004869
118.000000 0.005407 0.005407
119.000000 0.006901 0.006901
120.000000 0.004851 0.004851
121.000000 0.006846 0.006846
122.000000 0.004919 0.004919
123.000000 0.004629 0.004629
124.000000 0.005414 0.005414
125.000000 0.003297 0.003297
126.000000 0.003347 0.003347
127.000000 0.004127 0.004127
128.000000 0.004596 0.004596
129.000000 0.007243 0.007243
130.000000 0.006582 0.006582
131.000000 0.004724 0.004724
132.000000 0.006887 0.006887
133.000000 0.003110 0.003110
134.000000 0.004054 0.004054
135.000000 0.003785 0.003785
136.000000 0.003341 0.003341
137.000000 0.003214 0.003214
138.000000 0.003889 0.003889
139.000000 0.003197 0.003197
140.000000 0.002786 0.002786
141.000000 0.002783 0.002783
142.000000 0.002453 0.002453
143.000000 0.003193 0.003193
144.000000 0.005376 0.005376
145.000000 0.004709 0.004709
146.000000 0.005013 0.005013
147.000000 0.005685 0.005685
148.000000 0.005817 0.005817
149.000000 0.006010 0.006010
150.000000 0.003030 0.003030
151.000000 0.005352 0.005352
152.000000 0.007506 0.007506
153.000000 0.003387 0.003387
154.000000 0.003277 0.003277
155.000000 0.004090 0.004090
156.000000 0.003916 0.003916
157.000000 0.006239 0.006239
158.000000 0.005436 0.005436
159.000000 0.005173 0.005173
160.000000 0.003928 0.003928
161.000000 0.006162 0.006162
162.000000 0.006274 0.006274
163.000000 0.004719 0.004719
164.000000 0.003932 0.003932
165.000000 0.005421 0.005421
166.000000 0.005609 0.005609
167.000000 0.005714 0.005714
168.000000 0.005562 0.005562
169.000000 0.005895 0.005895
170.000000 0.005100 0.005100
171.000000 0.004099 0.004099
172.000000 0.002882 0.002882
173.000000 0.003861 0.003861
174.000000 0.004717 0.004717
175.000000 0.006734 0.006734
176.000000 0.006816 0.006816
177.000000 0.005326 0.005326
178.000000 0.006308 0.006308
179.000000 0.007719 0.007719
180.000000 0.004697 0.004697
181.000000 0.006774 0.006774
182.000000 0.004121 0.004121
183.000000 0.006294 0.006294
184.000000 0.006264 0.006264
185.000000 0.006100 0.006100
186.000000 0.009010 0.009010
187.000000 0.004241 0.004241
188.000000 0.004465 0.004465
189.000000 0.004515 0.004515
190.000000 0.003204 0.003204
191.000000 0.005857 0.005857
192.000000 0.006728 0.006728
193.000000 0.006803 0.006803
194.000000 0.005666 0.005666
195.000000 0.005568 0.005568
196.000000 0.006273 0.006273
197.000000 0.004898 0.004898
198.000000 0.002859 0.002859
199.000000 0.002591 0.002591
200.000000 0.003641 0.003641
201.000000 0.003361 0.003361
202.000000 0.002436 0.002436
203.000000 0.005322 0.005322
204.000000 0.002822 0.002822
205.000000 0.003472 0.003472
206.000000 0.004037 0.004037
207.000000 0.004386 0.004386
208.000000 0.004787 0.004787
209.000000 0.007638 0.007638
210.000000 0.005344 0.005344
211.000000 0.005011 0.005011
212.000000 0.003987 0.003987
213.000000 0.005033 0.005033
214.000000 0.006064 0.006064
215.000000 0.005438 0.005438
216.000000 0.006457 0.006457
217.000000 0.006044 0.006044
218.000000 0.005296 0.005296
219.000000 0.006348 0.006348
220.000000 0.008363 0.008363
221.000000 0.005479 0.005479
222.000000 0.004045 0.004045
223.000000 0.003914 0.003914
224.000000 0.003511 0.003511
225.000000 0.004303 0.004303
226.000000 0.003376 0.003376
227.000000 0.003358 0.003358
228.000000 0.004665 0.004665
229.000000 0.006526 0.006526
230.000000 0.006301 0.006301
231.000000 0.006250 0.006250
232.000000 0.006424 0.006424
233.000000 0.006841 0.006841
234.000000 0.005235 0.005235
235.000000 0.004353 0.004353
236.000000 0.004714 0.004714
237.000000 0.004124 0.004124
238.000000 0.004077 0.004077
239.000000 0.006964 0.006964
240.000000 0.007168 0.007168
241.000000 0.006340 0.006340
242.000000 0.007325 0.007325
243.000000 0.005379 0.005379
244.000000 0.006185 0.006185
245.000000 0.005721 0.005721
246.000000 0.006310 0.006310
247.000000 0.005084 0.005084
248.000000 0.005161 0.005161
249.000000 0.005421 0.005421
250.000000 0.006446 0.006446
251.000000 0.004282 0.004282
252.000000 0.004405 0.004405
253.000000 0.003732 0.003732
254.000000 0.005715 0.005715
255.000000 0.003177 0.003177
256.000000 0.002768 0.002768
257.000000 0.005649 0.005649
258.000000 0.005335 0.005335
259.000000 0.005350 0.005350
260.000000 0.004775 0.004775
261.000000 0.003508 0.003508
262.000000 0.003575 0.003575
263.000000 0.005717 0.005717
264.000000 0.004529 0.004529
265.000000 0.005926 0.005926
266.000000 0.006251 0.006251
267.000000 0.006200 0.006200
268.000000 0.004617 0.004617
269.000000 0.005590 0.005590
270.000000 0.006182 0.006182
271.000000 0.004880 0.004880
272.000000 0.003768 0.003768
273.000000 0.005029 0.005029
274.000000 0.006094 0.006094
275.000000 0.004966 0.004966
276.000000 0.003511 0.003511
277.000000 0.004320 0.004320
278.000000 0.004303 0.004303
279.000000 0.004072 0.004072
280.000000 0.004732 0.004732
281.000000 0.004761 0.004761
282.000000 0.003210 0.003210
283.000000 0.003806 0.003806
284.000000 0.006192 0.006192
285.000000 0.004413 0.004413
286.000000 0.005036 0.005036
287.000000 0.004615 0.004615
288.000000 0.004621 0.004621
289.000000 0.005883 0.005883
290.000000 0.003287 0.003287
291.000000 0.002861 0.002861
292.000000 0.003994 0.003994
293.000000 0.004739 0.004739
294.000000 0.005605 0.005605
295.000000 0.003939 0.003939
296.000000 0.003978 0.003978
297.000000 0.004442 0.004442
298.000000 0.005483 0.005483
299.000000 0.005452 0.005452
300.000000 0.007095 0.007095
301.000000 0.003978 0.003978
302.000000 0.003360 0.003360
303.000000 0.004916 0.004916
304.000000 0.005797 0.005797
305.000000 0.002387 0.002387
306.000000 0.003881 0.003881
307.000000 0.003094 0.003094
308.000000 0.005481 0.005481
309.000000 0.006423 0.006423
310.000000 0.004173 0.004173
311.000000 0.003699 0.003699
312.000000 0.004494 0.004494
313.000000 0.003570 0.003570
314.000000 0.004498 0.004498
315.000000 0.004388 0.004388
316.000000 0.004236 0.004236
317.000000 0.002983 0.002983
318.000000 0.004358 0.004358
319.000000 0.005056 0.005056
320.000000 0.003575 0.003575
321.000000 0.003195 0.003195
322.000000 0.004060 0.004060
323.000000 0.004786 0.004786
324.000000 0.006260 0.006260
325.000000 0.004050 0.004050
326.000000 0.003745 0.003745
327.000000 0.003686 0.003686
328.000000 0.005942 0.005942
329.000000 0.004405 0.004405
330.000000 0.004649 0.004649
331.000000 0.003660 0.003660
332.000000 0.003919 0.003919
333.000000 0.004935 0.004935
334.000000 0.006136 0.006136
335.000000 0.003768 0.003768
336.000000 0.003719 0.003719
337.000000 0.004147 0.004147
338.000000 0.004078 0.004078
339.000000 0.005004 0.005004
340.000000 0.006174 0.006174
341.000000 0.003673 0.003673
342.000000 0.003368 0.003368
343.000000 0.004983 0.004983
344.000000 0.004861 0.004861
345.000000 0.003947 0.003947
346.000000 0.005218 0.005218
347.000000 0.003387 0.003387
348.000000 0.005020 0.005020
349.000000 0.006749 0.006749
350.000000 0.006447 0.006447
351.000000 0.004056 0.004056
352.000000 0.002925 0.002925
353.000000 0.004827 0.004827
354.000000 0.005072 0.005072
355.000000 0.003946 0.003946
356.000000 0.003780 0.003780
357.000000 0.005743 0.005743
358.000000 0.004030 0.004030
359.000000 0.006107 0.006107
360.000000 0.006176 0.006176
361.000000 0.004367 0.004367
362.000000 0.004286 0.004286
363.000000 0.005577 0.005577
364.000000 0.005418 0.005418
365.000000 0.006757 0.006757
366.000000 0.006022 0.006022
367.000000 0.004325 0.004325
368.000000 0.004681 0.004681
369.000000 0.003567 0.003567
370.000000 0.005619 0.005619
371.000000 0.004656 0.004656
372.000000 0.003330 0.003330
373.000000 0.004398 0.004398
374.000000 0.005460 0.005460
375.000000 0.005786 0.005786
376.000000 0.004405 0.004405
377.000000 0.006120 0.006120
378.000000 0.004134 0.004134
379.000000 0.005135 0.005135
380.000000 0.007280 0.007280
381.000000 0.005156 0.005156
382.000000 0.004130 0.004130
383.000000 0.006114 0.006114
384.000000 0.003789 0.003789
385.000000 0.004317 0.004317
386.000000 0.003382 0.003382
387.000000 0.005403 0.005403
388.000000 0.006800 0.006800
389.000000 0.007638 0.007638
390.000000 0.005330 0.005330
391.000000 0.006857 0.006857
392.000000 0.007388 0.007388
393.000000 0.007554 0.007554
394.000000 0.006125 0.006125
395.000000 0.005763 0.005763
396.000000 0.003900 0.003900
397.000000 0.003730 0.003730
398.000000 0.004727 0.004727
399.000000 0.003577 0.003577
400.000000 0.003144 0.003144
401.000000 0.004191 0.004191
402.000000 0.004491 0.004491
403.000000 0.003264 0.003264
404.000000 0.004014 0.004014
405.000000 0.003885 0.003885
406.000000 0.005252 0.005252
407.000000 0.003136 0.003136
408.000000 0.003756 0.003756
409.000000 0.004005 0.004005
410.000000 0.004910 0.004910
411.000000 0.004737 0.004737
412.000000 0.004978 0.004978
413.000000 0.005084 0.005084
414.000000 0.004862 0.004862
415.000000 0.005124 0.005124
416.000000 0.007192 0.007192
417.000000 0.004582 0.004582
418.000000 0.003064 0.003064
419.000000 0.006160 0.006160
420.000000 0.003366 0.003366
421.000000 0.005542 0.005542
422.000000 0.005377 0.005377
423.000000 0.006267 0.006267
424.000000 0.006524 0.006524
425.000000 0.005288 0.005288
426.000000 0.003575 0.003575
427.000000 0.003676 0.003676
428.000000 0.003414 0.003414
429.000000 0.006334 0.006334
430.000000 0.006547 0.006547
431.000000 0.006806 0.006806
432.000000 0.003662 0.003662
433.000000 0.003317 0.003317
434.000000 0.002983 0.002983
435.000000 0.002913 0.002913
436.000000 0.005880 0.005880
437.000000 0.004169 0.004169
438.000000 0.002758 0.002758
439.000000 0.003887 0.003887
440.000000 0.003494 0.003494
441.000000 0.003503 0.003503
442.000000 0.003730 0.003730
443.000000 0.004655 0.004655
444.000000 0.004305 0.004305
445.000000 0.003469 0.003469
446.000000 0.004667 0.004667
447.000000 0.003646 0.003646
448.000000 0.007472 0.007472
449.000000 0.005137 0.005137
450.000000 0.004360 0.004360
451.000000 0.004628 0.004628
452.000000 0.003763 0.003763
453.000000 0.003471 0.003471
454.000000 0.007713 0.007713
455.000000 0.005769 0.005769
456.000000 0.004310 0.004310
457.000000 0.006303 0.006303
458.000000 0.006035 0.006035
459.000000 0.006329 0.006329
460.000000 0.006858 0.006858
461.000000 0.005010 0.005010
462.000000 0.003618 0.003618
463.000000 0.003272 0.003272
464.000000 0.003772 0.003772
465.000000 0.005121 0.005121
466.000000 0.003022 0.003022
467.000000 0.002599 0.002599
468.000000 0.003782 0.003782
469.000000 0.005609 0.005609
470.000000 0.005992 0.005992
471.000000 0.006100 0.006100
472.000000 0.003903 0.003903
473.000000 0.004868 0.004868
474.000000 0.003328 0.003328
475.000000 0.005282 0.005282
476.000000 0.005319 0.005319
477.000000 0.003555 0.003555
478.000000 0.002675 0.002675
479.000000 0.003529 0.003529
480.000000 0.003430 0.003430
481.000000 0.004023 0.004023
482.000000 0.003856 0.003856
483.000000 0.003590 0.003590
484.000000 0.004659 0.004659
485.000000 0.002774 0.002774
486.000000 0.004133 0.004133
487.000000 0.006468 0.006468
488.000000 0.005002 0.005002
489.000000 0.006075 0.006075
490.000000 0.006533 0.006533
491.000000 0.005187 0.005187
492.000000 0.006069 0.006069
493.000000 0.004491 0.004491
494.000000 0.006316 0.006316
495.000000 0.006909 0.006909
496.000000 0.004914 0.004914
497.000000 0.007223 0.007223
498.000000 0.003954 0.003954
499.000000 0.003706 0.003706
500.000000 0.004086 0.004086
501.000000 0.005201 0.005201
502.000000 0.005683 0.005683
503.000000 0.004029 0.004029
504.000000 0.008493 0.008493
505.000000 0.006264 0.006264
506.000000 0.006611 0.006611
507.000000 0.004919 0.004919
508.000000 0.004627 0.004627
509.000000 0.007530 0.007530
510.000000 0.004524 0.004524
511.000000 0.003932 0.003932
512.000000 0.005952 0.005952
513.000000 0.005180 0.005180
514.000000 0.003658 0.003658
515.000000 0.003713 0.003713
516.000000 0.003455 0.003455
517.000000 0.003812 0.003812
518.000000 0.003662 0.003662
519.000000 0.006800 0.006800
520.000000 0.003536 0.003536
521.000000 0.004180 0.004180
522.000000 0.003749 0.003749
523.000000 0.003851 0.003851
524.000000 0.006064 0.006064
525.000000 0.003752 0.003752
526.000000 0.003310 0.003310
527.000000 0.003844 0.003844
528.000000 0.003824 0.003824
529.000000 0.004796 0.004796
530.000000 0.004219 0.004219
531.000000 0.004515 0.004515
532.000000 0.006953 0.006953
533.000000 0.004747 0.004747
534.000000 0.006284 0.006284
535.000000 0.003919 0.003919
536.000000 0.006483 0.006483
537.000000 0.006537 0.006537
538.000000 0.006901 0.006901
539.000000 0.006446 0.006446
540.000000 0.003455 0.003455
541.000000 0.005117 0.005117
542.000000 0.008572 0.008572
543.000000 0.005997 0.005997
544.000000 0.006478 0.006478
545.000000 0.005490 0.005490
546.000000 0.006156 0.006156
547.000000 0.005137 0.005137
548.000000 0.004989 0.004989
549.000000 0.003196 0.003196
550.000000 0.005260 0.005260
551.000000 0.004385 0.004385
552.000000 0.004531 0.004531
553.000000 0.004692 0.004692
554.000000 0.004450 0.004450
555.000000 0.003990 0.003990
556.000000 0.003396 0.003396
557.000000 0.005535 0.005535
558.000000 0.004070 0.004070
559.000000 0.005400 0.005400
560.000000 0.004933 0.004933
561.000000 0.004695 0.004695
562.000000 0.003313 0.003313
563.000000 0.004502 0.004502
564.000000 0.003490 0.003490
565.000000 0.004355 0.004355
566.000000 0.003875 0.003875
567.000000 0.005172 0.005172
568.000000 0.004615 0.004615
569.000000 0.004158 0.004158
570.000000 0.003803 0.003803
571.000000 0.005021 0.005021
572.000000 0.005807 0.005807
573.000000 0.005882 0.005882
574.000000 0.006761 0.006761
575.000000 0.002951 0.002951
576.000000 0.005742 0.005742
577.000000 0.004188 0.004188
578.000000 0.002982 0.002982
579.000000 0.004423 0.004423
580.000000 0.006227 0.006227
581.000000 0.005969 0.005969
582.000000 0.003078 0.003078
583.000000 0.003639 0.003639
584.000000 0.006144 0.006144
585.000000 0.008606 0.008606
586.000000 0.004948 0.004948
587.000000 0.002382 0.002382
588.000000 0.003527 0.003527
589.000000 0.005583 0.005583
590.000000 0.004978 0.004978
591.000000 0.007043 0.007043
592.000000 0.003652 0.003652
593.000000 0.004792 0.004792
594.000000 0.005632 0.005632
595.000000 0.007164 0.007164
596.000000 0.007643 0.007643
597.000000 0.003053 0.003053
598.000000 0.004078 0.004078
599.000000 0.006007 0.006007
