Time 1-10.0.0.4-10.0.0.2 Aggregate-Flow
0.000000 0.007116 0.007116
1.000000 0.004598 0.004598
2.000000 0.006726 0.006726
3.000000 0.005195 0.005195
4.000000 0.006220 0.006220
5.000000 0.002995 0.002995
6.000000 0.006840 0.006840
7.000000 0.007578 0.007578
8.000000 0.005093 0.005093
9.000000 0.002082 0.002082
10.000000 0.003685 0.003685
11.000000 0.001345 0.001345
12.000000 0.006876 0.006876
13.000000 0.007689 0.007689
14.000000 0.004933 0.004933
15.000000 0.005068 0.005068
16.000000 0.008817 0.008817
17.000000 0.005409 0.005409
18.000000 0.000147 0.000147
19.000000 0.003845 0.003845
20.000000 0.001295 0.001295
21.000000 0.000656 0.000656
22.000000 0.000590 0.000590
23.000000 0.001226 0.001226
24.000000 0.006480 0.006480
25.000000 0.000781 0.000781
26.000000 0.004641 0.004641
27.000000 0.000168 0.000168
28.000000 0.001842 0.001842
29.000000 0.000613 0.000613
30.000000 0.000372 0.000372
31.000000 0.002403 0.002403
32.000000 0.005729 0.005729
33.000000 0.002364 0.002364
34.000000 0.009471 0.009471
35.000000 0.000581 0.000581
36.000000 0.005281 0.005281
37.000000 0.000876 0.000876
38.000000 0.003244 0.003244
39.000000 0.005581 0.005581
40.000000 0.001099 0.001099
41.000000 0.000542 0.000542
42.000000 0.001924 0.001924
43.000000 0.002615 0.002615
44.000000 0.004166 0.004166
45.000000 0.001954 0.001954
46.000000 0.004489 0.004489
47.000000 0.001559 0.001559
48.000000 0.001412 0.001412
49.000000 0.001589 0.001589
50.000000 0.000394 0.000394
51.000000 0.009920 0.009920
52.000000 0.001250 0.001250
53.000000 0.000709 0.000709
54.000000 0.009369 0.009369
55.000000 0.002216 0.002216
56.000000 0.004434 0.004434
57.000000 0.004081 0.004081
58.000000 0.001815 0.001815
59.000000 0.003067 0.003067
60.000000 0.001298 0.001298
61.000000 0.004201 0.004201
62.000000 0.006281 0.006281
63.000000 0.001400 0.001400
64.000000 0.007584 0.007584
65.000000 0.000360 0.000360
66.000000 0.006064 0.006064
67.000000 0.001405 0.001405
68.000000 0.000847 0.000847
69.000000 0.010203 0.010203
70.000000 0.000475 0.000475
71.000000 0.006646 0.006646
72.000000 0.001204 0.001204
73.000000 0.004363 0.004363
74.000000 0.002209 0.002209
75.000000 0.003926 0.003926
76.000000 0.007932 0.007932
77.000000 0.002019 0.002019
78.000000 0.002736 0.002736
79.000000 0.007466 0.007466
80.000000 0.003782 0.003782
81.000000 0.006354 0.006354
82.000000 0.002347 0.002347
83.000000 0.000870 0.000870
84.000000 0.000682 0.000682
85.000000 0.000148 0.000148
86.000000 0.011451 0.011451
87.000000 0.000995 0.000995
88.000000 0.001045 0.001045
89.000000 0.006483 0.006483
90.000000 0.000769 0.000769
91.000000 0.005282 0.005282
92.000000 0.008454 0.008454
93.000000 0.001952 0.001952
94.000000 0.006559 0.006559
95.000000 0.000413 0.000413
96.000000 0.005818 0.005818
97.000000 0.002679 0.002679
98.000000 0.001514 0.001514
99.000000 0.005987 0.005987
100.000000 0.000674 0.000674
101.000000 0.015107 0.015107
102.000000 0.006669 0.006669
103.000000 0.004694 0.004694
104.000000 0.006629 0.006629
105.000000 0.003984 0.003984
106.000000 0.003424 0.003424
107.000000 0.000111 0.000111
108.000000 0.004975 0.004975
109.000000 0.002336 0.002336
110.000000 0.002088 0.002088
111.000000 0.005117 0.005117
112.000000 0.000690 0.000690
113.000000 0.002127 0.002127
114.000000 0.004217 0.004217
115.000000 0.003418 0.003418
116.000000 0.007769 0.007769
117.000000 0.002972 0.002972
118.000000 0.007161 0.007161
119.000000 0.001704 0.001704
120.000000 0.001767 0.001767
121.000000 0.006418 0.006418
122.000000 0.014413 0.014413
123.000000 0.005040 0.005040
124.000000 0.006020 0.006020
125.000000 0.009942 0.009942
126.000000 0.003904 0.003904
127.000000 0.004253 0.004253
128.000000 0.000741 0.000741
129.000000 0.007622 0.007622
130.000000 0.002638 0.002638
131.000000 0.003676 0.003676
132.000000 0.003354 0.003354
133.000000 0.003739 0.003739
134.000000 0.002309 0.002309
135.000000 0.001287 0.001287
136.000000 0.000212 0.000212
137.000000 0.000335 0.000335
138.000000 0.001408 0.001408
139.000000 0.005178 0.005178
140.000000 0.000810 0.000810
141.000000 0.004842 0.004842
142.000000 0.000531 0.000531
143.000000 0.001276 0.001276
144.000000 0.005994 0.005994
145.000000 0.000132 0.000132
146.000000 0.004653 0.004653
147.000000 0.003424 0.003424
148.000000 0.006285 0.006285
149.000000 0.002655 0.002655
150.000000 0.001074 0.001074
151.000000 0.005095 0.005095
152.000000 0.004430 0.004430
153.000000 0.001512 0.001512
154.000000 0.002086 0.002086
155.000000 0.000939 0.000939
156.000000 0.005639 0.005639
157.000000 0.002030 0.002030
158.000000 0.003819 0.003819
159.000000 0.002072 0.002072
160.000000 0.001522 0.001522
161.000000 0.006752 0.006752
162.000000 0.000452 0.000452
163.000000 0.002907 0.002907
164.000000 0.003160 0.003160
165.000000 0.002079 0.002079
166.000000 0.006116 0.006116
167.000000 0.005787 0.005787
168.000000 0.001928 0.001928
169.000000 0.005553 0.005553
170.000000 0.006201 0.006201
171.000000 0.006943 0.006943
172.000000 0.001426 0.001426
173.000000 0.002148 0.002148
174.000000 0.004281 0.004281
175.000000 0.000530 0.000530
176.000000 0.006834 0.006834
177.000000 0.006210 0.006210
178.000000 0.002006 0.002006
179.000000 0.007163 0.007163
180.000000 0.000956 0.000956
181.000000 0.000120 0.000120
182.000000 0.001558 0.001558
183.000000 0.001544 0.001544
184.000000 0.007676 0.007676
185.000000 0.000325 0.000325
186.000000 0.008862 0.008862
187.000000 0.008138 0.008138
188.000000 0.005053 0.005053
189.000000 0.007456 0.007456
190.000000 0.000131 0.000131
191.000000 0.003975 0.003975
192.000000 0.008076 0.008076
193.000000 0.011761 0.011761
194.000000 0.004985 0.004985
195.000000 0.003223 0.003223
196.000000 0.005023 0.005023
197.000000 0.000610 0.000610
198.000000 0.001544 0.001544
199.000000 0.006657 0.006657
200.000000 0.001698 0.001698
201.000000 0.004246 0.004246
202.000000 0.002798 0.002798
203.000000 0.000968 0.000968
204.000000 0.006829 0.006829
205.000000 0.002313 0.002313
206.000000 0.008841 0.008841
207.000000 0.002872 0.002872
208.000000 0.001440 0.001440
209.000000 0.004068 0.004068
210.000000 0.002443 0.002443
211.000000 0.006148 0.006148
212.000000 0.001008 0.001008
213.000000 0.001077 0.001077
214.000000 0.006112 0.006112
215.000000 0.004034 0.004034
216.000000 0.005015 0.005015
217.000000 0.002243 0.002243
218.000000 0.001803 0.001803
219.000000 0.005689 0.005689
220.000000 0.002061 0.002061
221.000000 0.007835 0.007835
222.000000 0.002187 0.002187
223.000000 0.003192 0.003192
224.000000 0.007713 0.007713
225.000000 0.001053 0.001053
226.000000 0.005072 0.005072
227.000000 0.001631 0.001631
228.000000 0.007812 0.007812
229.000000 0.001248 0.001248
230.000000 0.000513 0.000513
231.000000 0.004632 0.004632
232.000000 0.001976 0.001976
233.000000 0.000384 0.000384
234.000000 0.004937 0.004937
235.000000 0.000658 0.000658
236.000000 0.005023 0.005023
237.000000 0.002293 0.002293
238.000000 0.004895 0.004895
239.000000 0.008608 0.008608
240.000000 0.003119 0.003119
241.000000 0.000459 0.000459
242.000000 0.002156 0.002156
243.000000 0.004162 0.004162
244.000000 0.004914 0.004914
245.000000 0.000257 0.000257
246.000000 0.000962 0.000962
247.000000 0.000619 0.000619
248.000000 0.002239 0.002239
249.000000 0.005338 0.005338
250.000000 0.005964 0.005964
251.000000 0.002136 0.002136
252.000000 0.001007 0.001007
253.000000 0.003775 0.003775
254.000000 0.006333 0.006333
255.000000 0.005521 0.005521
256.000000 0.000239 0.000239
257.000000 0.001327 0.001327
258.000000 0.001130 0.001130
259.000000 0.008742 0.008742
260.000000 0.001443 0.001443
261.000000 0.001554 0.001554
262.000000 0.003302 0.003302
263.000000 0.005386 0.005386
264.000000 0.000354 0.000354
265.000000 0.001976 0.001976
266.000000 0.008144 0.008144
267.000000 0.007114 0.007114
268.000000 0.003867 0.003867
269.000000 0.000354 0.000354
270.000000 0.000319 0.000319
271.000000 0.006961 0.006961
272.000000 0.004680 0.004680
273.000000 0.002193 0.002193
274.000000 0.000386 0.000386
275.000000 0.002706 0.002706
276.000000 0.004551 0.004551
277.000000 0.002009 0.002009
278.000000 0.000836 0.000836
279.000000 0.007552 0.007552
280.000000 0.000704 0.000704
281.000000 0.005316 0.005316
282.000000 0.016570 0.016570
283.000000 0.000767 0.000767
284.000000 0.006441 0.006441
285.000000 0.000819 0.000819
286.000000 0.005777 0.005777
287.000000 0.001044 0.001044
288.000000 0.003880 0.003880
289.000000 0.006318 0.006318
290.000000 0.002264 0.002264
291.000000 0.000203 0.000203
292.000000 0.000768 0.000768
293.000000 0.002070 0.002070
294.000000 0.005555 0.005555
295.000000 0.001518 0.001518
296.000000 0.004553 0.004553
297.000000 0.001443 0.001443
298.000000 0.000427 0.000427
299.000000 0.004912 0.004912
300.000000 0.002204 0.002204
301.000000 0.001167 0.001167
302.000000 0.001541 0.001541
303.000000 0.002194 0.002194
304.000000 0.003260 0.003260
305.000000 0.000131 0.000131
306.000000 0.006388 0.006388
307.000000 0.001715 0.001715
308.000000 0.001327 0.001327
309.000000 0.007225 0.007225
310.000000 0.001423 0.001423
311.000000 0.005578 0.005578
312.000000 0.001198 0.001198
313.000000 0.003303 0.003303
314.000000 0.005770 0.005770
315.000000 0.007129 0.007129
316.000000 0.004588 0.004588
317.000000 0.002250 0.002250
318.000000 0.002075 0.002075
319.000000 0.004237 0.004237
320.000000 0.000868 0.000868
321.000000 0.007691 0.007691
322.000000 0.001445 0.001445
323.000000 0.000575 0.000575
324.000000 0.009433 0.009433
325.000000 0.002311 0.002311
326.000000 0.005398 0.005398
327.000000 0.005291 0.005291
328.000000 0.005247 0.005247
329.000000 0.001772 0.001772
330.000000 0.000905 0.000905
331.000000 0.005035 0.005035
332.000000 0.001082 0.001082
333.000000 0.003095 0.003095
334.000000 0.007581 0.007581
335.000000 0.006969 0.006969
336.000000 0.004286 0.004286
337.000000 0.005328 0.005328
338.000000 0.006152 0.006152
339.000000 0.000550 0.000550
340.000000 0.001425 0.001425
341.000000 0.003518 0.003518
342.000000 0.004228 0.004228
343.000000 0.003723 0.003723
344.000000 0.008825 0.008825
345.000000 0.001204 0.001204
346.000000 0.005488 0.005488
347.000000 0.000872 0.000872
348.000000 0.004936 0.004936
349.000000 0.005629 0.005629
350.000000 0.001770 0.001770
351.000000 0.000528 0.000528
352.000000 0.000131 0.000131
353.000000 0.002214 0.002214
354.000000 0.005814 0.005814
355.000000 0.003232 0.003232
356.000000 0.001784 0.001784
357.000000 0.016685 0.016685
358.000000 0.004269 0.004269
359.000000 0.012047 0.012047
360.000000 0.003619 0.003619
361.000000 0.006266 0.006266
362.000000 0.000487 0.000487
363.000000 0.000211 0.000211
364.000000 0.000741 0.000741
365.000000 0.002471 0.002471
366.000000 0.005262 0.005262
367.000000 0.000553 0.000553
368.000000 0.001510 0.001510
369.000000 0.005717 0.005717
370.000000 0.001248 0.001248
371.000000 0.006923 0.006923
372.000000 0.002304 0.002304
373.000000 0.002962 0.002962
374.000000 0.005412 0.005412
375.000000 0.000133 0.000133
376.000000 0.008039 0.008039
377.000000 0.001703 0.001703
378.000000 0.000510 0.000510
379.000000 0.006044 0.006044
380.000000 0.001548 0.001548
381.000000 0.006407 0.006407
382.000000 0.003897 0.003897
383.000000 0.000991 0.000991
384.000000 0.006660 0.006660
385.000000 0.002760 0.002760
386.000000 0.004907 0.004907
387.000000 0.004484 0.004484
388.000000 0.002376 0.002376
389.000000 0.003236 0.003236
390.000000 0.002437 0.002437
391.000000 0.004246 0.004246
392.000000 0.000253 0.000253
393.000000 0.001772 0.001772
394.000000 0.004394 0.004394
395.000000 0.001700 0.001700
396.000000 0.004970 0.004970
397.000000 0.003534 0.003534
398.000000 0.002036 0.002036
399.000000 0.002533 0.002533
400.000000 0.000449 0.000449
401.000000 0.008072 0.008072
402.000000 0.003107 0.003107
403.000000 0.000176 0.000176
404.000000 0.007031 0.007031
405.000000 0.000896 0.000896
406.000000 0.008317 0.008317
407.000000 0.000374 0.000374
408.000000 0.001519 0.001519
409.000000 0.008785 0.008785
410.000000 0.000786 0.000786
411.000000 0.003129 0.003129
412.000000 0.003089 0.003089
413.000000 0.000852 0.000852
414.000000 0.005037 0.005037
415.000000 0.000790 0.000790
416.000000 0.006851 0.006851
417.000000 0.000989 0.000989
418.000000 0.001278 0.001278
419.000000 0.005618 0.005618
420.000000 0.001049 0.001049
421.000000 0.005521 0.005521
422.000000 0.001657 0.001657
423.000000 0.003062 0.003062
424.000000 0.004125 0.004125
425.000000 0.002830 0.002830
426.000000 0.001766 0.001766
427.000000 0.001311 0.001311
428.000000 0.005034 0.005034
429.000000 0.004148 0.004148
430.000000 0.001667 0.001667
431.000000 0.003205 0.003205
432.000000 0.009227 0.009227
433.000000 0.000447 0.000447
434.000000 0.001583 0.001583
435.000000 0.001208 0.001208
436.000000 0.004066 0.004066
437.000000 0.006340 0.006340
438.000000 0.000316 0.000316
439.000000 0.000815 0.000815
440.000000 0.001792 0.001792
441.000000 0.004524 0.004524
442.000000 0.005373 0.005373
443.000000 0.005277 0.005277
444.000000 0.004349 0.004349
445.000000 0.002201 0.002201
446.000000 0.008528 0.008528
447.000000 0.001703 0.001703
448.000000 0.005591 0.005591
449.000000 0.008149 0.008149
450.000000 0.000153 0.000153
451.000000 0.000316 0.000316
452.000000 0.002649 0.002649
453.000000 0.003664 0.003664
454.000000 0.003520 0.003520
455.000000 0.002444 0.002444
456.000000 0.007508 0.007508
457.000000 0.002453 0.002453
458.000000 0.000541 0.000541
459.000000 0.005144 0.005144
460.000000 0.000543 0.000543
461.000000 0.004094 0.004094
462.000000 0.003750 0.003750
463.000000 0.003175 0.003175
464.000000 0.004798 0.004798
465.000000 0.005431 0.005431
466.000000 0.007167 0.007167
467.000000 0.001779 0.001779
468.000000 0.003522 0.003522
469.000000 0.005215 0.005215
470.000000 0.005518 0.005518
471.000000 0.014543 0.014543
472.000000 0.004980 0.004980
473.000000 0.000880 0.000880
474.000000 0.009560 0.009560
475.000000 0.000609 0.000609
476.000000 0.005807 0.005807
477.000000 0.003094 0.003094
478.000000 0.002833 0.002833
479.000000 0.005728 0.005728
480.000000 0.000490 0.000490
481.000000 0.004647 0.004647
482.000000 0.001921 0.001921
483.000000 0.002718 0.002718
484.000000 0.009477 0.009477
485.000000 0.000831 0.000831
486.000000 0.005396 0.005396
487.000000 0.006207 0.006207
488.000000 0.004425 0.004425
489.000000 0.001735 0.001735
490.000000 0.007771 0.007771
491.000000 0.003019 0.003019
492.000000 0.004800 0.004800
493.000000 0.002243 0.002243
494.000000 0.006317 0.006317
495.000000 0.001719 0.001719
496.000000 0.007189 0.007189
497.000000 0.001755 0.001755
498.000000 0.004936 0.004936
499.000000 0.005386 0.005386
500.000000 0.000677 0.000677
501.000000 0.000534 0.000534
502.000000 0.001602 0.001602
503.000000 0.004046 0.004046
504.000000 0.003288 0.003288
505.000000 0.002359 0.002359
506.000000 0.001417 0.001417
507.000000 0.005273 0.005273
508.000000 0.000923 0.000923
509.000000 0.007876 0.007876
510.000000 0.002107 0.002107
511.000000 0.004036 0.004036
512.000000 0.002034 0.002034
513.000000 0.005575 0.005575
514.000000 0.009669 0.009669
515.000000 0.000645 0.000645
516.000000 0.003025 0.003025
517.000000 0.002049 0.002049
518.000000 0.002761 0.002761
519.000000 0.003267 0.003267
520.000000 0.002018 0.002018
521.000000 0.005535 0.005535
522.000000 0.003869 0.003869
523.000000 0.001386 0.001386
524.000000 0.008097 0.008097
525.000000 0.003084 0.003084
526.000000 0.013121 0.013121
527.000000 0.001290 0.001290
528.000000 0.003493 0.003493
529.000000 0.002822 0.002822
530.000000 0.000341 0.000341
531.000000 0.001106 0.001106
532.000000 0.000802 0.000802
533.000000 0.004257 0.004257
534.000000 0.004907 0.004907
535.000000 0.004452 0.004452
536.000000 0.003660 0.003660
537.000000 0.000762 0.000762
538.000000 0.001232 0.001232
539.000000 0.004017 0.004017
540.000000 0.001964 0.001964
541.000000 0.006474 0.006474
542.000000 0.003259 0.003259
543.000000 0.006055 0.006055
544.000000 0.006170 0.006170
545.000000 0.000188 0.000188
546.000000 0.007948 0.007948
547.000000 0.002911 0.002911
548.000000 0.002011 0.002011
549.000000 0.004874 0.004874
550.000000 0.001325 0.001325
551.000000 0.003439 0.003439
552.000000 0.004105 0.004105
553.000000 0.000429 0.000429
554.000000 0.004621 0.004621
555.000000 0.000227 0.000227
556.000000 0.006482 0.006482
557.000000 0.002037 0.002037
558.000000 0.001922 0.001922
559.000000 0.009195 0.009195
560.000000 0.000674 0.000674
561.000000 0.005627 0.005627
562.000000 0.003709 0.003709
563.000000 0.003792 0.003792
564.000000 0.004200 0.004200
565.000000 0.008095 0.008095
566.000000 0.003125 0.003125
567.000000 0.004399 0.004399
568.000000 0.008737 0.008737
569.000000 0.001868 0.001868
570.000000 0.002575 0.002575
571.000000 0.006492 0.006492
572.000000 0.001919 0.001919
573.000000 0.001237 0.001237
574.000000 0.000355 0.000355
575.000000 0.001207 0.001207
576.000000 0.006925 0.006925
577.000000 0.004368 0.004368
578.000000 0.003448 0.003448
579.000000 0.009002 0.009002
580.000000 0.000407 0.000407
581.000000 0.004778 0.004778
582.000000 0.002065 0.002065
583.000000 0.003106 0.003106
584.000000 0.004143 0.004143
585.000000 0.001099 0.001099
586.000000 0.004415 0.004415
587.000000 0.002072 0.002072
588.000000 0.000333 0.000333
589.000000 0.002148 0.002148
590.000000 0.000667 0.000667
591.000000 0.007599 0.007599
592.000000 0.001382 0.001382
593.000000 0.002200 0.002200
594.000000 0.004742 0.004742
595.000000 0.000674 0.000674
596.000000 0.005564 0.005564
597.000000 0.005789 0.005789
598.000000 0.002902 0.002902
599.000000 0.006407 0.006407
