Time 1-10.0.0.4-10.0.0.2 Aggregate-Flow
0.000000 0.011492 0.011492
1.000000 0.006587 0.006587
2.000000 0.002661 0.002661
3.000000 0.012419 0.012419
4.000000 0.004402 0.004402
5.000000 0.007022 0.007022
6.000000 0.015248 0.015248
7.000000 0.007683 0.007683
8.000000 0.003830 0.003830
9.000000 0.014834 0.014834
10.000000 0.001598 0.001598
11.000000 0.010031 0.010031
12.000000 0.002475 0.002475
13.000000 0.001204 0.001204
14.000000 0.007462 0.007462
15.000000 0.002818 0.002818
16.000000 0.006461 0.006461
17.000000 0.003069 0.003069
18.000000 0.014360 0.014360
19.000000 0.006550 0.006550
20.000000 0.008717 0.008717
21.000000 0.010304 0.010304
22.000000 0.004039 0.004039
23.000000 0.006388 0.006388
24.000000 0.003164 0.003164
25.000000 0.002506 0.002506
26.000000 0.000566 0.000566
27.000000 0.001630 0.001630
28.000000 0.006388 0.006388
29.000000 0.001301 0.001301
30.000000 0.005151 0.005151
31.000000 0.006221 0.006221
32.000000 0.002481 0.002481
33.000000 0.005461 0.005461
34.000000 0.003319 0.003319
35.000000 0.003454 0.003454
36.000000 0.005909 0.005909
37.000000 0.005345 0.005345
38.000000 0.006154 0.006154
39.000000 0.002433 0.002433
40.000000 0.007689 0.007689
41.000000 0.003716 0.003716
42.000000 0.004387 0.004387
43.000000 0.010727 0.010727
44.000000 0.001466 0.001466
45.000000 0.007825 0.007825
46.000000 0.000880 0.000880
47.000000 0.004883 0.004883
48.000000 0.005068 0.005068
49.000000 0.000824 0.000824
50.000000 0.003926 0.003926
51.000000 0.000711 0.000711
52.000000 0.005574 0.005574
53.000000 0.002207 0.002207
54.000000 0.001185 0.001185
55.000000 0.007047 0.007047
56.000000 0.001509 0.001509
57.000000 0.005184 0.005184
58.000000 0.005141 0.005141
59.000000 0.003579 0.003579
60.000000 0.004569 0.004569
61.000000 0.003929 0.003929
62.000000 0.001573 0.001573
63.000000 0.003175 0.003175
64.000000 0.000623 0.000623
65.000000 0.005917 0.005917
66.000000 0.002008 0.002008
67.000000 0.002825 0.002825
68.000000 0.007861 0.007861
69.000000 0.002514 0.002514
70.000000 0.005020 0.005020
71.000000 0.004940 0.004940
72.000000 0.021611 0.021611
73.000000 0.008020 0.008020
74.000000 0.002434 0.002434
75.000000 0.003782 0.003782
76.000000 0.006466 0.006466
77.000000 0.001887 0.001887
78.000000 0.004821 0.004821
79.000000 0.000317 0.000317
80.000000 0.001995 0.001995
81.000000 0.002736 0.002736
82.000000 0.000490 0.000490
83.000000 0.006159 0.006159
84.000000 0.011630 0.011630
85.000000 0.004280 0.004280
86.000000 0.009302 0.009302
87.000000 0.009386 0.009386
88.000000 0.004229 0.004229
89.000000 0.001201 0.001201
90.000000 0.007117 0.007117
91.000000 0.001207 0.001207
92.000000 0.003978 0.003978
93.000000 0.013327 0.013327
94.000000 0.001054 0.001054
95.000000 0.006857 0.006857
96.000000 0.006025 0.006025
97.000000 0.002551 0.002551
98.000000 0.005529 0.005529
99.000000 0.009366 0.009366
100.000000 0.006556 0.006556
101.000000 0.000504 0.000504
102.000000 0.002019 0.002019
103.000000 0.003972 0.003972
104.000000 0.003054 0.003054
105.000000 0.005731 0.005731
106.000000 0.000742 0.000742
107.000000 0.000210 0.000210
108.000000 0.007077 0.007077
109.000000 0.004253 0.004253
110.000000 0.005011 0.005011
111.000000 0.007386 0.007386
112.000000 0.003276 0.003276
113.000000 0.001888 0.001888
114.000000 0.009537 0.009537
115.000000 0.003401 0.003401
116.000000 0.006368 0.006368
117.000000 0.001234 0.001234
118.000000 0.000606 0.000606
119.000000 0.000313 0.000313
120.000000 0.008197 0.008197
121.000000 0.001627 0.001627
122.000000 0.003873 0.003873
123.000000 0.004153 0.004153
124.000000 0.001420 0.001420
125.000000 0.010588 0.010588
126.000000 0.000600 0.000600
127.000000 0.001062 0.001062
128.000000 0.010441 0.010441
129.000000 0.000244 0.000244
130.000000 0.004682 0.004682
131.000000 0.004488 0.004488
132.000000 0.006604 0.006604
133.000000 0.003665 0.003665
134.000000 0.003308 0.003308
135.000000 0.003402 0.003402
136.000000 0.004055 0.004055
137.000000 0.002067 0.002067
138.000000 0.000870 0.000870
139.000000 0.000849 0.000849
140.000000 0.005837 0.005837
141.000000 0.000718 0.000718
142.000000 0.002172 0.002172
143.000000 0.007393 0.007393
144.000000 0.001406 0.001406
145.000000 0.004038 0.004038
146.000000 0.006396 0.006396
147.000000 0.001275 0.001275
148.000000 0.004939 0.004939
149.000000 0.001260 0.001260
150.000000 0.005266 0.005266
151.000000 0.008844 0.008844
152.000000 0.005265 0.005265
153.000000 0.003180 0.003180
154.000000 0.000280 0.000280
155.000000 0.002197 0.002197
156.000000 0.000416 0.000416
157.000000 0.000406 0.000406
158.000000 0.006380 0.006380
159.000000 0.001405 0.001405
160.000000 0.006852 0.006852
161.000000 0.001803 0.001803
162.000000 0.000730 0.000730
163.000000 0.008926 0.008926
164.000000 0.007509 0.007509
165.000000 0.004376 0.004376
166.000000 0.000926 0.000926
167.000000 0.004428 0.004428
168.000000 0.006241 0.006241
169.000000 0.001264 0.001264
170.000000 0.007050 0.007050
171.000000 0.001304 0.001304
172.000000 0.001029 0.001029
173.000000 0.006151 0.006151
174.000000 0.000657 0.000657
175.000000 0.015469 0.015469
176.000000 0.001354 0.001354
177.000000 0.001211 0.001211
178.000000 0.004049 0.004049
179.000000 0.000340 0.000340
180.000000 0.001920 0.001920
181.000000 0.007280 0.007280
182.000000 0.002511 0.002511
183.000000 0.004059 0.004059
184.000000 0.019735 0.019735
185.000000 0.006343 0.006343
186.000000 0.000465 0.000465
187.000000 0.002749 0.002749
188.000000 0.005648 0.005648
189.000000 0.000795 0.000795
190.000000 0.000510 0.000510
191.000000 0.003495 0.003495
192.000000 0.000446 0.000446
193.000000 0.008450 0.008450
194.000000 0.001223 0.001223
195.000000 0.003223 0.003223
196.000000 0.011549 0.011549
197.000000 0.004729 0.004729
198.000000 0.000750 0.000750
199.000000 0.002222 0.002222
200.000000 0.005044 0.005044
201.000000 0.000502 0.000502
202.000000 0.004766 0.004766
203.000000 0.000149 0.000149
204.000000 0.000589 0.000589
205.000000 0.010000 0.010000
206.000000 0.007877 0.007877
207.000000 0.002171 0.002171
208.000000 0.008354 0.008354
209.000000 0.001765 0.001765
210.000000 0.004540 0.004540
211.000000 0.008201 0.008201
212.000000 0.006083 0.006083
213.000000 0.005673 0.005673
214.000000 0.001856 0.001856
215.000000 0.005973 0.005973
216.000000 0.000151 0.000151
217.000000 0.002353 0.002353
218.000000 0.006090 0.006090
219.000000 0.000896 0.000896
220.000000 0.003484 0.003484
221.000000 0.000473 0.000473
222.000000 0.000226 0.000226
223.000000 0.007722 0.007722
224.000000 0.005838 0.005838
225.000000 0.009138 0.009138
226.000000 0.003529 0.003529
227.000000 0.001347 0.001347
228.000000 0.003012 0.003012
229.000000 0.002113 0.002113
230.000000 0.003978 0.003978
231.000000 0.004796 0.004796
232.000000 0.006113 0.006113
233.000000 0.004053 0.004053
234.000000 0.001660 0.001660
235.000000 0.004804 0.004804
236.000000 0.003193 0.003193
237.000000 0.007391 0.007391
238.000000 0.005293 0.005293
239.000000 0.005866 0.005866
240.000000 0.007077 0.007077
241.000000 0.002736 0.002736
242.000000 0.001445 0.001445
243.000000 0.004601 0.004601
244.000000 0.000850 0.000850
245.000000 0.007202 0.007202
246.000000 0.000900 0.000900
247.000000 0.000318 0.000318
248.000000 0.009035 0.009035
249.000000 0.000514 0.000514
250.000000 0.004529 0.004529
251.000000 0.004163 0.004163
252.000000 0.003344 0.003344
253.000000 0.004898 0.004898
254.000000 0.000714 0.000714
255.000000 0.003318 0.003318
256.000000 0.003707 0.003707
257.000000 0.006385 0.006385
258.000000 0.003032 0.003032
259.000000 0.001809 0.001809
260.000000 0.004816 0.004816
261.000000 0.009222 0.009222
262.000000 0.000949 0.000949
263.000000 0.000863 0.000863
264.000000 0.001120 0.001120
265.000000 0.004729 0.004729
266.000000 0.001267 0.001267
267.000000 0.003046 0.003046
268.000000 0.004968 0.004968
269.000000 0.007170 0.007170
270.000000 0.001523 0.001523
271.000000 0.001289 0.001289
272.000000 0.003088 0.003088
273.000000 0.005284 0.005284
274.000000 0.000720 0.000720
275.000000 0.001976 0.001976
276.000000 0.006422 0.006422
277.000000 0.002211 0.002211
278.000000 0.005591 0.005591
279.000000 0.006416 0.006416
280.000000 0.000149 0.000149
281.000000 0.002716 0.002716
282.000000 0.003075 0.003075
283.000000 0.004585 0.004585
284.000000 0.003733 0.003733
285.000000 0.005983 0.005983
286.000000 0.000136 0.000136
287.000000 0.002031 0.002031
288.000000 0.003769 0.003769
289.000000 0.002254 0.002254
290.000000 0.010018 0.010018
291.000000 0.001598 0.001598
292.000000 0.002084 0.002084
293.000000 0.007749 0.007749
294.000000 0.000240 0.000240
295.000000 0.000589 0.000589
296.000000 0.006337 0.006337
297.000000 0.000779 0.000779
298.000000 0.006192 0.006192
299.000000 0.003374 0.003374
300.000000 0.000712 0.000712
301.000000 0.000721 0.000721
302.000000 0.003841 0.003841
303.000000 0.005969 0.005969
304.000000 0.005685 0.005685
305.000000 0.006795 0.006795
306.000000 0.000183 0.000183
307.000000 0.000765 0.000765
308.000000 0.006952 0.006952
309.000000 0.000150 0.000150
310.000000 0.005839 0.005839
311.000000 0.002037 0.002037
312.000000 0.005264 0.005264
313.000000 0.003617 0.003617
314.000000 0.000861 0.000861
315.000000 0.005550 0.005550
316.000000 0.001275 0.001275
317.000000 0.010556 0.010556
318.000000 0.003153 0.003153
319.000000 0.000745 0.000745
320.000000 0.007529 0.007529
321.000000 0.000471 0.000471
322.000000 0.006037 0.006037
323.000000 0.007022 0.007022
324.000000 0.002515 0.002515
325.000000 0.006055 0.006055
326.000000 0.000279 0.000279
327.000000 0.001461 0.001461
328.000000 0.002459 0.002459
329.000000 0.000791 0.000791
330.000000 0.006845 0.006845
331.000000 0.005487 0.005487
332.000000 0.001383 0.001383
333.000000 0.004786 0.004786
334.000000 0.031863 0.031863
335.000000 0.004921 0.004921
336.000000 0.001087 0.001087
337.000000 0.001889 0.001889
338.000000 0.003393 0.003393
339.000000 0.000103 0.000103
340.000000 0.000812 0.000812
341.000000 0.001791 0.001791
342.000000 0.003196 0.003196
343.000000 0.004363 0.004363
344.000000 0.002726 0.002726
345.000000 0.004177 0.004177
346.000000 0.011349 0.011349
347.000000 0.000122 0.000122
348.000000 0.004213 0.004213
349.000000 0.004410 0.004410
350.000000 0.004660 0.004660
351.000000 0.006338 0.006338
352.000000 0.001020 0.001020
353.000000 0.003554 0.003554
354.000000 0.001975 0.001975
355.000000 0.008254 0.008254
356.000000 0.005682 0.005682
357.000000 0.000164 0.000164
358.000000 0.000100 0.000100
359.000000 0.001545 0.001545
360.000000 0.003002 0.003002
361.000000 0.002923 0.002923
362.000000 0.003909 0.003909
363.000000 0.005886 0.005886
364.000000 0.001336 0.001336
365.000000 0.007477 0.007477
366.000000 0.003701 0.003701
367.000000 0.001518 0.001518
368.000000 0.001011 0.001011
369.000000 0.002352 0.002352
370.000000 0.000214 0.000214
371.000000 0.001761 0.001761
372.000000 0.005517 0.005517
373.000000 0.004767 0.004767
374.000000 0.000620 0.000620
375.000000 0.005732 0.005732
376.000000 0.004476 0.004476
377.000000 0.002796 0.002796
378.000000 0.004945 0.004945
379.000000 0.001123 0.001123
380.000000 0.011577 0.011577
381.000000 0.000842 0.000842
382.000000 0.002228 0.002228
383.000000 0.007290 0.007290
384.000000 0.001941 0.001941
385.000000 0.003546 0.003546
386.000000 0.008580 0.008580
387.000000 0.003172 0.003172
388.000000 0.005806 0.005806
389.000000 0.003592 0.003592
390.000000 0.003806 0.003806
391.000000 0.002930 0.002930
392.000000 0.003741 0.003741
393.000000 0.004702 0.004702
394.000000 0.001271 0.001271
395.000000 0.001913 0.001913
396.000000 0.005916 0.005916
397.000000 0.002317 0.002317
398.000000 0.006330 0.006330
399.000000 0.006781 0.006781
400.000000 0.003146 0.003146
401.000000 0.000639 0.000639
402.000000 0.001327 0.001327
403.000000 0.007565 0.007565
404.000000 0.000391 0.000391
405.000000 0.001321 0.001321
406.000000 0.000515 0.000515
407.000000 0.000433 0.000433
408.000000 0.005898 0.005898
409.000000 0.001155 0.001155
410.000000 0.002591 0.002591
411.000000 0.002997 0.002997
412.000000 0.000988 0.000988
413.000000 0.005741 0.005741
414.000000 0.003450 0.003450
415.000000 0.006859 0.006859
416.000000 0.004668 0.004668
417.000000 0.006045 0.006045
418.000000 0.004623 0.004623
419.000000 0.002288 0.002288
420.000000 0.004253 0.004253
421.000000 0.000733 0.000733
422.000000 0.002711 0.002711
423.000000 0.002565 0.002565
424.000000 0.000577 0.000577
425.000000 0.002809 0.002809
426.000000 0.004579 0.004579
427.000000 0.004056 0.004056
428.000000 0.000110 0.000110
429.000000 0.000349 0.000349
430.000000 0.002821 0.002821
431.000000 0.000182 0.000182
432.000000 0.002542 0.002542
433.000000 0.004326 0.004326
434.000000 0.000157 0.000157
435.000000 0.007758 0.007758
436.000000 0.000780 0.000780
437.000000 0.002296 0.002296
438.000000 0.005739 0.005739
439.000000 0.000403 0.000403
440.000000 0.002873 0.002873
441.000000 0.000707 0.000707
442.000000 0.000342 0.000342
443.000000 0.006516 0.006516
444.000000 0.000953 0.000953
445.000000 0.004633 0.004633
446.000000 0.002683 0.002683
447.000000 0.004279 0.004279
448.000000 0.008402 0.008402
449.000000 0.003032 0.003032
450.000000 0.006808 0.006808
451.000000 0.000603 0.000603
452.000000 0.000192 0.000192
453.000000 0.001478 0.001478
454.000000 0.002611 0.002611
455.000000 0.004627 0.004627
456.000000 0.001482 0.001482
457.000000 0.004409 0.004409
458.000000 0.008668 0.008668
459.000000 0.000227 0.000227
460.000000 0.005117 0.005117
461.000000 0.004319 0.004319
462.000000 0.003110 0.003110
463.000000 0.009035 0.009035
464.000000 0.002700 0.002700
465.000000 0.005695 0.005695
466.000000 0.011110 0.011110
467.000000 0.009867 0.009867
468.000000 0.001375 0.001375
469.000000 0.002010 0.002010
470.000000 0.010848 0.010848
471.000000 0.003821 0.003821
472.000000 0.003684 0.003684
473.000000 0.005202 0.005202
474.000000 0.002414 0.002414
475.000000 0.006897 0.006897
476.000000 0.006042 0.006042
477.000000 0.008524 0.008524
478.000000 0.006363 0.006363
479.000000 0.001852 0.001852
480.000000 0.004045 0.004045
481.000000 0.000606 0.000606
482.000000 0.007064 0.007064
483.000000 0.005845 0.005845
484.000000 0.000918 0.000918
485.000000 0.005964 0.005964
486.000000 0.000515 0.000515
487.000000 0.000755 0.000755
488.000000 0.009770 0.009770
489.000000 0.000931 0.000931
490.000000 0.005460 0.005460
491.000000 0.005300 0.005300
492.000000 0.000321 0.000321
493.000000 0.003321 0.003321
494.000000 0.000990 0.000990
495.000000 0.006228 0.006228
496.000000 0.000099 0.000099
497.000000 0.000452 0.000452
498.000000 0.005035 0.005035
499.000000 0.000859 0.000859
500.000000 0.011468 0.011468
501.000000 0.001582 0.001582
502.000000 0.003175 0.003175
503.000000 0.008800 0.008800
504.000000 0.000542 0.000542
505.000000 0.003875 0.003875
506.000000 0.000509 0.000509
507.000000 0.003674 0.003674
508.000000 0.000523 0.000523
509.000000 0.000291 0.000291
510.000000 0.005257 0.005257
511.000000 0.000129 0.000129
512.000000 0.002415 0.002415
513.000000 0.008749 0.008749
514.000000 0.001186 0.001186
515.000000 0.003998 0.003998
516.000000 0.000234 0.000234
517.000000 0.001635 0.001635
518.000000 0.001490 0.001490
519.000000 0.000309 0.000309
520.000000 0.010517 0.010517
521.000000 0.005460 0.005460
522.000000 0.001948 0.001948
523.000000 0.007784 0.007784
524.000000 0.001825 0.001825
525.000000 0.001214 0.001214
526.000000 0.000221 0.000221
527.000000 0.003377 0.003377
528.000000 0.005293 0.005293
529.000000 0.007452 0.007452
530.000000 0.005894 0.005894
531.000000 0.000279 0.000279
532.000000 0.000519 0.000519
533.000000 0.000686 0.000686
534.000000 0.008575 0.008575
535.000000 0.005361 0.005361
536.000000 0.004180 0.004180
537.000000 0.000275 0.000275
538.000000 0.008418 0.008418
539.000000 0.002882 0.002882
540.000000 0.008282 0.008282
541.000000 0.005010 0.005010
542.000000 0.000981 0.000981
543.000000 0.000710 0.000710
544.000000 0.003662 0.003662
545.000000 0.006399 0.006399
546.000000 0.000939 0.000939
547.000000 0.000897 0.000897
548.000000 0.004218 0.004218
549.000000 0.001398 0.001398
550.000000 0.004490 0.004490
551.000000 0.005725 0.005725
552.000000 0.003773 0.003773
553.000000 0.009708 0.009708
554.000000 0.001351 0.001351
555.000000 0.004703 0.004703
556.000000 0.003410 0.003410
557.000000 0.002875 0.002875
558.000000 0.003828 0.003828
559.000000 0.000511 0.000511
560.000000 0.006990 0.006990
561.000000 0.000622 0.000622
562.000000 0.003332 0.003332
563.000000 0.002663 0.002663
564.000000 0.000346 0.000346
565.000000 0.006499 0.006499
566.000000 0.001831 0.001831
567.000000 0.000836 0.000836
568.000000 0.005730 0.005730
569.000000 0.002046 0.002046
570.000000 0.004839 0.004839
571.000000 0.002679 0.002679
572.000000 0.002823 0.002823
573.000000 0.004455 0.004455
574.000000 0.000843 0.000843
575.000000 0.000752 0.000752
576.000000 0.000580 0.000580
577.000000 0.003551 0.003551
578.000000 0.003358 0.003358
579.000000 0.001554 0.001554
580.000000 0.003511 0.003511
581.000000 0.003988 0.003988
582.000000 0.002279 0.002279
583.000000 0.005508 0.005508
584.000000 0.000847 0.000847
585.000000 0.005753 0.005753
586.000000 0.002606 0.002606
587.000000 0.000909 0.000909
588.000000 0.001632 0.001632
589.000000 0.000330 0.000330
590.000000 0.005318 0.005318
591.000000 0.003433 0.003433
592.000000 0.001155 0.001155
593.000000 0.010884 0.010884
594.000000 0.000508 0.000508
595.000000 0.004272 0.004272
596.000000 0.003942 0.003942
597.000000 0.006190 0.006190
598.000000 0.005331 0.005331
599.000000 0.010806 0.010806
